  0.0000000000E+000  0.0000000000E+000
  1.7007962849E+003  1.4371500154E+040
  3.4022575400E+003  4.9717311290E+040
  5.1032541672E+003  9.8429369325E+040
  6.8050967062E+003  1.5653559172E+041
  8.5069211006E+003  2.2098203971E+041
  1.0209522589E+004  2.8925115580E+041
  1.1906796971E+004  3.5888837461E+041
  1.3609014693E+004  4.2842242941E+041
  1.5316538888E+004  4.9626575595E+041
  1.7017219475E+004  5.6064968209E+041
  1.8716455153E+004  6.2081518012E+041
  2.0424272639E+004  6.7638467118E+041
  2.2126917287E+004  7.2645565248E+041
  2.3827428943E+004  7.7093457872E+041
  2.5538791883E+004  8.0997034172E+041
  2.7242466144E+004  8.4320870167E+041
  2.8926128607E+004  8.7075736165E+041
  3.0639841142E+004  8.9374234963E+041
  3.2335724248E+004  9.1189136591E+041
  3.4051179337E+004  9.2607131772E+041
  3.5770621028E+004  9.3656111940E+041
  3.7438426217E+004  9.4363905087E+041
  3.9150505134E+004  9.4818708252E+041
  4.0854694059E+004  9.5035370536E+041
  4.2578176757E+004  9.5039617511E+041
  4.4263765622E+004  9.4860892440E+041
  4.5998992610E+004  9.4513609182E+041
  4.7671539062E+004  9.4048622192E+041
  4.9378014785E+004  9.3465647793E+041
  5.1115118670E+004  9.2781454107E+041
  5.2814536155E+004  9.2042464955E+041
  5.4530274448E+004  9.1243643156E+041
  5.6186938794E+004  9.0436026018E+041
  5.7917456036E+004  8.9566963019E+041
  5.9648931903E+004  8.8677974108E+041
  6.1295626664E+004  8.7818791216E+041
  6.3008400466E+004  8.6917347214E+041
  6.4704183805E+004  8.6023099294E+041
  6.6466171753E+004  8.5097226846E+041
  6.8111314343E+004  8.4239587623E+041
  6.9810485807E+004  8.3366100265E+041
  7.1520485807E+004  8.2502768405E+041
  7.3230485807E+004  8.1657959190E+041
  7.4898800236E+004  8.0853385724E+041
  7.6612781190E+004  8.0047622140E+041
  7.8298286884E+004  7.9277384998E+041
  7.9949687814E+004  7.8544600007E+041
  8.1649544195E+004  7.7812712689E+041
  8.3326759200E+004  7.7113776373E+041
  8.5026038478E+004  7.6429372807E+041
  8.6710798625E+004  7.5773715331E+041
  8.8404985294E+004  7.5137335776E+041
  9.0102186418E+004  7.4524125779E+041
  9.1801527991E+004  7.3930003444E+041
  9.3501166665E+004  7.3353283947E+041
  9.5201942944E+004  7.2791681428E+041
  9.6901652072E+004  7.2244313080E+041
  9.8601407536E+004  7.1709377744E+041
  1.0030162580E+005  7.1185428077E+041
  1.0200114067E+005  7.0671628506E+041
  1.0370208838E+005  7.0166272262E+041
  1.0540149657E+005  6.9669275734E+041
  1.0710109606E+005  6.9179602461E+041
  1.0880194114E+005  6.8698420236E+041
  1.1050201251E+005  6.8227463919E+041
  1.1220204889E+005  6.7766962324E+041
  1.1390119545E+005  6.7317163934E+041
  1.1560112282E+005  6.6877374256E+041
  1.1730130359E+005  6.6447357263E+041
  1.1900141718E+005  6.6026664773E+041
  1.2070131389E+005  6.5614740273E+041
  1.2240115779E+005  6.5210935135E+041
  1.2410143971E+005  6.4814440829E+041
  1.2580150310E+005  6.4424731269E+041
  1.2750162353E+005  6.4041053621E+041
  1.2920096820E+005  6.3662875683E+041
  1.3090093724E+005  6.3289187241E+041
  1.3260125007E+005  6.2919416166E+041
  1.3430136923E+005  6.2552990912E+041
  1.3600141488E+005  6.2189264157E+041
  1.3770144664E+005  6.1827621596E+041
  1.3940143333E+005  6.1467507588E+041
  1.4110120534E+005  6.1108395248E+041
  1.4280123469E+005  6.0749863391E+041
  1.4450115019E+005  6.0391721219E+041
  1.4620128471E+005  6.0033687818E+041
  1.4790123027E+005  5.9675797584E+041
  1.4960134196E+005  5.9318114644E+041
  1.5130129576E+005  5.8960852167E+041
  1.5300078725E+005  5.8604321279E+041
  1.5470093894E+005  5.8248545431E+041
  1.5640100985E+005  5.7893966534E+041
  1.5810066596E+005  5.7540913314E+041
  1.5980087450E+005  5.7189490515E+041
  1.6150112229E+005  5.6840067648E+041
  1.6320108318E+005  5.6493032642E+041
  1.6490100610E+005  5.6148591254E+041
  1.6660098212E+005  5.5806987985E+041
  1.6830108526E+005  5.5468460332E+041
  1.7000132002E+005  5.5133227687E+041
  1.7170150711E+005  5.4801572537E+041
  1.7340091869E+005  5.4473793252E+041
  1.7510150212E+005  5.4149782876E+041
  1.7680145760E+005  5.3829986103E+041
  1.7850089391E+005  5.3514603745E+041
  1.8020157672E+005  5.3203395150E+041
  1.8190086546E+005  5.2897038163E+041
  1.8360101180E+005  5.2595214325E+041
  1.8530108823E+005  5.2298227109E+041
  1.8700120691E+005  5.2006121258E+041
  1.8870101087E+005  5.1718954842E+041
  1.9040117737E+005  5.1436556271E+041
  1.9210138878E+005  5.1158938286E+041
  1.9380115581E+005  5.0886147735E+041
  1.9550146721E+005  5.0617984027E+041
  1.9720087917E+005  5.0354625560E+041
  1.9890117972E+005  5.0095759273E+041
  2.0060076890E+005  4.9841528242E+041
  2.0230133167E+005  4.9591682250E+041
  2.0400093508E+005  4.9346452702E+041
  2.0570079023E+005  4.9105621182E+041
  2.0740085780E+005  4.8869157585E+041
  2.0910101224E+005  4.8637043527E+041
  2.1080107188E+005  4.8409260427E+041
  2.1250123486E+005  4.8185752168E+041
  2.1420132115E+005  4.7966514798E+041
  2.1590083826E+005  4.7751578431E+041
  2.1760081370E+005  4.7540782618E+041
  2.1930112012E+005  4.7334118318E+041
  2.2100104282E+005  4.7131622119E+041
  2.2270118005E+005  4.6933228617E+041
  2.2440076109E+005  4.6738989357E+041
  2.2610078147E+005  4.6548766580E+041
  2.2780075107E+005  4.6362594063E+041
  2.2950115627E+005  4.6180398471E+041
  2.3120106452E+005  4.6002232248E+041
  2.3290087578E+005  4.5828072463E+041
  2.3460114319E+005  4.5657828832E+041
  2.3630113724E+005  4.5491557090E+041
  2.3800074559E+005  4.5329249537E+041
  2.3970108434E+005  4.5170785612E+041
  2.4140081321E+005  4.5016261505E+041
  2.4310118358E+005  4.4865560742E+041
  2.4480120962E+005  4.4718760578E+041
  2.4650088422E+005  4.4575847214E+041
  2.4820076737E+005  4.4436761886E+041
  2.4990059665E+005  4.4301516137E+041
  2.5160099874E+005  4.4170021249E+041
  2.5330111060E+005  4.4042383163E+041
  2.5500102292E+005  4.3918567594E+041
  2.5670094725E+005  4.3798551320E+041
  2.5840082645E+005  4.3682331834E+041
  2.6010082244E+005  4.3569874276E+041
  2.6180143855E+005  4.3461163989E+041
  2.6350078058E+005  4.3356310116E+041
  2.6520081996E+005  4.3255189830E+041
  2.6690092722E+005  4.3157833046E+041
  2.6860117593E+005  4.3064233665E+041
  2.7030134265E+005  4.2974386233E+041
  2.7200128310E+005  4.2888321778E+041
  2.7370074026E+005  4.2806055021E+041
  2.7540089584E+005  4.2727501960E+041
  2.7710111234E+005  4.2652706941E+041
  2.7880111284E+005  4.2581683936E+041
  2.8050118482E+005  4.2514398638E+041
  2.8220099213E+005  4.2450892073E+041
  2.8390106077E+005  4.2391138000E+041
  2.8560129001E+005  4.2335142584E+041
  2.8730119963E+005  4.2282924228E+041
  2.8900138666E+005  4.2234465643E+041
  2.9070128449E+005  4.2189765125E+041
  2.9240096760E+005  4.2148852228E+041
  2.9410106702E+005  4.2111705296E+041
  2.9580106687E+005  4.2078341521E+041
  2.9750110667E+005  4.2048762191E+041
  2.9920075642E+005  4.2022977637E+041
  3.0090084754E+005  4.2000958464E+041
  3.0260077696E+005  4.1982747924E+041
  3.0430107779E+005  4.1968350668E+041
  3.0600080512E+005  4.1957750244E+041
  3.0770117419E+005  4.1950959744E+041
  3.0940104583E+005  4.1947990654E+041
  3.1110097653E+005  4.1948820933E+041
  3.1280091909E+005  4.1953492968E+041
  3.1450094257E+005  4.1961999605E+041
  3.1620104425E+005  4.1974348030E+041
  3.1790117562E+005  4.1990544371E+041
  3.1960108681E+005  4.2010592585E+041
  3.2130084362E+005  4.2034471287E+041
  3.2300097726E+005  4.2062232976E+041
  3.2470120333E+005  4.2093867467E+041
  3.2640134428E+005  4.2129377985E+041
  3.2810128389E+005  4.2168767734E+041
  3.2980101393E+005  4.2212041194E+041
  3.3150133476E+005  4.2259199667E+041
  3.3320103635E+005  4.2310255463E+041
  3.3490108481E+005  4.2365228253E+041
  3.3660093879E+005  4.2424103706E+041
  3.3830086193E+005  4.2486896141E+041
  3.4000209252E+005  4.2553682732E+041
  3.4170097409E+005  4.2624306586E+041
  3.4340099478E+005  4.2698933750E+041
  3.4510164719E+005  4.2777543941E+041
  3.4680162439E+005  4.2860075862E+041
  3.4850119810E+005  4.2946536147E+041
  3.5020151300E+005  4.3036967328E+041
  3.5190095150E+005  4.3131304012E+041
  3.5360123080E+005  4.3229632626E+041
  3.5530150200E+005  4.3331909071E+041
  3.5700159037E+005  4.3438123138E+041
  3.5870128660E+005  4.3548263108E+041
  3.6040176660E+005  4.3662389378E+041
  3.6210107738E+005  4.3780393374E+041
  3.6380115850E+005  4.3902400769E+041
  3.6550106958E+005  4.4028347002E+041
  3.6720127938E+005  4.4158265435E+041
  3.6890174540E+005  4.4292154045E+041
  3.7060188118E+005  4.4429945858E+041
  3.7230186551E+005  4.4571676282E+041
  3.7400169545E+005  4.4717331971E+041
  3.7570162744E+005  4.4866930179E+041
  3.7740097524E+005  4.5020409226E+041
  3.7910117253E+005  4.5177899416E+041
  3.8080151727E+005  4.5339329006E+041
  3.8250118730E+005  4.5504667428E+041
  3.8420123253E+005  4.5674043264E+041
  3.8590177764E+005  4.5847566875E+041
  3.8760148128E+005  4.6025346460E+041
  3.8930172743E+005  4.6207653798E+041
  3.9100188790E+005  4.6394375345E+041
  3.9270097718E+005  4.6585353945E+041
  3.9440112456E+005  4.6780811855E+041
  3.9610163070E+005  4.6980721046E+041
  3.9780164300E+005  4.7185048753E+041
  3.9950197571E+005  4.7393964190E+041
  4.0120159213E+005  4.7607387320E+041
  4.0290202779E+005  4.7825620162E+041
  4.0460131772E+005  4.8048455794E+041
  4.0630158100E+005  4.8276168047E+041
  4.0800178785E+005  4.8508679441E+041
  4.0970126178E+005  4.8745923354E+041
  4.1140212839E+005  4.8988215996E+041
  4.1310136111E+005  4.9235162159E+041
  4.1480248693E+005  4.9487311820E+041
  4.1650205843E+005  4.9744216089E+041
  4.1820219526E+005  5.0006242634E+041
  4.1990155982E+005  5.0273251948E+041
  4.2160282898E+005  5.0545698871E+041
  4.2330199415E+005  5.0823034944E+041
  4.2500178533E+005  5.1105738848E+041
  4.2670154699E+005  5.1393756038E+041
  4.2840219250E+005  5.1687300101E+041
  4.3010215864E+005  5.1986131609E+041
  4.3180229143E+005  5.2290475256E+041
  4.3350174592E+005  5.2600208821E+041
  4.3520254649E+005  5.2915752759E+041
  4.3690204525E+005  5.3236663337E+041
  4.3860153784E+005  5.3563223669E+041
  4.4030230469E+005  5.3895705991E+041
  4.4200158168E+005  5.4233659035E+041
  4.4370278481E+005  5.4577789809E+041
  4.4540283284E+005  5.4927524093E+041
  4.4710295712E+005  5.5283156182E+041
  4.4880157974E+005  5.5644410994E+041
  4.5050211775E+005  5.6012041555E+041
  4.5220265738E+005  5.6385705707E+041
  4.5390170491E+005  5.6765102057E+041
  4.5560227397E+005  5.7150951205E+041
  4.5730263506E+005  5.7542918421E+041
  4.5900174863E+005  5.7940806791E+041
  4.6070210817E+005  5.8345241745E+041
  4.6240178905E+005  5.8755806869E+041
  4.6410358278E+005  5.9173281293E+041
  4.6580224587E+005  5.9596390183E+041
  4.6750266606E+005  6.0026398124E+041
  4.6920300440E+005  6.0462919259E+041
  4.7090312498E+005  6.0905954401E+041
  4.7260257519E+005  6.1355453959E+041
  4.7430339201E+005  6.1812007320E+041
  4.7600291874E+005  6.2274964613E+041
  4.7770382681E+005  6.2745108997E+041
  4.7940314251E+005  6.3221681570E+041
  4.8110391621E+005  6.3705577239E+041
  4.8280260459E+005  6.4195865691E+041
  4.8450383357E+005  6.4693959202E+041
  4.8620324896E+005  6.5198639074E+041
  4.8790403652E+005  6.5710912468E+041
  4.8960358217E+005  6.6230062273E+041
  4.9130410610E+005  6.6756802309E+041
  4.9300412209E+005  6.7290800191E+041
  4.9470422695E+005  6.7832282579E+041
  4.9640237700E+005  6.8380655341E+041
  4.9810256751E+005  6.8937286761E+041
  4.9980332224E+005  6.9501778142E+041
  5.0150407495E+005  7.0074040332E+041
  5.0320360428E+005  7.0653725225E+041
  5.0490388842E+005  7.1241558276E+041
  5.0660333856E+005  7.1837094665E+041
  5.0830435478E+005  7.2441248132E+041
  5.1000367110E+005  7.3052920498E+041
  5.1170275298E+005  7.3672757808E+041
  5.1340445344E+005  7.4301873534E+041
  5.1510249981E+005  7.4938020146E+041
  5.1680346485E+005  7.5583819916E+041
  5.1850360875E+005  7.6237823250E+041
  5.2020446252E+005  7.6900816177E+041
  5.2190345594E+005  7.7571873741E+041
  5.2360457323E+005  7.8252627434E+041
  5.2530349450E+005  7.8941501830E+041
  5.2700518235E+005  7.9640578028E+041
  5.2870533088E+005  8.0348175573E+041
  5.3040451198E+005  8.1064696523E+041
  5.3210425371E+005  8.1790814774E+041
  5.3380453051E+005  8.2526656104E+041
  5.3550424748E+005  8.3271869159E+041
  5.3720414155E+005  8.4026859286E+041
  5.3890462744E+005  8.4791939792E+041
  5.4060515484E+005  8.5566977587E+041
  5.4230381700E+005  8.6351213488E+041
  5.4400506950E+005  8.7146807440E+041
  5.4570573657E+005  8.7952418595E+041
  5.4740482224E+005  8.8767701236E+041
  5.4910609008E+005  8.9594564925E+041
  5.5080432517E+005  9.0430602494E+041
  5.5250399076E+005  9.1278144523E+041
  5.5420405941E+005  9.2136840341E+041
  5.5590431095E+005  9.3006717326E+041
  5.5760564056E+005  9.3888362899E+041
  5.5930358248E+005  9.4779547566E+041
  5.6100457466E+005  9.5683754868E+041
  5.6270367045E+005  9.6598507327E+041
  5.6440344371E+005  9.7525323618E+041
  5.6610306809E+005  9.8463898943E+041
  5.6780517654E+005  9.9415870998E+041
  5.6950359938E+005  1.0037792865E+042
  5.7120428675E+005  1.0135357946E+042
  5.7290592690E+005  1.0234230520E+042
  5.7460388075E+005  1.0334155962E+042
  5.7630553959E+005  1.0435596246E+042
  5.7800617382E+005  1.0538268787E+042
  5.7970689795E+005  1.0642276788E+042
  5.8140486837E+005  1.0747470076E+042
  5.8310738291E+005  1.0854307710E+042
  5.8480427654E+005  1.0962195890E+042
  5.8650454136E+005  1.1071708241E+042
  5.8820489738E+005  1.1182671232E+042
  5.8990572486E+005  1.1295130471E+042
  5.9160387409E+005  1.1408913144E+042
  5.9330468358E+005  1.1524391313E+042
  5.9500781842E+005  1.1641581204E+042
  5.9670546545E+005  1.1759971756E+042
  5.9840612400E+005  1.1880185017E+042
  6.0010660073E+005  1.2002027929E+042
  6.0180430564E+005  1.2125341053E+042
  6.0350640234E+005  1.2250688538E+042
  6.0520746376E+005  1.2377704467E+042
  6.0690565218E+005  1.2506284413E+042
  6.0860660255E+005  1.2636886986E+042
  6.1030701485E+005  1.2769306137E+042
  6.1200703533E+005  1.2903590355E+042
  6.1370613219E+005  1.3039731663E+042
  6.1540526972E+005  1.3177848039E+042
  6.1710570550E+005  1.3318079697E+042
  6.1880782106E+005  1.3460507034E+042
  6.2050713678E+005  1.3604789509E+042
  6.2220509704E+005  1.3751085082E+042
  6.2390673808E+005  1.3899870964E+042
  6.2560636758E+005  1.4050695342E+042
  6.2730537604E+005  1.4203722768E+042
  6.2900502691E+005  1.4359107534E+042
  6.3070438903E+005  1.4516809139E+042
  6.3240525360E+005  1.4677040302E+042
  6.3410607873E+005  1.4839824124E+042
  6.3580857438E+005  1.5005216068E+042
  6.3750731401E+005  1.5172647026E+042
  6.3920477770E+005  1.5342520909E+042
  6.4090503881E+005  1.5515252852E+042
  6.4260744487E+005  1.5690851941E+042
  6.4430626736E+005  1.5868776124E+042
  6.4600910653E+005  1.6049855913E+042
  6.4770924207E+005  1.6233430145E+042
  6.4940580019E+005  1.6419416032E+042
  6.5110982923E+005  1.6609093942E+042
  6.5280816086E+005  1.6801041628E+042
  6.5450981657E+005  1.6996307497E+042
  6.5620713440E+005  1.7194064720E+042
  6.5790996942E+005  1.7395506362E+042
  6.5960879104E+005  1.7599557552E+042
  6.6130578611E+005  1.7806512016E+042
  6.6300712210E+005  1.8017173203E+042
  6.6470732264E+005  1.8230924992E+042
  6.6641087509E+005  1.8448391898E+042
  6.6810845317E+005  1.8668424356E+042
  6.6980755368E+005  1.8892036209E+042
  6.7151007214E+005  1.9119544215E+042
  6.7321111407E+005  1.9350355087E+042
  6.7490600418E+005  1.9583867240E+042
  6.7661044825E+005  1.9822311470E+042
  6.7831091249E+005  2.0063867652E+042
  6.8000932861E+005  2.0308848120E+042
  6.8170736191E+005  2.0557543454E+042
  6.8340934433E+005  2.0810662704E+042
  6.8511037353E+005  2.1067535755E+042
  6.8680776663E+005  2.1327810526E+042
  6.8851102181E+005  2.1593023783E+042
  6.9020782499E+005  2.1861333626E+042
  6.9190606340E+005  2.2134047276E+042
  6.9361098559E+005  2.2412114406E+042
  6.9530895487E+005  2.2693386537E+042
  6.9700616714E+005  2.2978936523E+042
  6.9870755884E+005  2.3269684620E+042
  7.0040667846E+005  2.3564617363E+042
  7.0210953993E+005  2.3864859367E+042
  7.0380646940E+005  2.4168769409E+042
  7.0550656148E+005  2.4478041833E+042
  7.0720808942E+005  2.4792461218E+042
  7.0890841154E+005  2.5111595363E+042
  7.1060924294E+005  2.5435872805E+042
  7.1230854337E+005  2.5764973372E+042
  7.1400645784E+005  2.6098977710E+042
  7.1571123883E+005  2.6440132242E+042
  7.1740867547E+005  2.6786302981E+042
  7.1911093021E+005  2.7136078531E+042
  7.2081203484E+005  2.7493601713E+042
  7.2251284939E+005  2.7856233073E+042
  7.2421228838E+005  2.8223856906E+042
  7.2591230270E+005  2.8597204489E+042
  7.2760901559E+005  2.8975559349E+042
  7.2930773130E+005  2.9360204765E+042
  7.3101220925E+005  2.9752132366E+042
  7.3271105861E+005  3.0148827475E+042
  7.3441011713E+005  3.0551718651E+042
  7.3610848927E+005  3.0960686578E+042
  7.3781224771E+005  3.1377327385E+042
  7.3951076694E+005  3.1799144246E+042
  7.4120925094E+005  3.2227493844E+042
  7.4290984739E+005  3.2663033948E+042
  7.4460825116E+005  3.3104774309E+042
  7.4630803324E+005  3.3553749202E+042
  7.4800753107E+005  3.4009632016E+042
  7.4971104757E+005  3.4473709085E+042
  7.5140878092E+005  3.4943402918E+042
  7.5310966405E+005  3.5421272668E+042
  7.5481094202E+005  3.5906679637E+042
  7.5651247672E+005  3.6399708107E+042
  7.5821421655E+005  3.6900462564E+042
  7.5991187112E+005  3.7407779636E+042
  7.6161382994E+005  3.7924280274E+042
  7.6331378896E+005  3.8448189293E+042
  7.6501410619E+005  3.8980344856E+042
  7.6671348916E+005  3.9520470489E+042
  7.6841117577E+005  4.0068440470E+042
  7.7010983791E+005  4.0625245779E+042
  7.7181227986E+005  4.1191978180E+042
  7.7350887079E+005  4.1765556548E+042
  7.7520834338E+005  4.2349055277E+042
  7.7691119096E+005  4.2942841210E+042
  7.7860997211E+005  4.3544467097E+042
  7.8031048454E+005  4.4156123454E+042
  7.8201183712E+005  4.4777671055E+042
  7.8370634876E+005  4.5405767814E+042
  7.8540647563E+005  4.6045220201E+042
  7.8710911514E+005  4.6697506233E+042
  7.8880994402E+005  4.7359620741E+042
  7.9051025652E+005  4.8031314183E+042
  7.9221022597E+005  4.8713421231E+042
  7.9390948276E+005  4.9405981602E+042
  7.9561246686E+005  5.0110999651E+042
  7.9731364494E+005  5.0826460075E+042
  7.9901581555E+005  5.1553737027E+042
  8.0070859913E+005  5.2288448061E+042
  8.0241008916E+005  5.3038644507E+042
  8.0411448679E+005  5.3802153317E+042
  8.0581242585E+005  5.4574946023E+042
  8.0751640729E+005  5.5362866167E+042
  8.0921294061E+005  5.6159860321E+042
  8.1091331636E+005  5.6971420336E+042
  8.1261057922E+005  5.7794437888E+042
  8.1431484494E+005  5.8634066840E+042
  8.1601559012E+005  5.9485414003E+042
  8.1771573276E+005  6.0350127477E+042
  8.1941574140E+005  6.1228645988E+042
  8.2111293386E+005  6.2119761813E+042
  8.2281641602E+005  6.3028541161E+042
  8.2450972235E+005  6.3946401173E+042
  8.2620832609E+005  6.4881912400E+042
  8.2791313752E+005  6.5835975039E+042
  8.2961382163E+005  6.6803095052E+042
  8.3131533217E+005  6.7786308460E+042
  8.3301640283E+005  6.8785153119E+042
  8.3470991495E+005  6.9795603492E+042
  8.3641374138E+005  7.0828644602E+042
  8.3810908549E+005  7.1873191697E+042
  8.3981590773E+005  7.2941875933E+042
  8.4151013622E+005  7.4019821517E+042
  8.4320894351E+005  7.5118109029E+042
  8.4491499852E+005  7.6239352391E+042
  8.4661528479E+005  7.7374921420E+042
  8.4831558165E+005  7.8528961150E+042
  8.5001801061E+005  7.9703326248E+042
  8.5171383648E+005  8.0892249508E+042
  8.5341439567E+005  8.2103962586E+042
  8.5511004772E+005  8.3331934685E+042
  8.5681260184E+005  8.4585114117E+042
  8.5851325996E+005  8.5857465961E+042
  8.6021441113E+005  8.7151097693E+042
  8.6191735233E+005  8.8467412393E+042
  8.6361476101E+005  8.9801048783E+042
  8.6531475353E+005  9.1158664894E+042
  8.6701706048E+005  9.2540496063E+042
  8.6871150699E+005  9.3938562021E+042
  8.7041106792E+005  9.5363867436E+042
  8.7211588361E+005  9.6817176283E+042
  8.7381459357E+005  9.8289198467E+042
  8.7551843112E+005  9.9790067550E+042
  8.7721402154E+005  1.0130837053E+043
  8.7891773419E+005  1.0285922284E+043
  8.8061839564E+005  1.0443298845E+043
  8.8231125269E+005  1.0602543694E+043
  8.8401338987E+005  1.0765314441E+043
  8.8572239472E+005  1.0931469279E+043
  8.8741254103E+005  1.1098531093E+043
  8.8911172364E+005  1.1269283982E+043
  8.9082062449E+005  1.1443891274E+043
  8.9251185665E+005  1.1619584900E+043
  8.9421465801E+005  1.1799441356E+043
  8.9591344162E+005  1.1981890735E+043
  8.9761259474E+005  1.2167451082E+043
  8.9931341469E+005  1.2356326408E+043
  9.0101372432E+005  1.2548337138E+043
  9.0271919440E+005  1.2744199994E+043
  9.0441348621E+005  1.2942086583E+043
  9.0612065716E+005  1.3144878745E+043
  9.0781539907E+005  1.3349743176E+043
  9.0951734489E+005  1.3558869740E+043
  9.1121720560E+005  1.3771340487E+043
  9.1291215097E+005  1.3986841553E+043
  9.1461540729E+005  1.4207145199E+043
  9.1631529697E+005  1.4430827588E+043
  9.1801332332E+005  1.4658148537E+043
  9.1971378598E+005  1.4889763604E+043
  9.2141042039E+005  1.5124964177E+043
  9.2311734823E+005  1.5365708281E+043
  9.2481782582E+005  1.5609750536E+043
  9.2652173466E+005  1.5858579048E+043
  9.2821450207E+005  1.6110231815E+043
  9.2991838997E+005  1.6368084437E+043
  9.3161536190E+005  1.6629516623E+043
  9.3331381400E+005  1.6895894642E+043
  9.3502252952E+005  1.7168757091E+043
  9.3672364029E+005  1.7445377827E+043
  9.3841866650E+005  1.7726054600E+043
  9.4011995804E+005  1.8012939125E+043
  9.4182534850E+005  1.8305823491E+043
  9.4352683272E+005  1.8603449658E+043
  9.4522330938E+005  1.8905703965E+043
  9.4691608384E+005  1.9212897788E+043
  9.4862050741E+005  1.9527975878E+043
  9.5032266715E+005  1.9848531688E+043
  9.5201550593E+005  2.0173295267E+043
  9.5371868251E+005  2.0506166880E+043
  9.5542297929E+005  2.0845533107E+043
  9.5712277369E+005  2.1190380784E+043
  9.5881811118E+005  2.1540792946E+043
  9.6052669617E+005  2.1900605052E+043
  9.6222537380E+005  2.2265086374E+043
  9.6392463842E+005  2.2636559286E+043
  9.6562286742E+005  2.3014792073E+043
  9.6732039166E+005  2.3400127585E+043
  9.6901865464E+005  2.3792647494E+043
  9.7071723492E+005  2.4192641353E+043
  9.7242749295E+005  2.4602956893E+043
  9.7411837248E+005  2.5016225273E+043
  9.7582701051E+005  2.5441628776E+043
  9.7752385186E+005  2.5871968190E+043
  9.7922305622E+005  2.6310898665E+043
  9.8092630040E+005  2.6759021643E+043
  9.8261608473E+005  2.7211784037E+043
  9.8432795542E+005  2.7678894165E+043
  9.8602833553E+005  2.8151390784E+043
  9.8772196128E+005  2.8630573970E+043
  9.8942913786E+005  2.9122361058E+043
  9.9111944215E+005  2.9618081447E+043
  9.9282070141E+005  3.0125970621E+043
  9.9452943852E+005  3.0645257443E+043
  9.9623020263E+005  3.1171363598E+043
  9.9792711683E+005  3.1705591129E+043
  9.9962587918E+005  3.2249839619E+043
  1.0013305099E+006  3.2805581205E+043
  1.0030263908E+006  3.3368149403E+043
  1.0047279963E+006  3.3942445577E+043
  1.0064204053E+006  3.4523530302E+043
  1.0081237418E+006  3.5118458677E+043
  1.0098316397E+006  3.5725274726E+043
  1.0115233689E+006  3.6336651219E+043
  1.0132153426E+006  3.6958439677E+043
  1.0149124010E+006  3.7592669228E+043
  1.0166204197E+006  3.8241835749E+043
  1.0183230510E+006  3.8899912123E+043
  1.0200287898E+006  3.9570280957E+043
  1.0217243242E+006  4.0247769182E+043
  1.0234203476E+006  4.0936696358E+043
  1.0251182493E+006  4.1637804854E+043
  1.0268313972E+006  4.2356947317E+043
  1.0285301387E+006  4.3081837599E+043
  1.0302226519E+006  4.3815899526E+043
  1.0319213102E+006  4.4564646882E+043
  1.0336256719E+006  4.5328171724E+043
  1.0353254358E+006  4.6102023670E+043
  1.0370185347E+006  4.6885306254E+043
  1.0387295994E+006  4.7689703463E+043
  1.0404213169E+006  4.8497824701E+043
  1.0421341556E+006  4.9329184048E+043
  1.0438264260E+006  5.0163718280E+043
  1.0455322749E+006  5.1018347566E+043
  1.0472397738E+006  5.1887447304E+043
  1.0489233669E+006  5.2757843045E+043
  1.0506341458E+006  5.3656335962E+043
  1.0523247623E+006  5.4558215155E+043
  1.0540382912E+006  5.5486683459E+043
  1.0557212942E+006  5.6412866099E+043
  1.0574251583E+006  5.7365090816E+043
  1.0591278710E+006  5.8331482215E+043
  1.0608365509E+006  5.9316317988E+043
  1.0625344969E+006  6.0310086648E+043
  1.0642297154E+006  6.1317467242E+043
  1.0659378985E+006  6.2348105602E+043
  1.0676406702E+006  6.3391189757E+043
  1.0693238126E+006  6.4437837937E+043
  1.0710343418E+006  6.5517582224E+043
  1.0727311843E+006  6.6604860605E+043
  1.0744306293E+006  6.7710078902E+043
  1.0761256820E+006  6.8828823198E+043
  1.0778317175E+006  6.9971494979E+043
  1.0795272510E+006  7.1123869722E+043
  1.0812383819E+006  7.2303914359E+043
  1.0829339522E+006  7.3490373401E+043
  1.0846248808E+006  7.4690543827E+043
  1.0863403972E+006  7.5925719679E+043
  1.0880407556E+006  7.7167551609E+043
  1.0897439200E+006  7.8429094044E+043
  1.0914427984E+006  7.9705194505E+043
  1.0931289666E+006  8.0989377742E+043
  1.0948397720E+006  8.2310396946E+043
  1.0965266103E+006  8.3630842250E+043
  1.0982332106E+006  8.4984990868E+043
  1.0999398509E+006  8.6357617147E+043
  1.1016287179E+006  8.7734206597E+043
  1.1033267562E+006  8.9136679386E+043
  1.1050381477E+006  9.0568950337E+043
  1.1067431505E+006  9.2014695940E+043
  1.1084251221E+006  9.3459696749E+043
  1.1101300116E+006  9.4942878178E+043
  1.1118309050E+006  9.6441633883E+043
  1.1135201534E+006  9.7948991643E+043
  1.1152271455E+006  9.9491321453E+043
  1.1169307707E+006  1.0104987325E+044
  1.1186265764E+006  1.0262050488E+044
  1.1203246932E+006  1.0421262648E+044
  1.1220428392E+006  1.0584332703E+044
  1.1237462035E+006  1.0747993080E+044
  1.1254456792E+006  1.0913247814E+044
  1.1271247465E+006  1.1078447652E+044
  1.1288250586E+006  1.1247712650E+044
  1.1305409220E+006  1.1420545185E+044
  1.1322301430E+006  1.1592682649E+044
  1.1339373891E+006  1.1768670068E+044
  1.1356488042E+006  1.1947125086E+044
  1.1373462553E+006  1.2126123995E+044
  1.1390411001E+006  1.2306878460E+044
  1.1407525053E+006  1.2491437376E+044
  1.1424308910E+006  1.2674423291E+044
  1.1441406625E+006  1.2862861193E+044
  1.1458457716E+006  1.3052830655E+044
  1.1475335013E+006  1.3242818198E+044
  1.1492385970E+006  1.3436890137E+044
  1.1509320677E+006  1.3631695646E+044
  1.1526333755E+006  1.3829472582E+044
  1.1543580722E+006  1.4032095569E+044
  1.1560299729E+006  1.4230568070E+044
  1.1577530726E+006  1.4437156727E+044
  1.1594568282E+006  1.4643641305E+044
  1.1611377245E+006  1.4849422877E+044
  1.1628560693E+006  1.5061916761E+044
  1.1645340416E+006  1.5271499711E+044
  1.1662400594E+006  1.5486701917E+044
  1.1679287984E+006  1.5701747257E+044
  1.1696379551E+006  1.5921638892E+044
  1.1713432103E+006  1.6143181263E+044
  1.1730437161E+006  1.6366253577E+044
  1.1747346390E+006  1.6590191344E+044
  1.1764395193E+006  1.6818033987E+044
  1.1781514289E+006  1.7049123583E+044
  1.1798337966E+006  1.7278354827E+044
  1.1815440584E+006  1.7513555507E+044
  1.1832505226E+006  1.7750414954E+044
  1.1849544776E+006  1.7989099514E+044
  1.1866587037E+006  1.8229897386E+044
  1.1883358129E+006  1.8469096337E+044
  1.1900491848E+006  1.8715626308E+044
  1.1917385214E+006  1.8960836621E+044
  1.1934335946E+006  1.9209006690E+044
  1.1951323187E+006  1.9459767836E+044
  1.1968320163E+006  1.9712813886E+044
  1.1985611648E+006  1.9972464455E+044
  1.2002567925E+006  2.0229191702E+044
  1.2019503798E+006  2.0487688317E+044
  1.2036444325E+006  2.0748316559E+044
  1.2053431169E+006  2.1011555687E+044
  1.2070516758E+006  2.1278612735E+044
  1.2087441227E+006  2.1545146971E+044
  1.2104561414E+006  2.1816791706E+044
  1.2121589286E+006  2.2088977760E+044
  1.2138530309E+006  2.2361741830E+044
  1.2155373168E+006  2.2634672245E+044
  1.2172430430E+006  2.2913227167E+044
  1.2189341931E+006  2.3191267926E+044
  1.2206416713E+006  2.3473870938E+044
  1.2223631457E+006  2.3760675063E+044
  1.2240370500E+006  2.4041348688E+044
  1.2257472944E+006  2.4329744387E+044
  1.2274531792E+006  2.4619406644E+044
  1.2291394476E+006  2.4907416023E+044
  1.2308346641E+006  2.5198614321E+044
  1.2325480006E+006  2.5494581047E+044
  1.2342528399E+006  2.5790551803E+044
  1.2359451711E+006  2.6086004179E+044
  1.2376513671E+006  2.6385518077E+044
  1.2393518310E+006  2.6685506040E+044
  1.2410520877E+006  2.6986913858E+044
  1.2427607691E+006  2.7291246986E+044
  1.2444570604E+006  2.7594427405E+044
  1.2461622938E+006  2.7900999221E+044
  1.2478699875E+006  2.8209227140E+044
  1.2495448019E+006  2.8512719145E+044
  1.2512636697E+006  2.8825391731E+044
  1.2529636044E+006  2.9135768090E+044
  1.2546525641E+006  2.9444995735E+044
  1.2563611150E+006  2.9759162032E+044
  1.2580512040E+006  3.0070896125E+044
  1.2597507976E+006  3.0385318463E+044
  1.2614585840E+006  3.0701882946E+044
  1.2631433316E+006  3.1015368050E+044
  1.2648430515E+006  3.1332378149E+044
  1.2665516325E+006  3.1651766961E+044
  1.2682651561E+006  3.1972599948E+044
  1.2699567484E+006  3.2290217108E+044
  1.2716638594E+006  3.2611372382E+044
  1.2733475474E+006  3.2928734879E+044
  1.2750332168E+006  3.3246996592E+044
  1.2767613689E+006  3.3574073940E+044
  1.2784443093E+006  3.3893219333E+044
  1.2801394731E+006  3.4215256587E+044
  1.2818309558E+006  3.4537319528E+044
  1.2835320555E+006  3.4861833346E+044
  1.2852532033E+006  3.5190747750E+044
  1.2869345706E+006  3.5512724535E+044
  1.2886360496E+006  3.5839074933E+044
  1.2903421900E+006  3.6166953989E+044
  1.2920419202E+006  3.6494153306E+044
  1.2937428695E+006  3.6822010317E+044
  1.2954376787E+006  3.7149302085E+044
  1.2971531262E+006  3.7481052803E+044
  1.2988338260E+006  3.7806385580E+044
  1.3005490124E+006  3.8138969040E+044
  1.3022525332E+006  3.8469463544E+044
  1.3039354772E+006  3.8796571420E+044
  1.3056266408E+006  3.9125572012E+044
  1.3073513081E+006  3.9461115310E+044
  1.3090499964E+006  3.9792150272E+044
  1.3107472705E+006  4.0122678696E+044
  1.3124314095E+006  4.0451358249E+044
  1.3141367912E+006  4.0784222100E+044
  1.3158267474E+006  4.1113686427E+044
  1.3175267650E+006  4.1445701968E+044
  1.3192260976E+006  4.1777513299E+044
  1.3209430071E+006  4.2112180670E+044
  1.3226421320E+006  4.2443825631E+044
  1.3243395477E+006  4.2774092504E+044
  1.3260281713E+006  4.3103499389E+044
  1.3277318260E+006  4.3435354366E+044
  1.3294362758E+006  4.3765913868E+044
  1.3311290538E+006  4.4095210077E+044
  1.3328367868E+006  4.4426605132E+044
  1.3345420347E+006  4.4755711973E+044
  1.3362300310E+006  4.5082510180E+044
  1.3379265616E+006  4.5409898418E+044
  1.3396349212E+006  4.5737313965E+044
  1.3413329234E+006  4.6063842625E+044
  1.3430318031E+006  4.6389171634E+044
  1.3447308796E+006  4.6712161290E+044
  1.3464440666E+006  4.7038293516E+044
  1.3481432401E+006  4.7360461167E+044
  1.3498351636E+006  4.7679871708E+044
  1.3515292769E+006  4.7997146442E+044
  1.3532400118E+006  4.8317566680E+044
  1.3549266291E+006  4.8631768485E+044
  1.3566389639E+006  4.8947686274E+044
  1.3583278292E+006  4.9259359076E+044
  1.3600383172E+006  4.9572940379E+044
  1.3617403446E+006  4.9881456082E+044
  1.3634231561E+006  5.0186591272E+044
  1.3651272190E+006  5.0493190459E+044
  1.3668345953E+006  5.0796524033E+044
  1.3685376611E+006  5.1098930458E+044
  1.3702322703E+006  5.1396034199E+044
  1.3719309732E+006  5.1692544442E+044
  1.3736279559E+006  5.1987083160E+044
  1.3753332100E+006  5.2278674832E+044
  1.3770281897E+006  5.2568713754E+044
  1.3787356045E+006  5.2856417608E+044
  1.3804293493E+006  5.3142283802E+044
  1.3821205705E+006  5.3425657358E+044
  1.3838223734E+006  5.3707074021E+044
  1.3855300761E+006  5.3989692172E+044
  1.3872306024E+006  5.4267262177E+044
  1.3889383023E+006  5.4546362391E+044
  1.3906242573E+006  5.4817874763E+044
  1.3923217429E+006  5.5091712453E+044
  1.3940228052E+006  5.5361785159E+044
  1.3957351573E+006  5.5634273288E+044
  1.3974371067E+006  5.5900342000E+044
  1.3991373037E+006  5.6166982798E+044
  1.4008296774E+006  5.6429735801E+044
  1.4025243896E+006  5.6688851203E+044
  1.4042294804E+006  5.6949207218E+044
  1.4059253997E+006  5.7203792280E+044
  1.4076207825E+006  5.7458116089E+044
  1.4093257134E+006  5.7708748932E+044
  1.4110321579E+006  5.7960124150E+044
  1.4127298864E+006  5.8206913607E+044
  1.4144197633E+006  5.8448067680E+044
  1.4161288740E+006  5.8691206579E+044
  1.4178269517E+006  5.8927235913E+044
  1.4195265123E+006  5.9163793356E+044
  1.4212340887E+006  5.9397656312E+044
  1.4229174688E+006  5.9623022575E+044
  1.4246221057E+006  5.9850559475E+044
  1.4263301837E+006  6.0074764237E+044
  1.4280216126E+006  6.0291567847E+044
  1.4297209649E+006  6.0508074943E+044
  1.4314310806E+006  6.0721967737E+044
  1.4331306332E+006  6.0929020140E+044
  1.4348310334E+006  6.1134310333E+044
  1.4365292691E+006  6.1334962333E+044
  1.4382204527E+006  6.1528816937E+044
  1.4399220673E+006  6.1721538713E+044
  1.4416319221E+006  6.1910305306E+044
  1.4433255210E+006  6.2090845181E+044
  1.4450275823E+006  6.2269608789E+044
  1.4467268735E+006  6.2442890960E+044
  1.4484190770E+006  6.2608772690E+044
  1.4501209572E+006  6.2772649998E+044
  1.4518250096E+006  6.2929455002E+044
  1.4535264381E+006  6.3082966309E+044
  1.4552172269E+006  6.3230449117E+044
  1.4569313073E+006  6.3372437302E+044
  1.4586238919E+006  6.3510121676E+044
  1.4603220022E+006  6.3642794403E+044
  1.4620186298E+006  6.3768461131E+044
  1.4637156778E+006  6.3891327493E+044
  1.4654201407E+006  6.4007574911E+044
  1.4671174753E+006  6.4121127783E+044
  1.4688218717E+006  6.4230068779E+044
  1.4705267605E+006  6.4332750858E+044
  1.4722289772E+006  6.4432535513E+044
  1.4739250277E+006  6.4525563949E+044
  1.4756259097E+006  6.4616593724E+044
  1.4773155934E+006  6.4700541922E+044
  1.4790285172E+006  6.4783485632E+044
  1.4807197178E+006  6.4860779374E+044
  1.4824206753E+006  6.4932603070E+044
  1.4841272392E+006  6.5002119096E+044
  1.4858233387E+006  6.5064827100E+044
  1.4875174729E+006  6.5125656881E+044
  1.4892251510E+006  6.5182157373E+044
  1.4909149684E+006  6.5232255425E+044
  1.4926281484E+006  6.5280445063E+044
  1.4943218975E+006  6.5321684624E+044
  1.4960161443E+006  6.5361010808E+044
  1.4977245353E+006  6.5395856606E+044
  1.4994163939E+006  6.5424041967E+044
  1.5011203040E+006  6.5450425062E+044
  1.5028181374E+006  6.5471792840E+044
  1.5045143025E+006  6.5486818986E+044
  1.5062257537E+006  6.5499771115E+044
  1.5079204813E+006  6.5507633683E+044
  1.5096195735E+006  6.5508988266E+044
  1.5113206060E+006  6.5508258961E+044
  1.5130192552E+006  6.5502440148E+044
  1.5147198667E+006  6.5490510218E+044
  1.5164209771E+006  6.5475152711E+044
  1.5181224180E+006  6.5455403914E+044
  1.5198138008E+006  6.5430885185E+044
  1.5215132623E+006  6.5399747728E+044
  1.5232155532E+006  6.5365991534E+044
  1.5249207876E+006  6.5327023715E+044
  1.5266211777E+006  6.5282358335E+044
  1.5283139553E+006  6.5233385688E+044
  1.5300151210E+006  6.5180248352E+044
  1.5317203553E+006  6.5121923558E+044
  1.5334235426E+006  6.5056927010E+044
  1.5351123602E+006  6.4989986240E+044
  1.5368194332E+006  6.4917212260E+044
  1.5385206579E+006  6.4839754132E+044
  1.5402143273E+006  6.4756335288E+044
  1.5419212750E+006  6.4669402918E+044
  1.5436127398E+006  6.4578447753E+044
  1.5453169304E+006  6.4480374609E+044
  1.5470163754E+006  6.4380217313E+044
  1.5487127062E+006  6.4275557694E+044
  1.5504168376E+006  6.4164022990E+044
  1.5521191833E+006  6.4050717229E+044
  1.5538209432E+006  6.3932921633E+044
  1.5555197068E+006  6.3811080025E+044
  1.5572206989E+006  6.3683481892E+044
  1.5589142476E+006  6.3554192139E+044
  1.5606133884E+006  6.3420367983E+044
  1.5623117642E+006  6.3280977781E+044
  1.5640170369E+006  6.3139192950E+044
  1.5657180571E+006  6.2993664226E+044
  1.5674188622E+006  6.2842336449E+044
  1.5691195273E+006  6.2689684842E+044
  1.5708156438E+006  6.2533378742E+044
  1.5725112150E+006  6.2373282849E+044
  1.5742135160E+006  6.2206931881E+044
  1.5759200846E+006  6.2038787113E+044
  1.5776181561E+006  6.1867420156E+044
  1.5793116212E+006  6.1692741924E+044
  1.5810112908E+006  6.1511739582E+044
  1.5827145309E+006  6.1329268928E+044
  1.5844164043E+006  6.1142938055E+044
  1.5861153998E+006  6.0953190048E+044
  1.5878157111E+006  6.0759632691E+044
  1.5895127720E+006  6.0560912420E+044
  1.5912108127E+006  6.0360836956E+044
  1.5929130655E+006  6.0156297440E+044
  1.5946184907E+006  5.9947543639E+044
  1.5963119961E+006  5.9736457382E+044
  1.5980134464E+006  5.9520582617E+044
  1.5997177155E+006  5.9298566208E+044
  1.6014105820E+006  5.9076548385E+044
  1.6031149438E+006  5.8848737375E+044
  1.6048111569E+006  5.8617785945E+044
  1.6065127255E+006  5.8381768343E+044
  1.6082166570E+006  5.8140897470E+044
  1.6099094955E+006  5.7896850855E+044
  1.6116123063E+006  5.7646223138E+044
  1.6133098368E+006  5.7388621232E+044
  1.6150113341E+006  5.7126773770E+044
  1.6167134314E+006  5.6858059183E+044
  1.6184121653E+006  5.6582222186E+044
  1.6201100254E+006  5.6297513598E+044
  1.6218054626E+006  5.6002063275E+044
  1.6235058624E+006  5.5691380808E+044
  1.6252056228E+006  5.5361562809E+044
  1.6269026740E+006  5.5013847929E+044
  1.6286033542E+006  5.4700918532E+044
  1.6303028903E+006  5.4406338428E+044
  1.6320020106E+006  5.4119802398E+044
  1.6337034638E+006  5.3839498528E+044
  1.6354020356E+006  5.3562336901E+044
  1.6371019706E+006  5.3283397780E+044
  1.6388021539E+006  5.3010983759E+044
  1.6405017535E+006  5.2742619631E+044
  1.6422016585E+006  5.2478081126E+044
  1.6439013619E+006  5.2206780335E+044
  1.6456024196E+006  5.1932818557E+044
  1.6473014662E+006  5.1683605022E+044
  1.6490013695E+006  5.1413350640E+044
  1.6507021336E+006  5.1153697343E+044
  1.6524018566E+006  5.0899190108E+044
  1.6541014747E+006  5.0636179381E+044
  1.6558014566E+006  5.0378023052E+044
  1.6575013423E+006  5.0123141929E+044
  1.6592010774E+006  4.9840564330E+044
  1.6609016078E+006  4.9587714164E+044
  1.6626019987E+006  4.9312880647E+044
  1.6643014464E+006  4.9024897971E+044
  1.6660011671E+006  4.8763356153E+044
  1.6677010825E+006  4.8475338917E+044
  1.6694013604E+006  4.8150874292E+044
  1.6711015652E+006  4.7844566732E+044
  1.6728007707E+006  4.7498802397E+044
  1.6745012240E+006  4.7132571222E+044
  1.6762006060E+006  4.6771367027E+044
  1.6779006364E+006  4.6433654894E+044
  1.6796010132E+006  4.6154695892E+044
  1.6813011873E+006  4.5942490251E+044
  1.6830007090E+006  4.5715827995E+044
  1.6847011002E+006  4.5499585476E+044
  1.6864007083E+006  4.5236335613E+044
  1.6881012827E+006  4.5002060752E+044
  1.6898010823E+006  4.4745415091E+044
  1.6915008810E+006  4.4473042093E+044
  1.6932009480E+006  4.4191832558E+044
  1.6949009815E+006  4.3908816809E+044
  1.6966008864E+006  4.3624993955E+044
  1.6983012191E+006  4.3340780868E+044
  1.7000016012E+006  4.3057225713E+044
  1.7017015153E+006  4.2771842827E+044
  1.7034016844E+006  4.2484180533E+044
  1.7051012365E+006  4.2190428944E+044
  1.7068017282E+006  4.1894491620E+044
  1.7085010936E+006  4.1589708895E+044
  1.7102015188E+006  4.1288738771E+044
  1.7119018876E+006  4.1004086151E+044
  1.7136019887E+006  4.0706607444E+044
  1.7153014840E+006  4.0399202497E+044
  1.7170011739E+006  4.0096694218E+044
  1.7187019766E+006  3.9808393708E+044
  1.7204012078E+006  3.9502673859E+044
  1.7221012729E+006  3.9193915959E+044
  1.7238016258E+006  3.8906291758E+044
  1.7255021145E+006  3.8598502188E+044
  1.7272020349E+006  3.8297770113E+044
  1.7289013015E+006  3.8002665646E+044
  1.7306015510E+006  3.7689768967E+044
  1.7323015708E+006  3.7402524161E+044
  1.7340020814E+006  3.7094886409E+044
  1.7357012876E+006  3.6800909663E+044
  1.7374014160E+006  3.6499064980E+044
  1.7391014646E+006  3.6199871103E+044
  1.7408023854E+006  3.5903100273E+044
  1.7425023046E+006  3.5602251860E+044
  1.7442023535E+006  3.5308466171E+044
  1.7459020864E+006  3.5009146911E+044
  1.7476017664E+006  3.4715702575E+044
  1.7493018641E+006  3.4420234269E+044
  1.7510016088E+006  3.4124968459E+044
  1.7527018256E+006  3.3834514662E+044
  1.7544016519E+006  3.3536825698E+044
  1.7561026025E+006  3.3250809634E+044
  1.7578015085E+006  3.2950983222E+044
  1.7595025398E+006  3.2669266617E+044
  1.7612016808E+006  3.2375793098E+044
  1.7629028786E+006  3.2089946498E+044
  1.7646019449E+006  3.1805874280E+044
  1.7663016428E+006  3.1513558329E+044
  1.7680022217E+006  3.1235587476E+044
  1.7697022660E+006  3.0948795900E+044
  1.7714024849E+006  3.0667076526E+044
  1.7731030788E+006  3.0389686377E+044
  1.7748017106E+006  3.0103570233E+044
  1.7765021438E+006  2.9830443631E+044
  1.7782035891E+006  2.9555078602E+044
  1.7799030152E+006  2.9273425789E+044
  1.7816022682E+006  2.9005232189E+044
  1.7833024181E+006  2.8733575552E+044
  1.7850027400E+006  2.8456956849E+044
  1.7867036823E+006  2.8192526903E+044
  1.7884026060E+006  2.7926053646E+044
  1.7901025890E+006  2.7654182710E+044
  1.7918032170E+006  2.7393886328E+044
  1.7935022068E+006  2.7132534500E+044
  1.7952036846E+006  2.6866342816E+044
  1.7969033059E+006  2.6608928407E+044
  1.7986032301E+006  2.6353268328E+044
  1.8003037777E+006  2.6094876521E+044
  1.8020021776E+006  2.5838095604E+044
  1.8037037771E+006  2.5588015725E+044
  1.8054033133E+006  2.5337511299E+044
  1.8071032619E+006  2.5083773990E+044
  1.8088031733E+006  2.4837275798E+044
  1.8105038652E+006  2.4592430838E+044
  1.8122033946E+006  2.4346641274E+044
  1.8139027591E+006  2.4099413998E+044
  1.8156026075E+006  2.3860212060E+044
  1.8173024017E+006  2.3621221425E+044
  1.8190019048E+006  2.3382424096E+044
  1.8207023919E+006  2.3141605630E+044
  1.8224029488E+006  2.2907981979E+044
  1.8241029550E+006  2.2674786951E+044
  1.8258036830E+006  2.2441082837E+044
  1.8275017877E+006  2.2207740976E+044
  1.8292020074E+006  2.1979546002E+044
  1.8309019455E+006  2.1752223298E+044
  1.8326030375E+006  2.1524871407E+044
  1.8343027738E+006  2.1297151115E+044
  1.8360023331E+006  2.1072692461E+044
  1.8377025528E+006  2.0852474891E+044
  1.8394032979E+006  2.0631527599E+044
  1.8411028754E+006  2.0410967111E+044
  1.8428020103E+006  2.0190505846E+044
  1.8445018874E+006  1.9974604959E+044
  1.8462027289E+006  1.9760824372E+044
  1.8479020404E+006  1.9546996390E+044
  1.8496026832E+006  1.9333411423E+044
  1.8513018281E+006  1.9120661497E+044
  1.8530026093E+006  1.8912025520E+044
  1.8547016026E+006  1.8705546632E+044
  1.8564018484E+006  1.8499173944E+044
  1.8581020825E+006  1.8293518983E+044
  1.8598028116E+006  1.8088427997E+044
  1.8615023856E+006  1.7886939279E+044
  1.8632022653E+006  1.7687845517E+044
  1.8649027935E+006  1.7489170896E+044
  1.8666016199E+006  1.7291613382E+044
  1.8683026667E+006  1.7094613223E+044
  1.8700017986E+006  1.6899588696E+044
  1.8717023213E+006  1.6707935491E+044
  1.8734013615E+006  1.6517193302E+044
  1.8751021441E+006  1.6327398452E+044
  1.8768025693E+006  1.6138726167E+044
  1.8785021056E+006  1.5951052205E+044
  1.8802025790E+006  1.5765753684E+044
  1.8819012541E+006  1.5582890055E+044
  1.8836023411E+006  1.5401006346E+044
  1.8853016391E+006  1.5220564387E+044
  1.8870022345E+006  1.5041200673E+044
  1.8887021589E+006  1.4863243119E+044
  1.8904013597E+006  1.4686808727E+044
  1.8921021222E+006  1.4512863587E+044
  1.8938017137E+006  1.4340498490E+044
  1.8955015976E+006  1.4169517709E+044
  1.8972018635E+006  1.3999889378E+044
  1.8989021341E+006  1.3831750660E+044
  1.9006013867E+006  1.3664717417E+044
  1.9023012706E+006  1.3499863629E+044
  1.9040014839E+006  1.3337162671E+044
  1.9057014289E+006  1.3175911661E+044
  1.9074014532E+006  1.3016250774E+044
  1.9091010015E+006  1.2857875730E+044
  1.9108020520E+006  1.2700805193E+044
  1.9125012289E+006  1.2545224328E+044
  1.9142019147E+006  1.2391516528E+044
  1.9159015818E+006  1.2240127830E+044
  1.9176015401E+006  1.2090150075E+044
  1.9193014023E+006  1.1941697091E+044
  1.9210010687E+006  1.1794751548E+044
  1.9227015804E+006  1.1649213338E+044
  1.9244014191E+006  1.1505135661E+044
  1.9261012850E+006  1.1362516408E+044
  1.9278015510E+006  1.1221935703E+044
  1.9295016163E+006  1.1083126106E+044
  1.9312014641E+006  1.0945799757E+044
  1.9329009001E+006  1.0809974986E+044
  1.9346015054E+006  1.0675471789E+044
  1.9363011870E+006  1.0542496059E+044
  1.9380015381E+006  1.0410852429E+044
  1.9397015319E+006  1.0280624474E+044
  1.9414014530E+006  1.0152159204E+044
  1.9431009494E+006  1.0025405606E+044
  1.9448013795E+006  9.9000110817E+043
  1.9465009236E+006  9.7760591550E+043
  1.9482013555E+006  9.6534010026E+043
  1.9499013170E+006  9.5321067840E+043
  1.9516011444E+006  9.4121402531E+043
  1.9533007207E+006  9.2934898021E+043
  1.9550013690E+006  9.1761124880E+043
  1.9567009119E+006  9.0603789081E+043
  1.9584007255E+006  8.9461182428E+043
  1.9601006125E+006  8.8331822770E+043
  1.9618009262E+006  8.7214719408E+043
  1.9635008817E+006  8.6110436750E+043
  1.9652008601E+006  8.5018509191E+043
  1.9669007825E+006  8.3938791018E+043
  1.9686010515E+006  8.2871627123E+043
  1.9703008431E+006  8.1815786458E+043
  1.9720006140E+006  8.0772665941E+043
  1.9737011566E+006  7.9742537062E+043
  1.9754007627E+006  7.8726284339E+043
  1.9771011926E+006  7.7719893611E+043
  1.9788008580E+006  7.6725258842E+043
  1.9805006170E+006  7.5741849976E+043
  1.9822007303E+006  7.4770027096E+043
  1.9839007278E+006  7.3808840229E+043
  1.9856008600E+006  7.2857893166E+043
  1.9873005739E+006  7.1917983769E+043
  1.9890006535E+006  7.0988824657E+043
  1.9907007194E+006  7.0072024290E+043
  1.9924009189E+006  6.9165021058E+043
  1.9941006879E+006  6.8268707248E+043
  1.9958005450E+006  6.7382580249E+043
  1.9975006614E+006  6.6507403128E+043
  1.9992005957E+006  6.5641362126E+043
  2.0009006194E+006  6.4785212020E+043
  2.0026008953E+006  6.3938889679E+043
  2.0043003676E+006  6.3102871160E+043
  2.0060005271E+006  6.2276941098E+043
  2.0077006799E+006  6.1460017662E+043
  2.0094005866E+006  6.0653257139E+043
  2.0111003925E+006  5.9856602320E+043
  2.0128004256E+006  5.9070268460E+043
  2.0145006707E+006  5.8293324180E+043
  2.0162004132E+006  5.7526685032E+043
  2.0179004452E+006  5.6770202725E+043
  2.0196003098E+006  5.6024295298E+043
  2.0213004217E+006  5.5289339479E+043
  2.0230003257E+006  5.4565290441E+043
  2.0247002647E+006  5.3852575719E+043
  2.0264003490E+006  5.3151297284E+043
  2.0281002742E+006  5.2461663886E+043
  2.0298002820E+006  5.1783492380E+043
  2.0315002534E+006  5.1116354084E+043
  2.0332002160E+006  5.0459690395E+043
  2.0349002747E+006  4.9812011138E+043
  2.0366004180E+006  4.9169923687E+043
  2.0383004512E+006  4.8527698188E+043
  2.0400004226E+006  4.7878872332E+043
  2.0417003826E+006  4.7218581013E+043
  2.0434007614E+006  4.6545698297E+043
  2.0451006005E+006  4.5863311608E+043
  2.0468006556E+006  4.5176060296E+043
  2.0485006321E+006  4.4490287796E+043
  2.0502004436E+006  4.3811602849E+043
  2.0519006113E+006  4.3144775711E+043
  2.0536006111E+006  4.2493879203E+043
  2.0553006380E+006  4.1862316137E+043
  2.0570007088E+006  4.1252050588E+043
  2.0587005646E+006  4.0664533771E+043
  2.0604006563E+006  4.0099875841E+043
  2.0621003880E+006  3.9558421009E+043
  2.0638004324E+006  3.9039200156E+043
  2.0655005541E+006  3.8541745874E+043
  2.0672006587E+006  3.8065089906E+043
  2.0689003379E+006  3.7608925764E+043
  2.0706005810E+006  3.7172002791E+043
  2.0723005132E+006  3.6753796713E+043
  2.0740004692E+006  3.6353072251E+043
  2.0757003259E+006  3.5969150406E+043
  2.0774003622E+006  3.5600714532E+043
  2.0791002879E+006  3.5247707974E+043
  2.0808003901E+006  3.4909033775E+043
  2.0825003805E+006  3.4584181550E+043
  2.0842005780E+006  3.4272484429E+043
  2.0859004779E+006  3.3973396972E+043
  2.0876004912E+006  3.3686349094E+043
  2.0893006047E+006  3.3410329073E+043
  2.0910005238E+006  3.3145550101E+043
  2.0927004309E+006  3.2891052421E+043
  2.0944003936E+006  3.2646597288E+043
  2.0961005373E+006  3.2411522522E+043
  2.0978003686E+006  3.2185656144E+043
  2.0995003899E+006  3.1968440861E+043
  2.1012003326E+006  3.1759474743E+043
  2.1029003183E+006  3.1558510114E+043
  2.1046004333E+006  3.1364919848E+043
  2.1063004497E+006  3.1178703888E+043
  2.1080003660E+006  3.0999247714E+043
  2.1097003581E+006  3.0826481505E+043
  2.1114005195E+006  3.0659805247E+043
  2.1131003146E+006  3.0499408047E+043
  2.1148003682E+006  3.0344943854E+043
  2.1165005167E+006  3.0195797438E+043
  2.1182004558E+006  3.0052040479E+043
  2.1199003999E+006  2.9913091683E+043
  2.1216003284E+006  2.9778830286E+043
  2.1233004305E+006  2.9649081406E+043
  2.1250005034E+006  2.9523395610E+043
  2.1267003469E+006  2.9401940639E+043
  2.1284003609E+006  2.9284167854E+043
  2.1301003799E+006  2.9170075604E+043
  2.1318002713E+006  2.9059531905E+043
  2.1335004715E+006  2.8952086637E+043
  2.1352003958E+006  2.8847942227E+043
  2.1369003207E+006  2.8746575932E+043
  2.1386003223E+006  2.8647927210E+043
  2.1403002780E+006  2.8551951799E+043
  2.1420003356E+006  2.8458204769E+043
  2.1437003365E+006  2.8366921432E+043
  2.1454004580E+006  2.8277746082E+043
  2.1471002807E+006  2.8190556040E+043
  2.1488003098E+006  2.8105481954E+043
  2.1505003893E+006  2.8022089690E+043
  2.1522003454E+006  2.7940545922E+043
  2.1539002782E+006  2.7860689574E+043
  2.1556003872E+006  2.7782190215E+043
  2.1573002222E+006  2.7705353321E+043
  2.1590002583E+006  2.7629807329E+043
  2.1607003454E+006  2.7555468798E+043
  2.1624003850E+006  2.7482536030E+043
  2.1641002295E+006  2.7410613444E+043
  2.1658003535E+006  2.7339802972E+043
  2.1675003496E+006  2.7270106668E+043
  2.1692002680E+006  2.7201214032E+043
  2.1709003628E+006  2.7133422052E+043
  2.1726003189E+006  2.7066523495E+043
  2.1743002692E+006  2.7000296467E+043
  2.1760003271E+006  2.6935079281E+043
  2.1777003030E+006  2.6870554000E+043
  2.1794003335E+006  2.6806643263E+043
  2.1811002086E+006  2.6743676782E+043
  2.1828002146E+006  2.6681310496E+043
  2.1845002433E+006  2.6619601290E+043
  2.1862002532E+006  2.6558705355E+043
  2.1879002341E+006  2.6498333595E+043
  2.1896002085E+006  2.6438702098E+043
  2.1913002838E+006  2.6379776647E+043
  2.1930002852E+006  2.6321303996E+043
  2.1947001948E+006  2.6263646842E+043
  2.1964003453E+006  2.6206562072E+043
  2.1981002755E+006  2.6149820600E+043
  2.1998002816E+006  2.6093937277E+043
  2.2015003178E+006  2.6038690342E+043
  2.2032001843E+006  2.5983826572E+043
  2.2049003678E+006  2.5929786780E+043
  2.2066003024E+006  2.5876344322E+043
  2.2083002805E+006  2.5823378391E+043
  2.2100002555E+006  2.5771284019E+043
  2.2117002091E+006  2.5719690980E+043
  2.2134002166E+006  2.5668585792E+043
  2.2151003062E+006  2.5618265301E+043
  2.2168003451E+006  2.5568491658E+043
  2.2185001767E+006  2.5519549761E+043
  2.2202003524E+006  2.5471327272E+043
  2.2219002590E+006  2.5423343379E+043
  2.2236002469E+006  2.5376250110E+043
  2.2253003471E+006  2.5330115676E+043
  2.2270002512E+006  2.5284387187E+043
  2.2287002218E+006  2.5239724384E+043
  2.2304002605E+006  2.5195694674E+043
  2.2321002959E+006  2.5151540455E+043
  2.2338002123E+006  2.5108980391E+043
  2.2355003177E+006  2.5067653534E+043
  2.2372002910E+006  2.5025877485E+043
  2.2389003514E+006  2.4985363239E+043
  2.2406002084E+006  2.4945852090E+043
  2.2423001858E+006  2.4905943342E+043
  2.2440003146E+006  2.4867861856E+043
  2.2457003043E+006  2.4831379884E+043
  2.2474001696E+006  2.4794655812E+043
  2.2491001905E+006  2.4757891138E+043
