  0.0000000000E+000  0.0000000000E+000
  1.7007962849E+003  2.2141267056E+003
  3.4022575400E+003  3.0199204969E+003
  5.1032541672E+003  3.5823189060E+003
  6.8050967062E+003  4.0229872691E+003
  8.5069211006E+003  4.3852851919E+003
  1.0209522589E+004  4.6907465392E+003
  1.1906796971E+004  4.9508377650E+003
  1.3609014693E+004  5.1751552729E+003
  1.5316538888E+004  5.3690904873E+003
  1.7017219475E+004  5.5355596506E+003
  1.8716455153E+004  5.6786487566E+003
  2.0424272639E+004  5.8018652017E+003
  2.2126917287E+004  5.9065623426E+003
  2.3827428943E+004  5.9951294303E+003
  2.5538791883E+004  6.0697459505E+003
  2.7242466144E+004  6.1311663599E+003
  2.8926128607E+004  6.1806910094E+003
  3.0639841142E+004  6.2210987477E+003
  3.2335724248E+004  6.2524373734E+003
  3.4051179337E+004  6.2765806440E+003
  3.5770621028E+004  6.2942488900E+003
  3.7438426217E+004  6.3060777000E+003
  3.9150505134E+004  6.3136400100E+003
  4.0854694059E+004  6.3172328839E+003
  4.2578176757E+004  6.3172970569E+003
  4.4263765622E+004  6.3143156951E+003
  4.5998992610E+004  6.3085117252E+003
  4.7671539062E+004  6.3007182624E+003
  4.9378014785E+004  6.2909118446E+003
  5.1115118670E+004  6.2793526780E+003
  5.2814536155E+004  6.2668062918E+003
  5.4530274448E+004  6.2531723222E+003
  5.6186938794E+004  6.2393124222E+003
  5.7917456036E+004  6.2243128894E+003
  5.9648931903E+004  6.2088744006E+003
  6.1295626664E+004  6.1938573486E+003
  6.3008400466E+004  6.1779956955E+003
  6.4704183805E+004  6.1621509580E+003
  6.6466171753E+004  6.1456279701E+003
  6.8111314343E+004  6.1302150818E+003
  6.9810485807E+004  6.1144129519E+003
  7.1520485807E+004  6.0986926273E+003
  7.3230485807E+004  6.0832130172E+003
  7.4898800236E+004  6.0683839891E+003
  7.6612781190E+004  6.0534499385E+003
  7.8298286884E+004  6.0390988123E+003
  7.9949687814E+004  6.0253787246E+003
  8.1649544195E+004  6.0116122122E+003
  8.3326759200E+004  5.9984093726E+003
  8.5026038478E+004  5.9854309785E+003
  8.6710798625E+004  5.9729537096E+003
  8.8404985294E+004  5.9608043178E+003
  9.0102186418E+004  5.9490644501E+003
  9.1801527991E+004  5.9376575083E+003
  9.3501166665E+004  5.9265530219E+003
  9.5201942944E+004  5.9157081920E+003
  9.6901652072E+004  5.9051058464E+003
  9.8601407536E+004  5.8947107616E+003
  1.0030162580E+005  5.8844937317E+003
  1.0200114067E+005  5.8744371497E+003
  1.0370208838E+005  5.8645059992E+003
  1.0540149657E+005  5.8546974977E+003
  1.0710109606E+005  5.8449905696E+003
  1.0880194114E+005  5.8354124861E+003
  1.1050201251E+005  5.8260033230E+003
  1.1220204889E+005  5.8167716036E+003
  1.1390119545E+005  5.8077257678E+003
  1.1560112282E+005  5.7988554258E+003
  1.1730130359E+005  5.7901577162E+003
  1.1900141718E+005  5.7816258073E+003
  1.2070131389E+005  5.7732499303E+003
  1.2240115779E+005  5.7650167230E+003
  1.2410143971E+005  5.7569108694E+003
  1.2580150310E+005  5.7489212467E+003
  1.2750162353E+005  5.7410313150E+003
  1.2920096820E+005  5.7332297621E+003
  1.3090093724E+005  5.7254943670E+003
  1.3260125007E+005  5.7178105398E+003
  1.3430136923E+005  5.7101649239E+003
  1.3600141488E+005  5.7025414774E+003
  1.3770144664E+005  5.6949246025E+003
  1.3940143333E+005  5.6872993535E+003
  1.4110120534E+005  5.6796510161E+003
  1.4280123469E+005  5.6719665110E+003
  1.4450115019E+005  5.6642388979E+003
  1.4620128471E+005  5.6564591265E+003
  1.4790123027E+005  5.6486256415E+003
  1.4960134196E+005  5.6407376328E+003
  1.5130129576E+005  5.6327994109E+003
  1.5300078725E+005  5.6248159852E+003
  1.5470093894E+005  5.6167880441E+003
  1.5640100985E+005  5.6087245469E+003
  1.5810066596E+005  5.6006338863E+003
  1.5980087450E+005  5.5925185781E+003
  1.6150112229E+005  5.5843880694E+003
  1.6320108318E+005  5.5762514148E+003
  1.6490100610E+005  5.5681149056E+003
  1.6660098212E+005  5.5599855810E+003
  1.6830108526E+005  5.5518705432E+003
  1.7000132002E+005  5.5437771289E+003
  1.7170150711E+005  5.5357130679E+003
  1.7340091869E+005  5.5276879443E+003
  1.7510150212E+005  5.5197008025E+003
  1.7680145760E+005  5.5117653904E+003
  1.7850089391E+005  5.5038878913E+003
  1.8020157672E+005  5.4960662476E+003
  1.8190086546E+005  5.4883176432E+003
  1.8360101180E+005  5.4806381077E+003
  1.8530108823E+005  5.4730369176E+003
  1.8700120691E+005  5.4655183357E+003
  1.8870101087E+005  5.4580859489E+003
  1.9040117737E+005  5.4507373740E+003
  1.9210138878E+005  5.4434745910E+003
  1.9380115581E+005  5.4363012140E+003
  1.9550146721E+005  5.4292139075E+003
  1.9720087917E+005  5.4222192891E+003
  1.9890117972E+005  5.4153103394E+003
  2.0060076890E+005  5.4084941268E+003
  2.0230133167E+005  5.4017643433E+003
  2.0400093508E+005  5.3951294557E+003
  2.0570079023E+005  5.3885852586E+003
  2.0740085780E+005  5.3821325491E+003
  2.0910101224E+005  5.3757723927E+003
  2.1080107188E+005  5.3695059342E+003
  2.1250123486E+005  5.3633327924E+003
  2.1420132115E+005  5.3572544778E+003
  2.1590083826E+005  5.3512732207E+003
  2.1760081370E+005  5.3453858973E+003
  2.1930112012E+005  5.3395935386E+003
  2.2100104282E+005  5.3338989324E+003
  2.2270118005E+005  5.3283004501E+003
  2.2440076109E+005  5.3228012417E+003
  2.2610078147E+005  5.3173985569E+003
  2.2780075107E+005  5.3120944633E+003
  2.2950115627E+005  5.3068879482E+003
  2.3120106452E+005  5.3017820914E+003
  2.3290087578E+005  5.2967761960E+003
  2.3460114319E+005  5.2918691878E+003
  2.3630113724E+005  5.2870636329E+003
  2.3800074559E+005  5.2823602512E+003
  2.3970108434E+005  5.2777564538E+003
  2.4140081321E+005  5.2732559613E+003
  2.4310118358E+005  5.2688561415E+003
  2.4480120962E+005  5.2645601315E+003
  2.4650088422E+005  5.2603683435E+003
  2.4820076737E+005  5.2562798414E+003
  2.4990059665E+005  5.2522957271E+003
  2.5160099874E+005  5.2484147288E+003
  2.5330111060E+005  5.2446394779E+003
  2.5500102292E+005  5.2409702719E+003
  2.5670094725E+005  5.2374071026E+003
  2.5840082645E+005  5.2339505539E+003
  2.6010082244E+005  5.2306007523E+003
  2.6180143855E+005  5.2273568168E+003
  2.6350078058E+005  5.2242231330E+003
  2.6520081996E+005  5.2211966101E+003
  2.6690092722E+005  5.2182786963E+003
  2.6860117593E+005  5.2154697441E+003
  2.7030134265E+005  5.2127706212E+003
  2.7200128310E+005  5.2101817241E+003
  2.7370074026E+005  5.2077040534E+003
  2.7540089584E+005  5.2053364198E+003
  2.7710111234E+005  5.2030801489E+003
  2.7880111284E+005  5.2009360793E+003
  2.8050118482E+005  5.1989041035E+003
  2.8220099213E+005  5.1969847656E+003
  2.8390106077E+005  5.1951781643E+003
  2.8560129001E+005  5.1934848195E+003
  2.8730119963E+005  5.1919056016E+003
  2.8900138666E+005  5.1904402799E+003
  2.9070128449E+005  5.1890895941E+003
  2.9240096760E+005  5.1878536420E+003
  2.9410106702E+005  5.1867325221E+003
  2.9580106687E+005  5.1857269613E+003
  2.9750110667E+005  5.1848371841E+003
  2.9920075642E+005  5.1840636637E+003
  3.0090084754E+005  5.1834061226E+003
  3.0260077696E+005  5.1828650421E+003
  3.0430107779E+005  5.1824407015E+003
  3.0600080512E+005  5.1821335421E+003
  3.0770117419E+005  5.1819435802E+003
  3.0940104583E+005  5.1818711805E+003
  3.1110097653E+005  5.1819162721E+003
  3.1280091909E+005  5.1820789319E+003
  3.1450094257E+005  5.1823594953E+003
  3.1620104425E+005  5.1827581124E+003
  3.1790117562E+005  5.1832748758E+003
  3.1960108681E+005  5.1839097860E+003
  3.2130084362E+005  5.1846625610E+003
  3.2300097726E+005  5.1855336163E+003
  3.2470120333E+005  5.1865229631E+003
  3.2640134428E+005  5.1876304822E+003
  3.2810128389E+005  5.1888560320E+003
  3.2980101393E+005  5.1901994858E+003
  3.3150133476E+005  5.1916610706E+003
  3.3320103635E+005  5.1932399062E+003
  3.3490108481E+005  5.1949367354E+003
  3.3660093879E+005  5.1967507539E+003
  3.3830086193E+005  5.1986820192E+003
  3.4000209252E+005  5.2007330238E+003
  3.4170097409E+005  5.2028974549E+003
  3.4340099478E+005  5.2051804811E+003
  3.4510164719E+005  5.2075809970E+003
  3.4680162439E+005  5.2100966310E+003
  3.4850119810E+005  5.2127270689E+003
  3.5020151300E+005  5.2154735421E+003
  3.5190095150E+005  5.2183325461E+003
  3.5360123080E+005  5.2213065951E+003
  3.5530150200E+005  5.2243937488E+003
  3.5700159037E+005  5.2275930777E+003
  3.5870128660E+005  5.2309035902E+003
  3.6040176660E+005  5.2343269228E+003
  3.6210107738E+005  5.2378581781E+003
  3.6380115850E+005  5.2415009064E+003
  3.6550106958E+005  5.2452524619E+003
  3.6720127938E+005  5.2491131086E+003
  3.6890174540E+005  5.2530820358E+003
  3.7060188118E+005  5.2571569558E+003
  3.7230186551E+005  5.2613372346E+003
  3.7400169545E+005  5.2656221489E+003
  3.7570162744E+005  5.2700114071E+003
  3.7740097524E+005  5.2745023940E+003
  3.7910117253E+005  5.2790980966E+003
  3.8080151727E+005  5.2837960597E+003
  3.8250118730E+005  5.2885936016E+003
  3.8420123253E+005  5.2934940812E+003
  3.8590177764E+005  5.2984998255E+003
  3.8760148128E+005  5.3036130957E+003
  3.8930172743E+005  5.3088407684E+003
  3.9100188790E+005  5.3141789774E+003
  3.9270097718E+005  5.3196214181E+003
  3.9440112456E+005  5.3251738278E+003
  3.9610163070E+005  5.3308343913E+003
  3.9780164300E+005  5.3366011701E+003
  3.9950197571E+005  5.3424779039E+003
  4.0120159213E+005  5.3484617575E+003
  4.0290202779E+005  5.3545591497E+003
  4.0460131772E+005  5.3607636550E+003
  4.0630158100E+005  5.3670817313E+003
  4.0800178785E+005  5.3735104166E+003
  4.0970126178E+005  5.3800459626E+003
  4.1140212839E+005  5.3866965961E+003
  4.1310136111E+005  5.3934494622E+003
  4.1480248693E+005  5.4003187257E+003
  4.1650205843E+005  5.4072908711E+003
  4.1820219526E+005  5.4143745872E+003
  4.1990155982E+005  5.4215647712E+003
  4.2160282898E+005  5.4288726452E+003
  4.2330199415E+005  5.4362813681E+003
  4.2500178533E+005  5.4438027112E+003
  4.2670154699E+005  5.4514337567E+003
  4.2840219250E+005  5.4591786622E+003
  4.3010215864E+005  5.4670300300E+003
  4.3180229143E+005  5.4749913962E+003
  4.3350174592E+005  5.4830584532E+003
  4.3520254649E+005  5.4912405553E+003
  4.3690204525E+005  5.4995245963E+003
  4.3860153784E+005  5.5079163051E+003
  4.4030230469E+005  5.5164216469E+003
  4.4200158168E+005  5.5250261018E+003
  4.4370278481E+005  5.5337466232E+003
  4.4540283284E+005  5.5425669205E+003
  4.4710295712E+005  5.5514927206E+003
  4.4880157974E+005  5.5605154222E+003
  4.5050211775E+005  5.5696524029E+003
  4.5220265738E+005  5.5788925501E+003
  4.5390170491E+005  5.5882270227E+003
  4.5560227397E+005  5.5976717131E+003
  4.5730263506E+005  5.6072165152E+003
  4.5900174863E+005  5.6168548216E+003
  4.6070210817E+005  5.6266002057E+003
  4.6240178905E+005  5.6364400569E+003
  4.6410358278E+005  5.6463913684E+003
  4.6580224587E+005  5.6564218405E+003
  4.6750266606E+005  5.6665597821E+003
  4.6920300440E+005  5.6767934730E+003
  4.7090312498E+005  5.6871215583E+003
  4.7260257519E+005  5.6975402699E+003
  4.7430339201E+005  5.7080615036E+003
  4.7600291874E+005  5.7186682206E+003
  4.7770382681E+005  5.7293762795E+003
  4.7940314251E+005  5.7401663131E+003
  4.8110391621E+005  5.7510568077E+003
  4.8280260459E+005  5.7620242034E+003
  4.8450383357E+005  5.7730978727E+003
  4.8620324896E+005  5.7842488720E+003
  4.8790403652E+005  5.7954973834E+003
  4.8960358217E+005  5.8068255627E+003
  4.9130410610E+005  5.8182474021E+003
  4.9300412209E+005  5.8297522123E+003
  4.9470422695E+005  5.8413436601E+003
  4.9640237700E+005  5.8530070831E+003
  4.9810256751E+005  5.8647695189E+003
  4.9980332224E+005  5.8766200755E+003
  5.0150407495E+005  5.8885549114E+003
  5.0320360428E+005  5.9005645994E+003
  5.0490388842E+005  5.9126624189E+003
  5.0660333856E+005  5.9248364847E+003
  5.0830435478E+005  5.9371040693E+003
  5.1000367110E+005  5.9494410579E+003
  5.1170275298E+005  5.9618573807E+003
  5.1340445344E+005  5.9743741625E+003
  5.1510249981E+005  5.9869443315E+003
  5.1680346485E+005  5.9996176507E+003
  5.1850360875E+005  6.0123639425E+003
  5.2020446252E+005  6.0251958826E+003
  5.2190345594E+005  6.0380943101E+003
  5.2360457323E+005  6.0510873216E+003
  5.2530349450E+005  6.0641442272E+003
  5.2700518235E+005  6.0773013426E+003
  5.2870533088E+005  6.0905259218E+003
  5.3040451198E+005  6.1038225423E+003
  5.3210425371E+005  6.1172026576E+003
  5.3380453051E+005  6.1306655451E+003
  5.3550424748E+005  6.1442035597E+003
  5.3720414155E+005  6.1578216710E+003
  5.3890462744E+005  6.1715233323E+003
  5.4060515484E+005  6.1853047607E+003
  5.4230381700E+005  6.1991494387E+003
  5.4400506950E+005  6.2130940691E+003
  5.4570573657E+005  6.2271130735E+003
  5.4740482224E+005  6.2411979968E+003
  5.4910609008E+005  6.2553800805E+003
  5.5080432517E+005  6.2696163966E+003
  5.5250399076E+005  6.2839443218E+003
  5.5420405941E+005  6.2983551800E+003
  5.5590431095E+005  6.3128481067E+003
  5.5760564056E+005  6.3274304935E+003
  5.5930358248E+005  6.3420635135E+003
  5.6100457466E+005  6.3568020906E+003
  5.6270367045E+005  6.3716034124E+003
  5.6440344371E+005  6.3864901013E+003
  5.6610306809E+005  6.4014548846E+003
  5.6780517654E+005  6.4165213158E+003
  5.6950359938E+005  6.4316347766E+003
  5.7120428675E+005  6.4468483279E+003
  5.7290592690E+005  6.4621507343E+003
  5.7460388075E+005  6.4775008849E+003
  5.7630553959E+005  6.4929674109E+003
  5.7800617382E+005  6.5085044954E+003
  5.7970689795E+005  6.5241255695E+003
  5.8140486837E+005  6.5398061084E+003
  5.8310738291E+005  6.5556116110E+003
  5.8480427654E+005  6.5714521556E+003
  5.8650454136E+005  6.5874096682E+003
  5.8820489738E+005  6.6034560860E+003
  5.8990572486E+005  6.6195954384E+003
  5.9160387409E+005  6.6358008295E+003
  5.9330468358E+005  6.6521224358E+003
  5.9500781842E+005  6.6685593232E+003
  5.9670546545E+005  6.6850377999E+003
  5.9840612400E+005  6.7016421028E+003
  6.0010660073E+005  6.7183426933E+003
  6.0180430564E+005  6.7351151547E+003
  6.0350640234E+005  6.7520334409E+003
  6.0520746376E+005  6.7690449873E+003
  6.0690565218E+005  6.7861330820E+003
  6.0860660255E+005  6.8033561646E+003
  6.1030701485E+005  6.8206840236E+003
  6.1200703533E+005  6.8381199206E+003
  6.1370613219E+005  6.8556599157E+003
  6.1540526972E+005  6.8733161005E+003
  6.1710570550E+005  6.8911033501E+003
  6.1880782106E+005  6.9090283000E+003
  6.2050713678E+005  6.9270448520E+003
  6.2220509704E+005  6.9451696923E+003
  6.2390673808E+005  6.9634585770E+003
  6.2560636758E+005  6.9818524074E+003
  6.2730537604E+005  7.0003675904E+003
  6.2900502691E+005  7.0190197079E+003
  6.3070438903E+005  7.0378003195E+003
  6.3240525360E+005  7.0567306283E+003
  6.3410607873E+005  7.0758126855E+003
  6.3580857438E+005  7.0950425106E+003
  6.3750731401E+005  7.1143532354E+003
  6.3920477770E+005  7.1337883531E+003
  6.4090503881E+005  7.1533914495E+003
  6.4260744487E+005  7.1731587355E+003
  6.4430626736E+005  7.1930252440E+003
  6.4600910653E+005  7.2130793227E+003
  6.4770924207E+005  7.2332434828E+003
  6.4940580019E+005  7.2535052246E+003
  6.5110982923E+005  7.2739991325E+003
  6.5280816086E+005  7.2945667270E+003
  6.5450981657E+005  7.3153164253E+003
  6.5620713440E+005  7.3361560756E+003
  6.5790996942E+005  7.3572067144E+003
  6.5960879104E+005  7.3783510807E+003
  6.6130578611E+005  7.3996161460E+003
  6.6300712210E+005  7.4210793306E+003
  6.6470732264E+005  7.4426727459E+003
  6.6641087509E+005  7.4644543945E+003
  6.6810845317E+005  7.4863048491E+003
  6.6980755368E+005  7.5083206000E+003
  6.7151007214E+005  7.5305273152E+003
  6.7321111407E+005  7.5528617633E+003
  6.7490600418E+005  7.5752621569E+003
  6.7661044825E+005  7.5979369150E+003
  6.7831091249E+005  7.6207069525E+003
  6.8000932861E+005  7.6435977230E+003
  6.8170736191E+005  7.6666316180E+003
  6.8340934433E+005  7.6898685330E+003
  6.8511037353E+005  7.7132411825E+003
  6.8680776663E+005  7.7367131324E+003
  6.8851102181E+005  7.7604173037E+003
  6.9020782499E+005  7.7841839476E+003
  6.9190606340E+005  7.8081243167E+003
  6.9361098559E+005  7.8323148739E+003
  6.9530895487E+005  7.8565632202E+003
  6.9700616714E+005  7.8809577404E+003
  6.9870755884E+005  7.9055707130E+003
  7.0040667846E+005  7.9303102646E+003
  7.0210953993E+005  7.9552645187E+003
  7.0380646940E+005  7.9802918702E+003
  7.0550656148E+005  8.0055265429E+003
  7.0720808942E+005  8.0309440671E+003
  7.0890841154E+005  8.0565035572E+003
  7.1060924294E+005  8.0822335214E+003
  7.1230854337E+005  8.1081025594E+003
  7.1400645784E+005  8.1341116150E+003
  7.1571123883E+005  8.1604278061E+003
  7.1740867547E+005  8.1868785141E+003
  7.1911093021E+005  8.2133513624E+003
  7.2081203484E+005  8.2401545348E+003
  7.2251284939E+005  8.2670807930E+003
  7.2421228838E+005  8.2941167877E+003
  7.2591230270E+005  8.3213106692E+003
  7.2760901559E+005  8.3486047326E+003
  7.2930773130E+005  8.3760855730E+003
  7.3101220925E+005  8.4038157961E+003
  7.3271105861E+005  8.4316109650E+003
  7.3441011713E+005  8.4595660101E+003
  7.3610848927E+005  8.4876661897E+003
  7.3781224771E+005  8.5160134556E+003
  7.3951076694E+005  8.5444312799E+003
  7.4120925094E+005  8.5730056785E+003
  7.4290984739E+005  8.6017733013E+003
  7.4460825116E+005  8.6306620640E+003
  7.4630803324E+005  8.6597330395E+003
  7.4800753107E+005  8.6889579886E+003
  7.4971104757E+005  8.7184114488E+003
  7.5140878092E+005  8.7479233925E+003
  7.5310966405E+005  8.7776482870E+003
  7.5481094202E+005  8.8075384965E+003
  7.5651247672E+005  8.8375919894E+003
  7.5821421655E+005  8.8678079201E+003
  7.5991187112E+005  8.8981100366E+003
  7.6161382994E+005  8.9286477873E+003
  7.6331378896E+005  8.9593085196E+003
  7.6501410619E+005  8.9901347059E+003
  7.6671348916E+005  9.0211033569E+003
  7.6841117577E+005  9.0522008793E+003
  7.7010983791E+005  9.0834765527E+003
  7.7181227986E+005  9.1149830726E+003
  7.7350887079E+005  9.1465424873E+003
  7.7520834338E+005  9.1783174789E+003
  7.7691119096E+005  9.2103188215E+003
  7.7860997211E+005  9.2424073811E+003
  7.8031048454E+005  9.2746931845E+003
  7.8201183712E+005  9.3071605242E+003
  7.8370634876E+005  9.3396295529E+003
  7.8540647563E+005  9.3723424514E+003
  7.8710911514E+005  9.4053637000E+003
  7.8880994402E+005  9.4385314901E+003
  7.9051025652E+005  9.4718264673E+003
  7.9221022597E+005  9.5052828455E+003
  7.9390948276E+005  9.5388949780E+003
  7.9561246686E+005  9.5727511736E+003
  7.9731364494E+005  9.6067459137E+003
  7.9901581555E+005  9.6409364679E+003
  8.0070859913E+005  9.6751112345E+003
  8.0241008916E+005  9.7096366208E+003
  8.0411448679E+005  9.7444004100E+003
  8.0581242585E+005  9.7792117577E+003
  8.0751640729E+005  9.8143253511E+003
  8.0921294061E+005  9.8494632242E+003
  8.1091331636E+005  9.8848599616E+003
  8.1261057922E+005  9.9203709312E+003
  8.1431484494E+005  9.9562083146E+003
  8.1601559012E+005  9.9921531169E+003
  8.1771573276E+005  1.0028267357E+004
  8.1941574140E+005  1.0064560676E+004
  8.2111293386E+005  1.0100975272E+004
  8.2281641602E+005  1.0137707896E+004
  8.2450972235E+005  1.0174403963E+004
  8.2620832609E+005  1.0211398714E+004
  8.2791313752E+005  1.0248714421E+004
  8.2961382163E+005  1.0286126099E+004
  8.3131533217E+005  1.0323743023E+004
  8.3301640283E+005  1.0361537901E+004
  8.3470991495E+005  1.0399351902E+004
  8.3641374138E+005  1.0437585538E+004
  8.3810908549E+005  1.0475818289E+004
  8.3981590773E+005  1.0514501614E+004
  8.4151013622E+005  1.0553087800E+004
  8.4320894351E+005  1.0591966800E+004
  8.4491499852E+005  1.0631216470E+004
  8.4661528479E+005  1.0670524155E+004
  8.4831558165E+005  1.0710025594E+004
  8.5001801061E+005  1.0749773350E+004
  8.5171383648E+005  1.0789563744E+004
  8.5341439567E+005  1.0829662738E+004
  8.5511004772E+005  1.0869844134E+004
  8.5681260184E+005  1.0910389570E+004
  8.5851325996E+005  1.0951091147E+004
  8.6021441113E+005  1.0992006458E+004
  8.6191735233E+005  1.1033168378E+004
  8.6361476101E+005  1.1074399873E+004
  8.6531475353E+005  1.1115897489E+004
  8.6701706048E+005  1.1157655556E+004
  8.6871150699E+005  1.1199424367E+004
  8.7041106792E+005  1.1241523260E+004
  8.7211588361E+005  1.1283959058E+004
  8.7381459357E+005  1.1326450068E+004
  8.7551843112E+005  1.1369277553E+004
  8.7721402154E+005  1.1412106341E+004
  8.7891773419E+005  1.1455351258E+004
  8.8061839564E+005  1.1498730173E+004
  8.8231125269E+005  1.1542120044E+004
  8.8401338987E+005  1.1585960098E+004
  8.8572239472E+005  1.1630193816E+004
  8.8741254103E+005  1.1674155599E+004
  8.8911172364E+005  1.1718570647E+004
  8.9082062449E+005  1.1763461366E+004
  8.9251185665E+005  1.1808108119E+004
  8.9421465801E+005  1.1853283695E+004
  8.9591344162E+005  1.1898578461E+004
  8.9761259474E+005  1.1944110774E+004
  8.9931341469E+005  1.1989917659E+004
  9.0101372432E+005  1.2035942978E+004
  9.0271919440E+005  1.2082344120E+004
  9.0441348621E+005  1.2128678526E+004
  9.0612065716E+005  1.2175607686E+004
  9.0781539907E+005  1.2222464670E+004
  9.0951734489E+005  1.2269736542E+004
  9.1121720560E+005  1.2317202883E+004
  9.1291215097E+005  1.2364784168E+004
  9.1461540729E+005  1.2412857064E+004
  9.1631529697E+005  1.2461095277E+004
  9.1801332332E+005  1.2509544174E+004
  9.1971378598E+005  1.2558329764E+004
  9.2141042039E+005  1.2607289728E+004
  9.2311734823E+005  1.2656814376E+004
  9.2481782582E+005  1.2706426292E+004
  9.2652173466E+005  1.2756415462E+004
  9.2821450207E+005  1.2806377461E+004
  9.2991838997E+005  1.2856967443E+004
  9.3161536190E+005  1.2907654272E+004
  9.3331381400E+005  1.2958690548E+004
  9.3502252952E+005  1.3010349160E+004
  9.3672364029E+005  1.3062096954E+004
  9.3841866650E+005  1.3113981167E+004
  9.4011995804E+005  1.3166383280E+004
  9.4182534850E+005  1.3219243062E+004
  9.4352683272E+005  1.3272316877E+004
  9.4522330938E+005  1.3325572607E+004
  9.4691608384E+005  1.3379052996E+004
  9.4862050741E+005  1.3433248859E+004
  9.5032266715E+005  1.3487723444E+004
  9.5201550593E+005  1.3542249940E+004
  9.5371868251E+005  1.3597464662E+004
  9.5542297929E+005  1.3653075005E+004
  9.5712277369E+005  1.3708898626E+004
  9.5881811118E+005  1.3764935859E+004
  9.6052669617E+005  1.3821775995E+004
  9.6222537380E+005  1.3878650817E+004
  9.6392463842E+005  1.3935909395E+004
  9.6562286742E+005  1.3993497204E+004
  9.6732039166E+005  1.4051448840E+004
  9.6901865464E+005  1.4109755506E+004
  9.7071723492E+005  1.4168441638E+004
  9.7242749295E+005  1.4227897550E+004
  9.7411837248E+005  1.4287040827E+004
  9.7582701051E+005  1.4347166786E+004
  9.7752385186E+005  1.4407234426E+004
  9.7922305622E+005  1.4467740528E+004
  9.8092630040E+005  1.4528744068E+004
  9.8261608473E+005  1.4589612000E+004
  9.8432795542E+005  1.4651623886E+004
  9.8602833553E+005  1.4713563164E+004
  9.8772196128E+005  1.4775593189E+004
  9.8942913786E+005  1.4838455717E+004
  9.9111944215E+005  1.4901025415E+004
  9.9282070141E+005  1.4964326454E+004
  9.9452943852E+005  1.5028230392E+004
  9.9623020263E+005  1.5092154892E+004
  9.9792711683E+005  1.5156247377E+004
  9.9962587918E+005  1.5220718178E+004
  1.0013305099E+006  1.5285717238E+004
  1.0030263908E+006  1.5350681978E+004
  1.0047279963E+006  1.5416161969E+004
  1.0064204053E+006  1.5481578128E+004
  1.0081237418E+006  1.5547704883E+004
  1.0098316397E+006  1.5614295039E+004
  1.0115233689E+006  1.5680534819E+004
  1.0132153426E+006  1.5747052195E+004
  1.0149124010E+006  1.5814042460E+004
  1.0166204197E+006  1.5881739234E+004
  1.0183230510E+006  1.5949491763E+004
  1.0200287898E+006  1.6017632169E+004
  1.0217243242E+006  1.6085622499E+004
  1.0234203476E+006  1.6153886283E+004
  1.0251182493E+006  1.6222478090E+004
  1.0268313972E+006  1.6291939842E+004
  1.0285301387E+006  1.6361067012E+004
  1.0302226519E+006  1.6430184940E+004
  1.0319213102E+006  1.6499796118E+004
  1.0336256719E+006  1.6569882895E+004
  1.0353254358E+006  1.6640019259E+004
  1.0370185347E+006  1.6710115992E+004
  1.0387295994E+006  1.6781193304E+004
  1.0404213169E+006  1.6851698993E+004
  1.0421341556E+006  1.6923317731E+004
  1.0438264260E+006  1.6994304278E+004
  1.0455322749E+006  1.7066087209E+004
  1.0472397738E+006  1.7138165638E+004
  1.0489233669E+006  1.7209448689E+004
  1.0506341458E+006  1.7282112943E+004
  1.0523247623E+006  1.7354138251E+004
  1.0540382912E+006  1.7427359393E+004
  1.0557212942E+006  1.7499489702E+004
  1.0574251583E+006  1.7572727427E+004
  1.0591278710E+006  1.7646127744E+004
  1.0608365509E+006  1.7719996098E+004
  1.0625344969E+006  1.7793607341E+004
  1.0642297154E+006  1.7867303799E+004
  1.0659378985E+006  1.7941767401E+004
  1.0676406702E+006  1.8016195822E+004
  1.0693238126E+006  1.8089960583E+004
  1.0710343418E+006  1.8165121909E+004
  1.0727311843E+006  1.8239874429E+004
  1.0744306293E+006  1.8314928078E+004
  1.0761256820E+006  1.8389970138E+004
  1.0778317175E+006  1.8465678714E+004
  1.0795272510E+006  1.8541096770E+004
  1.0812383819E+006  1.8617381948E+004
  1.0829339522E+006  1.8693146289E+004
  1.0846248808E+006  1.8768858439E+004
  1.0863403972E+006  1.8845831972E+004
  1.0880407556E+006  1.8922279267E+004
  1.0897439200E+006  1.8999000672E+004
  1.0914427984E+006  1.9075671365E+004
  1.0931289666E+006  1.9151903298E+004
  1.0948397720E+006  1.9229381391E+004
  1.0965266103E+006  1.9305898538E+004
  1.0982332106E+006  1.9383432637E+004
  1.0999398509E+006  1.9461083718E+004
  1.1016287179E+006  1.9538033620E+004
  1.1033267562E+006  1.9615503535E+004
  1.1050381477E+006  1.9693679899E+004
  1.1067431505E+006  1.9771655650E+004
  1.1084251221E+006  1.9848676829E+004
  1.1101300116E+006  1.9926807674E+004
  1.1118309050E+006  2.0004832288E+004
  1.1135201534E+006  2.0082390595E+004
  1.1152271455E+006  2.0160824734E+004
  1.1169307707E+006  2.0239160038E+004
  1.1186265764E+006  2.0317188351E+004
  1.1203246932E+006  2.0395371987E+004
  1.1220428392E+006  2.0474523825E+004
  1.1237462035E+006  2.0553044222E+004
  1.1254456792E+006  2.0631421063E+004
  1.1271247465E+006  2.0708882867E+004
  1.1288250586E+006  2.0787353309E+004
  1.1305409220E+006  2.0866564147E+004
  1.1322301430E+006  2.0944563154E+004
  1.1339373891E+006  2.1023408548E+004
  1.1356488042E+006  2.1102456403E+004
  1.1373462553E+006  2.1180854920E+004
  1.1390411001E+006  2.1259141323E+004
  1.1407525053E+006  2.1338184459E+004
  1.1424308910E+006  2.1415688421E+004
  1.1441406625E+006  2.1494623132E+004
  1.1458457716E+006  2.1573320392E+004
  1.1475335013E+006  2.1651163824E+004
  1.1492385970E+006  2.1729815204E+004
  1.1509320677E+006  2.1807906036E+004
  1.1526333755E+006  2.1886330272E+004
  1.1543580722E+006  2.1965802530E+004
  1.1560299729E+006  2.2042811246E+004
  1.1577530726E+006  2.2122111023E+004
  1.1594568282E+006  2.2200520170E+004
  1.1611377245E+006  2.2277836340E+004
  1.1628560693E+006  2.2356829841E+004
  1.1645340416E+006  2.2433921413E+004
  1.1662400594E+006  2.2512253557E+004
  1.1679287984E+006  2.2589711133E+004
  1.1696379551E+006  2.2668091891E+004
  1.1713432103E+006  2.2746239679E+004
  1.1730437161E+006  2.2824114175E+004
  1.1747346390E+006  2.2901489509E+004
  1.1764395193E+006  2.2979409281E+004
  1.1781514289E+006  2.3057631847E+004
  1.1798337966E+006  2.3134439599E+004
  1.1815440584E+006  2.3212453440E+004
  1.1832505226E+006  2.3290223844E+004
  1.1849544776E+006  2.3367806441E+004
  1.1866587037E+006  2.3445292928E+004
  1.1883358129E+006  2.3521506382E+004
  1.1900491848E+006  2.3599281524E+004
  1.1917385214E+006  2.3675878414E+004
  1.1934335946E+006  2.3752644129E+004
  1.1951323187E+006  2.3829455310E+004
  1.1968320163E+006  2.3906214670E+004
  1.1985611648E+006  2.3984210193E+004
  1.2002567925E+006  2.4060579974E+004
  1.2019503798E+006  2.4136742000E+004
  1.2036444325E+006  2.4212802781E+004
  1.2053431169E+006  2.4288896681E+004
  1.2070516758E+006  2.4365365378E+004
  1.2087441227E+006  2.4440966289E+004
  1.2104561414E+006  2.4517295174E+004
  1.2121589286E+006  2.4593060833E+004
  1.2138530309E+006  2.4668284592E+004
  1.2155373168E+006  2.4742863246E+004
  1.2172430430E+006  2.4818284165E+004
  1.2189341931E+006  2.4892879105E+004
  1.2206416713E+006  2.4968009605E+004
  1.2223631457E+006  2.5043561997E+004
  1.2240370500E+006  2.5116835729E+004
  1.2257472944E+006  2.5191453462E+004
  1.2274531792E+006  2.5265731088E+004
  1.2291394476E+006  2.5338932182E+004
  1.2308346641E+006  2.5412296138E+004
  1.2325480006E+006  2.5486206804E+004
  1.2342528399E+006  2.5559470330E+004
  1.2359451711E+006  2.5631974477E+004
  1.2376513671E+006  2.5704842934E+004
  1.2393518310E+006  2.5777201117E+004
  1.2410520877E+006  2.5849282977E+004
  1.2427607691E+006  2.5921447024E+004
  1.2444570604E+006  2.5992731025E+004
  1.2461622938E+006  2.6064211706E+004
  1.2478699875E+006  2.6135479011E+004
  1.2495448019E+006  2.6205075083E+004
  1.2512636697E+006  2.6276189025E+004
  1.2529636044E+006  2.6346201921E+004
  1.2546525641E+006  2.6415391027E+004
  1.2563611150E+006  2.6485121803E+004
  1.2580512040E+006  2.6553759373E+004
  1.2597507976E+006  2.6622440706E+004
  1.2614585840E+006  2.6691041888E+004
  1.2631433316E+006  2.6758445809E+004
  1.2648430515E+006  2.6826079582E+004
  1.2665516325E+006  2.6893692919E+004
  1.2682651561E+006  2.6961086058E+004
  1.2699567484E+006  2.7027295567E+004
  1.2716638594E+006  2.7093736383E+004
  1.2733475474E+006  2.7158900759E+004
  1.2750332168E+006  2.7223765701E+004
  1.2767613689E+006  2.7289932727E+004
  1.2784443093E+006  2.7354019002E+004
  1.2801394731E+006  2.7418216515E+004
  1.2818309558E+006  2.7481955642E+004
  1.2835320555E+006  2.7545718416E+004
  1.2852532033E+006  2.7609880347E+004
  1.2869345706E+006  2.7672242800E+004
  1.2886360496E+006  2.7735007740E+004
  1.2903421900E+006  2.7797624055E+004
  1.2920419202E+006  2.7859674688E+004
  1.2937428695E+006  2.7921419192E+004
  1.2954376787E+006  2.7982634297E+004
  1.2971531262E+006  2.8044258260E+004
  1.2988338260E+006  2.8104279532E+004
  1.3005490124E+006  2.8165226375E+004
  1.3022525332E+006  2.8225381162E+004
  1.3039354772E+006  2.8284525833E+004
  1.3056266408E+006  2.8343622278E+004
  1.3073513081E+006  2.8403494327E+004
  1.3090499964E+006  2.8462175635E+004
  1.3107472705E+006  2.8520385256E+004
  1.3124314095E+006  2.8577900577E+004
  1.3141367912E+006  2.8635776053E+004
  1.3158267474E+006  2.8692693610E+004
  1.3175267650E+006  2.8749693815E+004
  1.3192260976E+006  2.8806301173E+004
  1.3209430071E+006  2.8863034396E+004
  1.3226421320E+006  2.8918908769E+004
  1.3243395477E+006  2.8974204288E+004
  1.3260281713E+006  2.9029025277E+004
  1.3277318260E+006  2.9083918483E+004
  1.3294362758E+006  2.9138261036E+004
  1.3311290538E+006  2.9192078671E+004
  1.3328367868E+006  2.9245915927E+004
  1.3345420347E+006  2.9299057221E+004
  1.3362300310E+006  2.9351524737E+004
  1.3379265616E+006  2.9403780706E+004
  1.3396349212E+006  2.9455730183E+004
  1.3413329234E+006  2.9507250041E+004
  1.3430318031E+006  2.9558286288E+004
  1.3447308796E+006  2.9608660397E+004
  1.3464440666E+006  2.9659245907E+004
  1.3481432401E+006  2.9708935706E+004
  1.3498351636E+006  2.9757926622E+004
  1.3515292769E+006  2.9806313994E+004
  1.3532400118E+006  2.9854923088E+004
  1.3549266291E+006  2.9902328987E+004
  1.3566389639E+006  2.9949726493E+004
  1.3583278292E+006  2.9996247688E+004
  1.3600383172E+006  3.0042803359E+004
  1.3617403446E+006  3.0088352663E+004
  1.3634231561E+006  3.0133180299E+004
  1.3651272190E+006  3.0177987498E+004
  1.3668345953E+006  3.0222074772E+004
  1.3685376611E+006  3.0265814207E+004
  1.3702322703E+006  3.0308555785E+004
  1.3719309732E+006  3.0351005077E+004
  1.3736279559E+006  3.0392963249E+004
  1.3753332100E+006  3.0434279506E+004
  1.3770281897E+006  3.0475189057E+004
  1.3787356045E+006  3.0515554665E+004
  1.3804293493E+006  3.0555484655E+004
  1.3821205705E+006  3.0594876642E+004
  1.3838223734E+006  3.0633795679E+004
  1.3855300761E+006  3.0672711902E+004
  1.3872306024E+006  3.0710737201E+004
  1.3889383023E+006  3.0748810860E+004
  1.3906242573E+006  3.0785661023E+004
  1.3923217429E+006  3.0822674716E+004
  1.3940228052E+006  3.0858993823E+004
  1.3957351573E+006  3.0895489930E+004
  1.3974371067E+006  3.0930943421E+004
  1.3991373037E+006  3.0966334149E+004
  1.4008296774E+006  3.1001049107E+004
  1.4025243896E+006  3.1035113608E+004
  1.4042294804E+006  3.1069205312E+004
  1.4059253997E+006  3.1102374195E+004
  1.4076207825E+006  3.1135381078E+004
  1.4093257134E+006  3.1167742160E+004
  1.4110321579E+006  3.1200079291E+004
  1.4127298864E+006  3.1231680839E+004
  1.4144197633E+006  3.1262406028E+004
  1.4161288740E+006  3.1293265819E+004
  1.4178269517E+006  3.1323065612E+004
  1.4195265123E+006  3.1352826907E+004
  1.4212340887E+006  3.1382111715E+004
  1.4229174688E+006  3.1410184718E+004
  1.4246221057E+006  3.1438424844E+004
  1.4263301837E+006  3.1466120670E+004
  1.4280216126E+006  3.1492759105E+004
  1.4297209649E+006  3.1519261259E+004
  1.4314310806E+006  3.1545317555E+004
  1.4331306332E+006  3.1570399525E+004
  1.4348310334E+006  3.1595170843E+004
  1.4365292691E+006  3.1619260103E+004
  1.4382204527E+006  3.1642393788E+004
  1.4399220673E+006  3.1665298108E+004
  1.4416319221E+006  3.1687609324E+004
  1.4433255210E+006  3.1708806847E+004
  1.4450275823E+006  3.1729704186E+004
  1.4467268735E+006  3.1749833485E+004
  1.4484190770E+006  3.1768970471E+004
  1.4501209572E+006  3.1787781215E+004
  1.4518250096E+006  3.1805629518E+004
  1.4535264381E+006  3.1823012933E+004
  1.4552172269E+006  3.1839594658E+004
  1.4569313073E+006  3.1855399896E+004
  1.4586238919E+006  3.1870645722E+004
  1.4603220022E+006  3.1885208898E+004
  1.4620186298E+006  3.1898846179E+004
  1.4637156778E+006  3.1912095050E+004
  1.4654201407E+006  3.1924462050E+004
  1.4671174753E+006  3.1936467412E+004
  1.4688218717E+006  3.1947851592E+004
  1.4705267605E+006  3.1958415559E+004
  1.4722289772E+006  3.1968593250E+004
  1.4739250277E+006  3.1977903000E+004
  1.4756259097E+006  3.1986931567E+004
  1.4773155934E+006  3.1995063631E+004
  1.4790285172E+006  3.2003015138E+004
  1.4807197178E+006  3.2010269561E+004
  1.4824206753E+006  3.2016804051E+004
  1.4841272392E+006  3.2023024313E+004
  1.4858233387E+006  3.2028390662E+004
  1.4875174729E+006  3.2033508302E+004
  1.4892251510E+006  3.2038050587E+004
  1.4909149684E+006  3.2041803945E+004
  1.4926281484E+006  3.2045271495E+004
  1.4943218975E+006  3.2047888016E+004
  1.4960161443E+006  3.2050251996E+004
  1.4977245353E+006  3.2052025438E+004
  1.4994163939E+006  3.2052982674E+004
  1.5011203040E+006  3.2053685712E+004
  1.5028181374E+006  3.2053764303E+004
  1.5045143025E+006  3.2053046073E+004
  1.5062257537E+006  3.2052036164E+004
  1.5079204813E+006  3.2050410417E+004
  1.5096195735E+006  3.2047959514E+004
  1.5113206060E+006  3.2045236457E+004
  1.5130192552E+006  3.2041876499E+004
  1.5147198667E+006  3.2037743980E+004
  1.5164209771E+006  3.2033176779E+004
  1.5181224180E+006  3.2028053760E+004
  1.5198138008E+006  3.2022344812E+004
  1.5215132623E+006  3.2015790141E+004
  1.5232155532E+006  3.2008895304E+004
  1.5249207876E+006  3.2001337961E+004
  1.5266211777E+006  3.1993066968E+004
  1.5283139553E+006  3.1984263903E+004
  1.5300151210E+006  3.1974915818E+004
  1.5317203553E+006  3.1964903146E+004
  1.5334235426E+006  3.1954048694E+004
  1.5351123602E+006  3.1942960767E+004
  1.5368194332E+006  3.1931101407E+004
  1.5385206579E+006  3.1918651319E+004
  1.5402143273E+006  3.1905450954E+004
  1.5419212750E+006  3.1891772139E+004
  1.5436127398E+006  3.1877596879E+004
  1.5453169304E+006  3.1862488165E+004
  1.5470163754E+006  3.1847104256E+004
  1.5487127062E+006  3.1831138370E+004
  1.5504168376E+006  3.1814271211E+004
  1.5521191833E+006  3.1797157751E+004
  1.5538209432E+006  3.1779453651E+004
  1.5555197068E+006  3.1761216178E+004
  1.5572206989E+006  3.1742217009E+004
  1.5589142476E+006  3.1722985709E+004
  1.5606133884E+006  3.1703138503E+004
  1.5623117642E+006  3.1682551745E+004
  1.5640170369E+006  3.1661612725E+004
  1.5657180571E+006  3.1640167736E+004
  1.5674188622E+006  3.1617944966E+004
  1.5691195273E+006  3.1595511191E+004
  1.5708156438E+006  3.1572576475E+004
  1.5725112150E+006  3.1549113562E+004
  1.5742135160E+006  3.1524790008E+004
  1.5759200846E+006  3.1500178922E+004
  1.5776181561E+006  3.1475118493E+004
  1.5793116212E+006  3.1449587430E+004
  1.5810112908E+006  3.1423173910E+004
  1.5827145309E+006  3.1396505737E+004
  1.5844164043E+006  3.1369280901E+004
  1.5861153998E+006  3.1341556215E+004
  1.5878157111E+006  3.1313269717E+004
  1.5895127720E+006  3.1284248952E+004
  1.5912108127E+006  3.1254979730E+004
  1.5929130655E+006  3.1225047474E+004
  1.5946184907E+006  3.1194482094E+004
  1.5963119961E+006  3.1163555132E+004
  1.5980134464E+006  3.1131902540E+004
  1.5997177155E+006  3.1099348889E+004
  1.6014105820E+006  3.1066729664E+004
  1.6031149438E+006  3.1033230932E+004
  1.6048111569E+006  3.0999236614E+004
  1.6065127255E+006  3.0964459457E+004
  1.6082166570E+006  3.0928927578E+004
  1.6099094955E+006  3.0892886375E+004
  1.6116123063E+006  3.0855829283E+004
  1.6133098368E+006  3.0817730562E+004
  1.6150113341E+006  3.0778926560E+004
  1.6167134314E+006  3.0739062935E+004
  1.6184121653E+006  3.0698102691E+004
  1.6201100254E+006  3.0655790726E+004
  1.6218054626E+006  3.0611859615E+004
  1.6235058624E+006  3.0565657655E+004
  1.6252056228E+006  3.0516626516E+004
  1.6269026740E+006  3.0464888235E+004
  1.6286033542E+006  3.0417712723E+004
  1.6303028903E+006  3.0372901455E+004
  1.6320020106E+006  3.0329042549E+004
  1.6337034638E+006  3.0285887515E+004
  1.6354020356E+006  3.0243020732E+004
  1.6371019706E+006  3.0199739705E+004
  1.6388021539E+006  3.0157224569E+004
  1.6405017535E+006  3.0115132522E+004
  1.6422016585E+006  3.0073435152E+004
  1.6439013619E+006  3.0030615966E+004
  1.6456024196E+006  2.9987251272E+004
  1.6473014662E+006  2.9947315763E+004
  1.6490013695E+006  2.9904181216E+004
  1.6507021336E+006  2.9862432800E+004
  1.6524018566E+006  2.9821290352E+004
  1.6541014747E+006  2.9778753098E+004
  1.6558014566E+006  2.9736775990E+004
  1.6575013423E+006  2.9695133396E+004
  1.6592010774E+006  2.9649223199E+004
  1.6609016078E+006  2.9607568982E+004
  1.6626019987E+006  2.9562472221E+004
  1.6643014464E+006  2.9515222956E+004
  1.6660011671E+006  2.9471777475E+004
  1.6677010825E+006  2.9424152291E+004
  1.6694013604E+006  2.9370771004E+004
  1.6711015652E+006  2.9319922806E+004
  1.6728007707E+006  2.9262774112E+004
  1.6745012240E+006  2.9202163676E+004
  1.6762006060E+006  2.9142014154E+004
  1.6779006364E+006  2.9085224615E+004
  1.6796010132E+006  2.9037400501E+004
  1.6813011873E+006  2.8999924420E+004
  1.6830007090E+006  2.8960044040E+004
  1.6847011002E+006  2.8921683654E+004
  1.6864007083E+006  2.8875699318E+004
  1.6881012827E+006  2.8834172523E+004
  1.6898010823E+006  2.8788901459E+004
  1.6915008810E+006  2.8740911486E+004
  1.6932009480E+006  2.8691285581E+004
  1.6949009815E+006  2.8641149578E+004
  1.6966008864E+006  2.8590660815E+004
  1.6983012191E+006  2.8539882928E+004
  1.7000016012E+006  2.8488987698E+004
  1.7017015153E+006  2.8437561156E+004
  1.7034016844E+006  2.8385520327E+004
  1.7051012365E+006  2.8332218116E+004
  1.7068017282E+006  2.8278292929E+004
  1.7085010936E+006  2.8222609501E+004
  1.7102015188E+006  2.8167297436E+004
  1.7119018876E+006  2.8114509997E+004
  1.7136019887E+006  2.8059262883E+004
  1.7153014840E+006  2.8002022055E+004
  1.7170011739E+006  2.7945339296E+004
  1.7187019766E+006  2.7890853379E+004
  1.7204012078E+006  2.7833033034E+004
  1.7221012729E+006  2.7774369076E+004
  1.7238016258E+006  2.7719157953E+004
  1.7255021145E+006  2.7660054131E+004
  1.7272020349E+006  2.7601906176E+004
  1.7289013015E+006  2.7544468770E+004
  1.7306015510E+006  2.7483480667E+004
  1.7323015708E+006  2.7426858282E+004
  1.7340020814E+006  2.7366174238E+004
  1.7357012876E+006  2.7307691047E+004
  1.7374014160E+006  2.7247416160E+004
  1.7391014646E+006  2.7187304079E+004
  1.7408023854E+006  2.7127307961E+004
  1.7425023046E+006  2.7066204576E+004
  1.7442023535E+006  2.7006099581E+004
  1.7459020864E+006  2.6944592858E+004
  1.7476017664E+006  2.6883864878E+004
  1.7493018641E+006  2.6822395930E+004
  1.7510016088E+006  2.6760605601E+004
  1.7527018256E+006  2.6699405299E+004
  1.7544016519E+006  2.6636406994E+004
  1.7561026025E+006  2.6575365261E+004
  1.7578015085E+006  2.6511187390E+004
  1.7595025398E+006  2.6450280768E+004
  1.7612016808E+006  2.6386623489E+004
  1.7629028786E+006  2.6324133051E+004
  1.7646019449E+006  2.6261639490E+004
  1.7663016428E+006  2.6197045495E+004
  1.7680022217E+006  2.6135050499E+004
  1.7697022660E+006  2.6070821273E+004
  1.7714024849E+006  2.6007260948E+004
  1.7731030788E+006  2.5944231700E+004
  1.7748017106E+006  2.5878934826E+004
  1.7765021438E+006  2.5816026794E+004
  1.7782035891E+006  2.5752238722E+004
  1.7799030152E+006  2.5686665574E+004
  1.7816022682E+006  2.5623643280E+004
  1.7833024181E+006  2.5559452483E+004
  1.7850027400E+006  2.5493731092E+004
  1.7867036823E+006  2.5430329501E+004
  1.7884026060E+006  2.5366064451E+004
  1.7901025890E+006  2.5300139116E+004
  1.7918032170E+006  2.5236443369E+004
  1.7935022068E+006  2.5172095930E+004
  1.7952036846E+006  2.5106185571E+004
  1.7969033059E+006  2.5041902922E+004
  1.7986032301E+006  2.4977615563E+004
  1.8003037777E+006  2.4912247966E+004
  1.8020021776E+006  2.4846828787E+004
  1.8037037771E+006  2.4782588724E+004
  1.8054033133E+006  2.4717823083E+004
  1.8071032619E+006  2.4651821049E+004
  1.8088031733E+006  2.4587159051E+004
  1.8105038652E+006  2.4522473510E+004
  1.8122033946E+006  2.4457113327E+004
  1.8139027591E+006  2.4390935546E+004
  1.8156026075E+006  2.4326345408E+004
  1.8173024017E+006  2.4261369758E+004
  1.8190019048E+006  2.4195996814E+004
  1.8207023919E+006  2.4129633867E+004
  1.8224029488E+006  2.4064694860E+004
  1.8241029550E+006  2.3999419863E+004
  1.8258036830E+006  2.3933548094E+004
  1.8275017877E+006  2.3867308813E+004
  1.8292020074E+006  2.3801985970E+004
  1.8309019455E+006  2.3736440232E+004
  1.8326030375E+006  2.3670415234E+004
  1.8343027738E+006  2.3603811526E+004
  1.8360023331E+006  2.3537632011E+004
  1.8377025528E+006  2.3472168325E+004
  1.8394032979E+006  2.3406022154E+004
  1.8411028754E+006  2.3339502811E+004
  1.8428020103E+006  2.3272517863E+004
  1.8445018874E+006  2.3206358065E+004
  1.8462027289E+006  2.3140330664E+004
  1.8479020404E+006  2.3073801476E+004
  1.8496026832E+006  2.3006841333E+004
  1.8513018281E+006  2.2939625099E+004
  1.8530026093E+006  2.2873140013E+004
  1.8547016026E+006  2.2806816159E+004
  1.8564018484E+006  2.2740018859E+004
  1.8581020825E+006  2.2672931477E+004
  1.8598028116E+006  2.2605499191E+004
  1.8615023856E+006  2.2538681430E+004
  1.8632022653E+006  2.2472110326E+004
  1.8649027935E+006  2.2405156790E+004
  1.8666016199E+006  2.2338044276E+004
  1.8683026667E+006  2.2270580172E+004
  1.8700017986E+006  2.2203233601E+004
  1.8717023213E+006  2.2136470983E+004
  1.8734013615E+006  2.2069488951E+004
  1.8751021441E+006  2.2002290260E+004
  1.8768025693E+006  2.1934935749E+004
  1.8785021056E+006  2.1867381631E+004
  1.8802025790E+006  2.1800100783E+004
  1.8819012541E+006  2.1733130164E+004
  1.8836023411E+006  2.1665958486E+004
  1.8853016391E+006  2.1598755429E+004
  1.8870022345E+006  2.1531386059E+004
  1.8887021589E+006  2.1463971890E+004
  1.8904013597E+006  2.1396555956E+004
  1.8921021222E+006  2.1329495927E+004
  1.8938017137E+006  2.1262470558E+004
  1.8955015976E+006  2.1195406869E+004
  1.8972018635E+006  2.1128295083E+004
  1.8989021341E+006  2.1061187885E+004
  1.9006013867E+006  2.0993943082E+004
  1.9023012706E+006  2.0926974900E+004
  1.9040014839E+006  2.0860285477E+004
  1.9057014289E+006  2.0793607384E+004
  1.9074014532E+006  2.0726999258E+004
  1.9091010015E+006  2.0660343563E+004
  1.9108020520E+006  2.0593646076E+004
  1.9125012289E+006  2.0526990648E+004
  1.9142019147E+006  2.0460534761E+004
  1.9159015818E+006  2.0394479513E+004
  1.9176015401E+006  2.0328452550E+004
  1.9193014023E+006  2.0262506786E+004
  1.9210010687E+006  2.0196639926E+004
  1.9227015804E+006  2.0130812225E+004
  1.9244014191E+006  2.0065053433E+004
  1.9261012850E+006  1.9999366361E+004
  1.9278015510E+006  1.9934015230E+004
  1.9295016163E+006  1.9868893607E+004
  1.9312014641E+006  1.9803880060E+004
  1.9329009001E+006  1.9738989094E+004
  1.9346015054E+006  1.9674141129E+004
  1.9363011870E+006  1.9609440424E+004
  1.9380015381E+006  1.9544799017E+004
  1.9397015319E+006  1.9480263257E+004
  1.9414014530E+006  1.9416005824E+004
  1.9431009494E+006  1.9352014062E+004
  1.9448013795E+006  1.9288123848E+004
  1.9465009236E+006  1.9224384946E+004
  1.9482013555E+006  1.9160727839E+004
  1.9499013170E+006  1.9097195278E+004
  1.9516011444E+006  1.9033775090E+004
  1.9533007207E+006  1.8970467759E+004
  1.9550013690E+006  1.8907255209E+004
  1.9567009119E+006  1.8844340972E+004
  1.9584007255E+006  1.8781644565E+004
  1.9601006125E+006  1.8719096725E+004
  1.9618009262E+006  1.8656650190E+004
  1.9635008817E+006  1.8594343204E+004
  1.9652008601E+006  1.8532156266E+004
  1.9669007825E+006  1.8470088611E+004
  1.9686010515E+006  1.8408164397E+004
  1.9703008431E+006  1.8346323621E+004
  1.9720006140E+006  1.8284650405E+004
  1.9737011566E+006  1.8223167675E+004
  1.9754007627E+006  1.8161938613E+004
  1.9771011926E+006  1.8100734700E+004
  1.9788008580E+006  1.8039674836E+004
  1.9805006170E+006  1.7978732785E+004
  1.9822007303E+006  1.7917936895E+004
  1.9839007278E+006  1.7857236361E+004
  1.9856008600E+006  1.7796612806E+004
  1.9873005739E+006  1.7736121714E+004
  1.9890006535E+006  1.7675750920E+004
  1.9907007194E+006  1.7615609935E+004
  1.9924009189E+006  1.7555544095E+004
  1.9941006879E+006  1.7495617491E+004
  1.9958005450E+006  1.7435803696E+004
  1.9975006614E+006  1.7376159534E+004
  1.9992005957E+006  1.7316572353E+004
  2.0009006194E+006  1.7257097675E+004
  2.0026008953E+006  1.7197737506E+004
  2.0043003676E+006  1.7138533034E+004
  2.0060005271E+006  1.7079473580E+004
  2.0077006799E+006  1.7020493273E+004
  2.0094005866E+006  1.6961678918E+004
  2.0111003925E+006  1.6903034653E+004
  2.0128004256E+006  1.6844583967E+004
  2.0145006707E+006  1.6786267761E+004
  2.0162004132E+006  1.6728161113E+004
  2.0179004452E+006  1.6670261422E+004
  2.0196003098E+006  1.6612609595E+004
  2.0213004217E+006  1.6555244133E+004
  2.0230003257E+006  1.6498173513E+004
  2.0247002647E+006  1.6441441985E+004
  2.0264003490E+006  1.6385070069E+004
  2.0281002742E+006  1.6329088186E+004
  2.0298002820E+006  1.6273495934E+004
  2.0315002534E+006  1.6218274088E+004
  2.0332002160E+006  1.6163391723E+004
  2.0349002747E+006  1.6108741133E+004
  2.0366004180E+006  1.6054054694E+004
  2.0383004512E+006  1.5998862705E+004
  2.0400004226E+006  1.5942615524E+004
  2.0417003826E+006  1.5884876226E+004
  2.0434007614E+006  1.5825506094E+004
  2.0451006005E+006  1.5764722847E+004
  2.0468006556E+006  1.5702885338E+004
  2.0485006321E+006  1.5640518886E+004
  2.0502004436E+006  1.5578107558E+004
  2.0519006113E+006  1.5516083352E+004
  2.0536006111E+006  1.5454836652E+004
  2.0553006380E+006  1.5394712677E+004
  2.0570007088E+006  1.5335936194E+004
  2.0587005646E+006  1.5278691923E+004
  2.0604006563E+006  1.5223041793E+004
  2.0621003880E+006  1.5169072946E+004
  2.0638004324E+006  1.5116744277E+004
  2.0655005541E+006  1.5066061473E+004
  2.0672006587E+006  1.5016978397E+004
  2.0689003379E+006  1.4969512099E+004
  2.0706005810E+006  1.4923580789E+004
  2.0723005132E+006  1.4879174482E+004
  2.0740004692E+006  1.4836206479E+004
  2.0757003259E+006  1.4794643484E+004
  2.0774003622E+006  1.4754382436E+004
  2.0791002879E+006  1.4715449737E+004
  2.0808003901E+006  1.4677759382E+004
  2.0825003805E+006  1.4641285450E+004
  2.0842005780E+006  1.4605982506E+004
  2.0859004779E+006  1.4571816796E+004
  2.0876004912E+006  1.4538748731E+004
  2.0893006047E+006  1.4506688747E+004
  2.0910005238E+006  1.4475680502E+004
  2.0927004309E+006  1.4445637104E+004
  2.0944003936E+006  1.4416549011E+004
  2.0961005373E+006  1.4388358230E+004
  2.0978003686E+006  1.4361060549E+004
  2.0995003899E+006  1.4334606875E+004
  2.1012003326E+006  1.4308965648E+004
  2.1029003183E+006  1.4284120170E+004
  2.1046004333E+006  1.4260010150E+004
  2.1063004497E+006  1.4236646676E+004
  2.1080003660E+006  1.4213968489E+004
  2.1097003581E+006  1.4191976201E+004
  2.1114005195E+006  1.4170608048E+004
  2.1131003146E+006  1.4149896045E+004
  2.1148003682E+006  1.4129806433E+004
  2.1165005167E+006  1.4110273891E+004
  2.1182004558E+006  1.4091313641E+004
  2.1199003999E+006  1.4072862923E+004
  2.1216003284E+006  1.4054912442E+004
  2.1233004305E+006  1.4037446811E+004
  2.1250005034E+006  1.4020417351E+004
  2.1267003469E+006  1.4003848232E+004
  2.1284003609E+006  1.3987677821E+004
  2.1301003799E+006  1.3971909055E+004
  2.1318002713E+006  1.3956530644E+004
  2.1335004715E+006  1.3941490406E+004
  2.1352003958E+006  1.3926816770E+004
  2.1369003207E+006  1.3912448524E+004
  2.1386003223E+006  1.3898381054E+004
  2.1403002780E+006  1.3884610670E+004
  2.1420003356E+006  1.3871086105E+004
  2.1437003365E+006  1.3857837762E+004
  2.1454004580E+006  1.3844823610E+004
  2.1471002807E+006  1.3832031162E+004
  2.1488003098E+006  1.3819477015E+004
  2.1505003893E+006  1.3807109195E+004
  2.1522003454E+006  1.3794950718E+004
  2.1539002782E+006  1.3782982127E+004
  2.1556003872E+006  1.3771163633E+004
  2.1573002222E+006  1.3759534565E+004
  2.1590002583E+006  1.3748049141E+004
  2.1607003454E+006  1.3736697708E+004
  2.1624003850E+006  1.3725506755E+004
  2.1641002295E+006  1.3714427421E+004
  2.1658003535E+006  1.3703472630E+004
  2.1675003496E+006  1.3692643782E+004
  2.1692002680E+006  1.3681902425E+004
  2.1709003628E+006  1.3671285719E+004
  2.1726003189E+006  1.3660769515E+004
  2.1743002692E+006  1.3650325585E+004
  2.1760003271E+006  1.3639997041E+004
  2.1777003030E+006  1.3629744505E+004
  2.1794003335E+006  1.3619558192E+004
  2.1811002086E+006  1.3609480160E+004
  2.1828002146E+006  1.3599467963E+004
  2.1845002433E+006  1.3589528566E+004
  2.1862002532E+006  1.3579682412E+004
  2.1879002341E+006  1.3569893207E+004
  2.1896002085E+006  1.3560188584E+004
  2.1913002838E+006  1.3550563845E+004
  2.1930002852E+006  1.3540988579E+004
  2.1947001948E+006  1.3531508712E+004
  2.1964003453E+006  1.3522093066E+004
  2.1981002755E+006  1.3512712944E+004
  2.1998002816E+006  1.3503434607E+004
  2.2015003178E+006  1.3494228623E+004
  2.2032001843E+006  1.3485065039E+004
  2.2049003678E+006  1.3475999658E+004
  2.2066003024E+006  1.3467004088E+004
  2.2083002805E+006  1.3458062299E+004
  2.2100002555E+006  1.3449225136E+004
  2.2117002091E+006  1.3440447039E+004
  2.2134002166E+006  1.3431725092E+004
  2.2151003062E+006  1.3423098265E+004
  2.2168003451E+006  1.3414536227E+004
  2.2185001767E+006  1.3406076410E+004
  2.2202003524E+006  1.3397702444E+004
  2.2219002590E+006  1.3389355204E+004
  2.2236002469E+006  1.3381118703E+004
  2.2253003471E+006  1.3373002224E+004
  2.2270002512E+006  1.3364933523E+004
  2.2287002218E+006  1.3356999668E+004
  2.2304002605E+006  1.3349142370E+004
  2.2321002959E+006  1.3341265222E+004
  2.2338002123E+006  1.3333593863E+004
  2.2355003177E+006  1.3326080926E+004
  2.2372002910E+006  1.3318504070E+004
  2.2389003514E+006  1.3311090307E+004
  2.2406002084E+006  1.3303803905E+004
  2.2423001858E+006  1.3296462282E+004
  2.2440003146E+006  1.3289359936E+004
  2.2457003043E+006  1.3282467150E+004
  2.2474001696E+006  1.3275538519E+004
  2.2491001905E+006  1.3268601476E+004
