977
1 9.71765336545e+26 171095.2056 9309019463.48 5775582080.35 -335091.157553 0.443970537814 0.0
2 1.94352936272e+27 301116.263258 9308977102.33 5775219471.88 -422192.632094 0.443971991827 0.0
3 3.88705729883e+27 422162.393788 9308927082.05 5774788272.28 -531938.488516 0.44397369527 0.0
4 7.77411309129e+27 553290.923191 9308861252.45 5774100246.66 -670219.273588 0.443976477863 0.0
5 1.55482245648e+28 707822.429087 9308747135.78 5773011054.86 -844461.130056 0.443980786337 0.0
6 3.10964475009e+28 897199.741956 9308569095.55 5771279788.58 -1064030.11537 0.443987793808 0.0
7 6.21928933749e+28 1133179.68053 9308268408.74 5768538360.33 -1340745.20291 0.443998700724 0.0
8 1.24385785121e+29 1429264.86602 9307815116.72 5764181950.92 -1689536.14779 0.444016119094 0.0
9 2.48771568619e+29 1801852.07022 9307078156.78 5757274285.3 -2129288.63205 0.444043723131 0.0
10 4.97543135617e+29 2271372.17043 9305917631.16 5746316130.34 -2683949.86546 0.444087556709 0.0
11 9.95086269629e+29 2863612.72075 9304069554.9 5728947784.74 -3383997.82929 0.444156952759 0.0
12 2.22046486355e+30 3693017.37469 9300664852.06 5697187850.49 -4428237.81675 0.444284425447 0.0
13 3.44584345746e+30 4467408.77361 9296947102.72 5662774862.98 -5132494.84218 0.444422922428 0.0
14 5.89660064529e+30 5374688.61927 9292132749.04 5618318852.5 -6150685.15777 0.444602798318 0.0
15 1.0798115021e+31 6542686.76512 9284031725.24 5544394167.3 -7548931.6902 0.444904060219 0.0
16 2.06011437723e+31 8078660.43597 9270672360.49 5424682117.8 -9411658.4393 0.445396253498 0.0
17 4.02072012749e+31 10099759.4555 9248785114.16 5234648486.67 -11862471.7397 0.44618743843 0.0
18 7.5471673068e+31 12622846.6856 9215558779.24 4958285233.16 -14818914.6346 0.447349758101 0.0
19 1.09416488139e+32 14973385.8146 9179243883.57 4686863682.53 -16945804.5768 0.448545192025 0.0
20 1.69576338901e+32 17681667.8875 9134314332.67 4370686346.76 -19936181.4737 0.449913759109 0.0
21 2.43175297916e+32 20554463.3622 9082020034.36 4001058384.89 -22894799.2404 0.451537283239 0.0
22 3.07743982208e+32 23142128.232 9024097461.13 3682165468.78 -25134532.6611 0.453010619289 0.0
23 3.41070946028e+32 24985963.273 8992641214.48 3481851681.98 -26203602.4007 0.453906771559 0.0
24 4.02479988521e+32 26864411.3209 8955184102.75 3299030022.23 -28060476.7232 0.454728954505 0.0
25 4.43832161949e+32 28414231.5308 8915800266.71 3119247147.86 -29244541.043 0.455548997806 0.0
26 5.21158714028e+32 30277636.1391 8870020404.39 2922918918.9 -31352628.9613 0.456426153534 0.0
27 6.09282649735e+32 32386512.132 8814490673.69 2675444011.42 -33628102.9159 0.457467095148 0.0
28 6.55145519017e+32 34033285.792 8767689886.11 2495906620.83 -34771284.4663 0.458242459351 0.0
29 7.14322887006e+32 35605845.8586 8728435602.67 2362102619.82 -36215380.2635 0.458800789436 0.0
30 7.90903900158e+32 37342361.3062 8678048578.47 2199803911.94 -38043588.0757 0.459456802616 0.0
31 8.52285628257e+32 38960783.1999 8634120879.65 2047002549.56 -39484335.5703 0.460043159767 0.0
32 9.05217569718e+32 40411085.6671 8590410164.93 1928533505.13 -40713586.4333 0.460502881836 0.0
33 1.0057670403e+33 42346862.1898 8535030138.4 1776445908.27 -43029672.8738 0.461048030307 0.0
34 1.04642261717e+33 43802608.0568 8482718683.68 1650109174.86 -43960545.3971 0.461508199117 0.0
35 1.10557249568e+33 45240937.8431 8444906626.11 1563657646.03 -45313710.2766 0.461797416832 0.0
36 1.15117051523e+33 46510138.7241 8417594971.07 1475023009.04 -46327635.0369 0.462067883306 0.0
37 1.22476376905e+33 48035614.2285 8367021508.21 1383989567.57 -48051668.0328 0.462392167449 0.0
38 1.27335520494e+33 49391312.6432 8317767698.31 1292969348.87 -49173311.1503 0.462700103883 0.0
39 1.3473567542e+33 50982130.5782 8275991952.48 1205363049.26 -50896539.2717 0.462996318062 0.0
40 1.42113214438e+33 52701662.5041 8216597963.36 1107044760.17 -52634220.5304 0.463368054077 0.0
41 1.4650332794e+33 54119117.3258 8169715925.72 1033626641.36 -53679130.2604 0.463658840156 0.0
42 1.50574574172e+33 55350993.1691 8132994720.58 982821424.852 -54656529.8475 0.463877031839 0.0
43 1.5548105585e+33 56605949.6824 8093828630.21 930681139.328 -55846772.2719 0.464104029797 0.0
44 1.60913504523e+33 57952946.7467 8044560042.16 873199029.196 -57180761.7325 0.464416828395 0.0
45 1.63910200857e+33 59029134.1586 8000244969.38 828640560.133 -57923512.8019 0.464727118936 0.0
46 1.69004584624e+33 60262362.6018 7953230064.13 786822380.931 -59197548.426 0.465072534252 0.0
47 1.78594012892e+33 62227478.9327 7845647231.32 714549212.658 -61626606.997 0.465830774363 0.0
48 1.83089057392e+33 63860890.9377 7721803228.58 651914083.475 -62779660.9259 0.466647732793 0.0
49 1.85486414459e+33 65030025.3718 7650803732.96 622695654.168 -63401036.2988 0.467124011446 0.0
50 1.89681789326e+33 66241244.8534 7589938823.46 595017278.385 -64503070.5927 0.467563943755 0.0
51 1.92828320476e+33 67325205.6287 7513311936.2 565758546.605 -65342142.4183 0.468144566587 0.0
52 1.95525347177e+33 68283331.1684 7455669893.39 543031946.987 -66070419.7511 0.468615845782 0.0
53 1.97704792126e+33 69103317.5463 7422947954.94 524050848.229 -66665939.7387 0.468909896737 0.0
54 1.99574388226e+33 69809045.4554 7387343650.86 508885164.718 -67181512.3705 0.469224382538 0.0
55 2.011860687e+33 70419397.4108 7359289713.35 495998685.667 -67629671.0639 0.46947916634 0.0
56 2.02104722674e+33 70872596.5802 7356688723.14 486204999.208 -67887178.4626 0.469523009488 0.0
57 2.02486149824e+33 71160987.7238 7369442119.31 480754736.983 -67994704.002 0.469436172265 0.0
58 2.02676863399e+33 71336150.8084 7374294592.67 478397162.927 -68048594.6067 0.469399302363 0.0
59 2.02867576974e+33 71454740.6707 7373939866.31 476940185.097 -68102552.0152 0.469405486884 0.0
60 2.02962933761e+33 71529559.0003 7377514883.15 475730082.891 -68129565.7062 0.469377124908 0.0
61 2.03010612155e+33 71574738.7891 7386841225.68 474874624.584 -68143092.0532 0.469308460037 0.0
62 2.03058290549e+33 71605107.3719 7397140404.43 474176353.358 -68156636.4677 0.469229550295 0.0
63 2.03082129745e+33 71624201.518 7472263964.54 471535009.016 -68163455.3213 0.468652390901 0.0
64 2.03094049344e+33 71635707.9456 7504726297.33 470392473.443 -68166874.1975 0.468415556286 0.0
65 2.03108948842e+33 71643916.7208 7543374976.44 469114747.283 -68171161.8982 0.468139990931 0.0
66 2.03135767938e+33 71652461.705 7614340085.7 466850111.772 -68178939.1384 0.46765043887 0.0
67 2.03156627236e+33 71660196.0323 7648248110.86 465663455.21 -68185022.2252 0.467425850748 0.0
68 2.0319685588e+33 71670752.7143 7677157145.95 464618391.895 -68196827.1423 0.467214604755 0.0
69 2.03255656092e+33 71685884.2442 7791242201.36 460847740.285 -68214716.585 0.46630799336 0.0
70 2.03355435614e+33 71710221.3404 7823999934.67 459099431.044 -68245463.7191 0.46604629596 0.0
71 2.03461867104e+33 71740286.8999 7820201360.51 458461343.917 -68278175.1334 0.466046304769 0.0
72 2.03674730085e+33 71791152.2982 7819035571.07 457282400.365 -68343723.6595 0.466072076956 0.0
73 2.04100456047e+33 71888389.4267 7814155127.33 455030650.42 -68474937.4094 0.466113925036 0.0
74 2.04951907971e+33 72081188.7104 7805174297.39 450515211.264 -68737896.4155 0.466190777158 0.0
75 2.06654811819e+33 72468241.2935 7784994281.14 441620900.677 -69265505.1184 0.466364176878 0.0
76 2.10415010011e+33 73314719.3356 7737800722.68 422992577.192 -70436747.6428 0.466757331265 0.0
77 2.18562106095e+33 75209778.4913 7624142148.21 384022847.44 -73008818.9022 0.467648457977 0.0
78 2.22213510119e+33 76842430.9257 7492755591.75 349558398.29 -74185057.9587 0.468644181474 0.0
79 2.25756119974e+33 78340128.3376 7410904933.34 329338726.088 -75348633.1008 0.469307320633 0.0
80 2.28045330432e+33 79538778.116 7353994052.36 313364710.773 -76114115.7695 0.469811478678 0.0
81 2.31826615563e+33 80897959.4691 7287439992.89 297368966.634 -77402242.1908 0.470403296349 0.0
82 2.34238462295e+33 82073933.4494 7227558243.86 281605397.786 -78239856.3049 0.470967677903 0.0
83 2.37431499891e+33 83333878.9663 7171083562.62 267786486.454 -79367559.8364 0.47150671676 0.0
84 2.39704765428e+33 84452877.4898 7115927353.49 254868534.865 -80183035.9623 0.472038448641 0.0
85 2.42517745823e+33 85630570.3954 7066447327.63 243112280.739 -81207669.663 0.472518204854 0.0
86 2.45698555099e+33 86936640.6723 7007546443.38 229768646.895 -82386908.9696 0.473079825659 0.0
87 2.47941704244e+33 88107754.5487 6956668960.63 218123156.065 -83231516.9531 0.473566302488 0.0
88 2.49327391028e+33 89018614.8383 6921937548.61 210574029.517 -83758510.686 0.473892451593 0.0
89 2.50713077813e+33 89803625.8814 6897592223.67 204835947.815 -84289823.5607 0.474127976717 0.0
90 2.53484451382e+33 90868207.9824 6856353780.63 196511231.311 -85364145.2289 0.474497371376 0.0
91 2.54870138166e+33 91743440.2712 6821158125.02 188345396.793 -85908201.3406 0.474824193594 0.0
92 2.56255824951e+33 92528594.33 6793748032.89 183103751.699 -86456220.5252 0.47506208943 0.0
93 2.58231662451e+33 93425065.7729 6761775762.84 176817444.175 -87244762.5214 0.475340452462 0.0
94 2.60207499952e+33 94387486.0687 6726019315.87 169578447.611 -88041963.0648 0.475646944279 0.0
95 2.61092726026e+33 95102187.5552 6692485073.92 164704046.238 -88400833.8519 0.475900837112 0.0
96 2.61977952101e+33 95695347.7291 6679524387.62 161495212.783 -88761804.9907 0.476022109106 0.0
97 2.62863178175e+33 96229711.5092 6657338527.43 158586657.77 -89123587.6277 0.476179750742 0.0
98 2.63748404249e+33 96737079.8044 6644273921.43 155456862.054 -89487516.5616 0.476299521202 0.0
99 2.65945492081e+33 97596082.8752 6607095835.41 150461253.101 -90395020.8333 0.476564083853 0.0
100 2.67044035997e+33 98333404.7249 6570670545.86 145217065.138 -90851485.3752 0.476825399153 0.0
101 2.68142579913e+33 99013805.4023 6552380214.06 141609017.797 -91310871.4116 0.476964811929 0.0
102 2.69102510201e+33 99629165.303 6525194385.93 138550071.511 -91712836.4993 0.477126397507 0.0
103 2.70062440489e+33 100215352.32 6512583535.57 135381038.499 -92117715.3853 0.477268394605 0.0
104 2.71022370777e+33 100789435.041 6483756629.55 132703804.649 -92522224.8279 0.477407433892 0.0
105 2.71982301065e+33 101360959.093 6471156260.03 129619896.496 -92929586.8197 0.477543852045 0.0
106 2.73200889978e+33 102011956.373 6442882130.85 126542796.883 -93447087.3078 0.477698920283 0.0
107 2.74419478891e+33 102707800.774 6416624675.73 123021041.183 -93966399.6074 0.477864966275 0.0
108 2.75576749667e+33 103412308.699 6391216673.04 119644875.74 -94461342.199 0.478021851877 0.0
109 2.76734020443e+33 104125848.683 6363958357.17 116471100.963 -94957338.9762 0.478181528509 0.0
110 2.77891291219e+33 104848232.824 6330380088.91 113507379.697 -95452486.4281 0.478341361573 0.0
111 2.79048561995e+33 105580942.839 6314570996.41 110154592.219 -95951639.713 0.4784911407 0.0
112 2.80205832771e+33 106323688.894 6284556909.73 107209371.685 -96450546.3897 0.478633898376 0.0
113 2.81363103547e+33 107076649.031 6256551993.34 104262768.353 -96949631.0375 0.478781673449 0.0
114 2.81941738935e+33 107646019.064 6237954024.61 102035922.083 -97199522.2011 0.478894438862 0.0
115 2.82520374323e+33 108125539.15 6232330152.11 100295984.627 -97442807.2786 0.479217475199 0.0
116 2.83734925191e+33 108777199.464 6197402811.04 98473658.2152 -97974596.6152 0.479218992023 0.0
117 2.84949476059e+33 109522054.493 6173447035.13 95340415.8816 -98502043.6316 0.479393912584 0.0
118 2.85556751493e+33 110106624.74 6162259417.04 93085874.0159 -98764690.5809 0.479398090889 0.0
119 2.86164026927e+33 110612182.762 6138188061.77 91883611.6983 -99025820.214 0.479451275547 0.0
120 2.87378577794e+33 111296938.661 6118009587.02 89681469.245 -99550586.026 0.47949381135 0.0
121 2.87985853228e+33 111857803.112 6094430153.07 87631465.4162 -99808330.4996 0.479602689158 0.0
122 2.88593128662e+33 112357818.919 6069517503.71 86516738.7313 -100072170.762 0.479604854712 0.0
123 2.8980767953e+33 113053417.498 6053806982.57 84270958.5943 -100584581.485 0.479869557476 0.0
124 2.91022230398e+33 113851393.288 6002870721.02 82109084.6495 -101106102.492 0.47990031655 0.0
125 2.92236781266e+33 114710654.007 5992696006.4 79042613.611 -101657526.034 0.480168501286 0.0
126 2.92936989566e+33 115408889.193 5965368271.57 77106911.4932 -101919547.729 0.480201219434 0.0
127 2.93637197867e+33 116028770.188 5942304003.93 75784816.6392 -102203133.996 0.480315564066 0.0
128 2.94687510318e+33 116748161.444 5906186094.47 74301699.2693 -102651273.059 0.480359446764 0.0
129 2.95737822769e+33 117523843.912 5881594441.04 72113640.9105 -103086369.257 0.480538873519 0.0
130 2.9678813522e+33 118333922.34 5855727395.56 70046454.1712 -103519026.119 0.480548819552 0.0
131 2.98013499747e+33 119238874.838 5821202174.67 67963152.0722 -104017773.685 0.480566018976 0.0
132 2.99238864273e+33 120199754.034 5783129731.54 65715921.7616 -104510793.237 0.480905012195 0.0
133 2.99939072574e+33 120974663.774 5753752849.51 63979411.3317 -104789855.717 0.481176280604 0.0
134 3.00639280874e+33 121660103.986 5740551330.25 62612339.9588 -105072794.201 0.481297786282 0.0
135 3.01339489175e+33 122303108.214 5710233956.64 61528325.3853 -105341782.372 0.481302812468 0.0
136 3.02039697476e+33 122927898.619 5691670934.14 60323667.7413 -105606055.359 0.48133003473 0.0
137 3.02914957852e+33 123622461.824 5657857153.51 59180859.4001 -105947952.512 0.481356316437 0.0
138 3.03790218228e+33 124357410.537 5636377869.73 57623278.1414 -106279191.122 0.481433114124 0.0
139 3.04665478604e+33 125116926.157 5604891581.02 56274446.4891 -106604682.658 0.481475707212 0.0
140 3.0554073898e+33 125893784.097 5578356997.26 54865295.3091 -106925695.56 0.481510566945 0.0
141 3.06591051431e+33 126764743.138 5543086446.8 53434811.9351 -107302525.136 0.48154681546 0.0
142 3.07641363882e+33 127689481.085 5504357608.12 51903570.892 -107669883.614 0.481603076831 0.0
143 3.08173729213e+33 128402088.614 5470219974.19 50848170.7734 -107871719.849 0.48164596294 0.0
144 3.08706094544e+33 129011228.579 5460502119.53 49935109.4453 -108032425.313 0.481718026062 0.0
145 3.09238459875e+33 129570176.934 5435964519.72 49245464.2149 -108231622.238 0.481847201949 0.0
146 3.09770825206e+33 130106746.857 5426505747.63 48343440.5702 -108387919.358 0.481939136015 0.0
147 3.1101781705e+33 130984105.49 5389134873.32 47169672.7089 -108790845.872 0.482062963704 0.0
148 3.11641312971e+33 131731268.673 5353463010.13 45922082.3999 -108986827.58 0.482166404563 0.0
149 3.12264808893e+33 132416939.776 5338599148.27 44968264.8219 -109175065.755 0.482255143301 0.0
150 3.12888304814e+33 133074118.709 5309964851.33 44227570.9174 -109370293.426 0.482260641063 0.0
151 3.13511800736e+33 133720829.917 5296670532.77 43290860.0715 -109538772.342 0.482320390107 0.0
152 3.14758792579e+33 134687601.092 5252587022.02 42200477.6558 -109917511.251 0.482320709391 0.0
153 3.15473419091e+33 135544741.031 5213804398.6 41012947.1538 -110115258.731 0.482335770414 0.0
154 3.16188045603e+33 136351632.206 5190639859.86 40073519.4985 -110308515.254 0.482442499565 0.0
155 3.16902672115e+33 137136317.147 5154073571.45 39328771.905 -110536549.079 0.482490413769 0.0
156 3.17617298627e+33 137916485.828 5145370732.85 38232056.825 -110678774.728 0.482554905046 0.0
157 3.18153268511e+33 138600921.066 5123229469.31 37409992.3296 -110837824.212 0.483233362002 0.0
158 3.18689238395e+33 139241789.882 5117213518.46 36558702.8148 -110957087.801 0.483723261925 0.0
159 3.19225208279e+33 139864302.881 5099138044.7 35834796.4786 -111124951.112 0.484587235046 0.0
160 3.19761178163e+33 140481530.408 5090723158.87 35073994.1663 -111247152.641 0.48465029745 0.0
161 3.20297148047e+33 141097791.286 5062781368.53 34580823.5544 -111387173.148 0.484651376471 0.0
162 3.20833117931e+33 141717257.964 5051308816.5 33873859.7704 -111477397.893 0.4847166921 0.0
163 3.21905057699e+33 142658809.198 5023328731.15 32944376.4534 -111709095.14 0.484985459317 0.0
164 3.22976997467e+33 143777864.113 4996809039.01 31540494.0252 -111924158.551 0.486143793424 0.0
165 3.24584907119e+33 145330985.973 4942664461.44 30177157.1144 -112178785.449 0.486322759872 0.0
166 3.25746175201e+33 146839655.227 4881418441.94 28891632.6943 -112321030.553 0.486398468893 0.0
167 3.26371473399e+33 147995127.463 4851530495.64 27962021.9905 -112383847.616 0.486559951374 0.0
168 3.27622069795e+33 149412293.743 4859769585.18 26283907.1299 -112414656.708 0.490410390336 0.0
169 3.28336696307e+33 150606624.355 4810800043.45 25502841.1174 -112408533.302 0.490484721046 0.0
170 3.29051322819e+33 151694053.17 4774890222.07 24945084.0012 -112395028.876 0.490527875429 0.0
171 3.29765949331e+33 152732760.011 4739138307.0 24390162.1121 -112372953.406 0.490715792686 0.0
172 3.30480575843e+33 153752359.349 4703918340.18 23823638.1935 -112330549.158 0.490904920806 0.0
173 3.31195202355e+33 154767448.517 4667882806.55 23281357.7891 -112276064.493 0.490904920806 0.0
174 3.31909828867e+33 155785472.759 4631075189.19 22746083.3238 -112227045.397 0.491120791228 0.0
175 3.32267142123e+33 156551924.452 4602885073.59 22331798.9004 -112203098.994 0.491579029452 0.0
176 3.32624455379e+33 157194311.136 4584060143.14 22038264.1376 -112150350.354 0.492128284304 0.0
177 3.32981768635e+33 157776790.304 4565237412.54 21715351.2307 -112078041.136 0.493043897236 0.0
178 3.33339081891e+33 158331338.218 4546450977.1 21406258.3466 -112022765.141 0.49380869169 0.0
179 3.34053708403e+33 159139632.042 4518267260.84 21017673.2106 -111917850.502 0.494150866917 0.0
180 3.34768334915e+33 160079404.046 4478171547.61 20560903.0278 -111902226.208 0.494293392815 0.0
181 3.35482961427e+33 161091807.381 4440153203.48 20029666.5533 -111774513.612 0.49497353575 0.0
182 3.36197587939e+33 162145718.186 4402313492.69 19574728.4855 -111640038.367 0.495040391862 0.0
183 3.36912214451e+33 163225673.956 4364653836.96 19127672.508 -111519590.43 0.495088674774 0.0
184 3.37626840963e+33 164324497.092 4326955611.87 18673183.5505 -111412880.762 0.495265797299 0.0
185 3.38341467475e+33 165438601.751 4289438732.21 18230482.3359 -111321930.116 0.49539493518 0.0
186 3.39056093987e+33 166568290.004 4257359555.82 17733761.0904 -111254920.167 0.495667468018 0.0
187 3.39770720499e+33 167713371.133 4224713919.14 17262465.5994 -111191704.692 0.495929479182 0.0
188 3.40128033755e+33 168579582.415 4204870377.01 16877953.2683 -111160397.866 0.496196876059 0.0
189 3.40485347011e+33 169308261.736 4187194921.57 16653064.9413 -111129583.445 0.49644812459 0.0
190 3.41199973523e+33 170269316.261 4158910724.08 16325547.1137 -111069004.057 0.49693376063 0.0
191 3.41914600035e+33 171356862.943 4131773127.22 15824355.609 -111006840.038 0.497545789941 0.0
192 3.42642390637e+33 172530105.209 4092210634.69 15319825.501 -110945581.94 0.499903983201 0.0
193 3.43370181238e+33 173757041.057 4068121357.22 14841757.0315 -110880164.985 0.499907404231 0.0
194 3.44097971839e+33 175018401.792 4032527089.92 14453775.3603 -110811070.988 0.499912030848 0.0
195 3.44825762441e+33 176307338.584 4005230457.96 14016954.0661 -110736240.865 0.499915731518 0.0
196 3.45751955804e+33 177802103.408 3967314490.66 13576825.7234 -110631576.382 0.499919929401 0.0
197 3.46215052485e+33 178980775.217 3939296091.04 13193391.4262 -110574522.781 0.499921769588 0.0
198 3.46678149167e+33 180006615.458 3925110725.91 12910791.8606 -110511417.956 0.499923856759 0.0
199 3.47141245849e+33 180959110.983 3900971759.38 12697103.892 -110449620.607 0.499923917518 0.0
200 3.4760434253e+33 181880587.213 3887903153.7 12414534.1461 -110381394.517 0.499926523198 0.0
201 3.48530535893e+33 183249634.658 3868928487.54 11991779.4422 -110232072.676 0.499927121601 0.0
202 3.49086251911e+33 184486033.451 3832755006.24 11656109.6552 -110134593.895 0.499928852245 0.0
203 3.49641967929e+33 185662985.54 3810741643.9 11375765.6902 -110030883.829 0.499929551713 0.0
204 3.50290303284e+33 186910708.271 3782637677.03 11102935.9065 -109901966.086 0.499930378535 0.0
205 3.50938638638e+33 188207571.659 3767591489.31 10723080.2557 -109763809.804 0.499930902567 0.0
206 3.51586973992e+33 189537380.634 3737481791.55 10440964.1421 -109616366.805 0.499931239616 0.0
207 3.52235309346e+33 190897951.367 3721664007.72 10080008.4628 -109458077.614 0.499931679703 0.0
208 3.52698406028e+33 192079637.068 3692973125.6 9865957.10398 -109338646.982 0.499931755485 0.0
209 3.5316150271e+33 193176850.83 3672870985.32 9667759.28958 -109149206.897 0.499931755521 0.0
210 3.53624599391e+33 194235851.613 3649274269.26 9491683.12546 -109015780.085 0.499931697079 0.0
211 3.54087696073e+33 195279882.643 3625839864.73 9317063.80516 -108910011.989 0.49993168122 0.0
212 3.54550792754e+33 196320920.821 3603333236.03 9139686.72223 -108787082.078 0.499931768654 0.0
213 3.55013889436e+33 197365793.56 3583262156.0 8951616.80144 -108626619.605 0.499931829381 0.0
214 3.55940082799e+33 198951197.885 3549518367.43 8691465.67646 -108278185.796 0.499931892444 0.0
215 3.56495798817e+33 200391132.221 3514319189.18 8419606.51148 -108051771.961 0.499931927277 0.0
216 3.57051514835e+33 201765444.2 3487291741.05 8221364.45543 -107799738.995 0.49993194639 0.0
217 3.57699850189e+33 203224215.765 3455933821.58 8020480.59193 -107524001.969 0.499931938111 0.0
218 3.58348185544e+33 204735138.496 3423948629.79 7799397.22413 -107211735.197 0.499931910357 0.0
219 3.58996520898e+33 206281576.984 3390436813.11 7589693.09905 -106898592.986 0.499931886148 0.0
220 3.59644856252e+33 207855435.817 3356916424.17 7384128.28892 -106589629.562 0.499931919389 0.0
221 3.60015333598e+33 209104353.517 3330831970.02 7224833.24524 -106401883.759 0.499932030173 0.0
222 3.60385810943e+33 210194084.841 3311652560.68 7110867.8971 -106212243.552 0.499932048185 0.0
223 3.61126765633e+33 211679879.364 3283197664.79 6939474.974 -105823141.551 0.499932075198 0.0
224 3.61867720324e+33 213377165.047 3244286177.62 6721025.29021 -105421549.779 0.499932111207 0.0
225 3.62238197669e+33 214708165.114 3215179887.37 6560777.2683 -105215611.698 0.499932135247 0.0
226 3.62608675015e+33 215859650.285 3196039048.78 6453686.71753 -105006204.499 0.499932144812 0.0
227 3.6297915236e+33 216925292.24 3177597149.61 6344801.26687 -104792972.761 0.499932154428 0.0
228 3.63349629705e+33 217952726.646 3161405211.92 6227822.41783 -104575230.633 0.499932164095 0.0
229 3.64090584396e+33 219467113.804 3132315563.47 6073160.48447 -104126513.864 0.499932178753 0.0
230 3.64461061741e+33 220730407.301 3103266722.87 5922600.42994 -103894929.588 0.499932204312 0.0
231 3.64831539086e+33 221872372.772 3084577902.17 5820098.15725 -103658067.628 0.499932222052 0.0
232 3.65572493777e+33 223478420.173 3058413211.5 5660048.27577 -103167163.609 0.499932249821 0.0
233 3.65942971122e+33 224803186.231 3023909143.19 5537188.70477 -103028458.9 0.499932258814 0.0
234 3.66313448468e+33 225995685.622 3015980520.59 5399256.08269 -102654837.268 0.499932270205 0.0
235 3.66683925813e+33 227125559.694 2994229506.03 5313767.98013 -102372886.493 0.499932282736 0.0
236 3.67054403158e+33 228228475.305 2974621958.7 5221502.3952 -102118067.031 0.499932288801 0.0
237 3.67424880503e+33 229322819.277 2956080380.86 5125756.36209 -101839006.485 0.49993231132 0.0
238 3.67795357849e+33 230417576.994 2936837230.22 5033892.72106 -101552966.596 0.499932324064 0.0
239 3.68536312539e+33 232075111.51 2907769011.04 4895394.72129 -100957861.108 0.499932327733 0.0
240 3.68906789885e+33 233466288.316 2878969095.46 4762867.80277 -100648934.078 0.499932327772 0.0
241 3.6927726723e+33 234733096.675 2868858703.64 4644354.0164 -100329996.474 0.499932327957 0.0
242 3.69647744575e+33 235942874.464 2849390019.96 4558279.54607 -100000895.499 0.499932328143 0.0
243 3.7001822192e+33 237129992.124 2831462176.02 4468563.70646 -99666691.6148 0.499932328143 0.0
244 3.70203460593e+33 238016700.478 2817094164.8 4405048.15797 -99495306.2871 0.499932328164 0.0
245 3.70388699266e+33 238755223.503 2810392462.6 4353418.03222 -99321312.0187 0.499932328232 0.0
246 3.70759176611e+33 239719440.343 2796586852.22 4287652.70678 -98966051.3614 0.499932328452 0.0
247 3.71500131302e+33 241412339.404 2770911632.13 4151010.26504 -98223923.8632 0.499932328932 0.0
248 3.71870608647e+33 242872730.219 2741518782.2 4032191.23866 -97838224.0611 0.499932328933 0.0
249 3.72241085992e+33 244223730.666 2723727419.41 3947510.75215 -97442690.0632 0.499932329024 0.0
250 3.72565253669e+33 245448457.497 2707715948.63 3867196.83094 -97087112.1401 0.49993232909 0.0
251 3.72889421346e+33 246614940.107 2690603679.28 3798914.87509 -96722648.0869 0.499932329245 0.0
252 3.73051505185e+33 247479826.518 2688923191.83 3711929.63341 -96535249.9076 0.499932330147 0.0
253 3.73213589024e+33 248196012.445 2683785247.11 3667750.3679 -96344990.4325 0.499932330427 0.0
254 3.73294630943e+33 248697697.486 2688358130.98 3611374.60849 -96248200.7958 0.499932330553 0.0
255 3.73375672862e+33 249092800.11 2686985858.43 3586356.59662 -96150597.4869 0.499932330658 0.0
256 3.73416193822e+33 249363216.189 2694288414.63 3544019.83075 -96101185.9647 0.49993233074 0.0
257 3.73456714781e+33 249571613.444 2696203169.2 3524182.8999 -96051470.8711 0.499932330793 0.0
258 3.73476975261e+33 249712729.989 2704324809.4 3490241.26039 -96026372.6365 0.499932330835 0.0
259 3.73497235741e+33 249820550.518 2713688992.31 3455935.22084 -96001032.2047 0.499932330862 0.0
260 3.73507365981e+33 249893533.945 2739596629.86 3374319.93067 -95988073.1302 0.499932330886 0.0
261 3.73512431101e+33 249939814.291 2767764926.14 3286674.36277 -95981431.0413 0.4999323309 0.0
262 3.73517496221e+33 249972996.349 2794122839.64 3203277.17528 -95974624.9372 0.499932330911 0.0
263 3.73520028781e+33 249994742.612 2820225577.79 3119454.24283 -95971136.2339 0.499932330919 0.0
264 3.73522561341e+33 250010878.886 2839771705.45 3055242.52875 -95967577.9635 0.499932330925 0.0
265 3.73525093901e+33 250024338.714 2861593467.75 2982144.90484 -95963936.6879 0.499932330932 0.0
266 3.73527626461e+33 250036607.362 2884703418.41 2902720.91578 -95960200.8506 0.49993233094 0.0
267 3.73530159021e+33 250048453.475 2909654931.73 2814521.45033 -95956354.8648 0.499932330951 0.0
268 3.73531425301e+33 250057307.73 2929548149.75 2742025.68679 -95954384.3037 0.499932330961 0.0
269 3.73533957861e+33 250067767.682 2950183207.31 2664372.26448 -95950335.5721 0.499932330973 0.0
270 3.73535224141e+33 250076118.518 2973033965.87 2575013.14022 -95948244.5777 0.499932330984 0.0
271 3.73537756701e+33 250086783.886 2997424725.57 2476332.71658 -95943906.2181 0.499932331009 0.0
272 3.73539384775e+33 250096558.639 3032046224.53 2325635.86805 -95940942.6715 0.499946423897 0.0
273 3.73541012849e+33 250106265.61 3069920508.25 2143305.82281 -95937720.2585 0.499946465112 0.0
274 3.73542640924e+33 250116352.342 3103115631.57 1973734.06158 -95934224.9663 0.499946490514 0.0
275 3.73544268998e+33 250127339.083 3137104202.37 1737752.57341 -95929695.1207 0.499946540048 0.0
276 3.73547525146e+33 250144719.265 3136967337.54 1737495.4753 -95920636.7971 0.499946540048 0.0
277 3.73550781295e+33 250165309.552 3136698151.18 1735211.55505 -95911474.4052 0.499946540076 0.0
278 3.73557293592e+33 250199403.459 3136403702.21 1734834.91399 -95893159.3383 0.499946540076 0.0
279 3.73563805889e+33 250240247.026 3136011351.87 1734331.86059 -95874857.1519 0.499946540076 0.0
280 3.73576830483e+33 250308255.639 3135423163.08 1733575.83932 -95838291.1415 0.499946540076 0.0
281 3.73589855077e+33 250389838.323 3134639743.82 1732566.28845 -95801775.7922 0.499946540076 0.0
282 3.73615904266e+33 250525761.401 3133465782.3 1731048.34943 -95728895.1438 0.499946540076 0.0
283 3.73641953454e+33 250688821.633 3131903391.03 1729023.44044 -95656211.4478 0.499946540076 0.0
284 3.73694051831e+33 250960451.845 3129563758.82 1725979.76909 -95511422.3508 0.499946540076 0.0
285 3.73746150207e+33 251286236.893 3126453455.78 1721944.40403 -95367388.7492 0.499946540076 0.0
286 3.73850346961e+33 251828894.945 3121906770.02 1714952.83642 -95080980.3875 0.499946540079 0.0
287 3.73954543714e+33 252479683.378 3115835096.39 1706040.6262 -94796824.4559 0.499946540083 0.0
288 3.74162937221e+33 253565683.927 3107528946.25 1686998.53348 -94230002.7062 0.499946540105 0.0
289 3.74371330728e+33 254867722.0 3095515376.96 1670428.49079 -93672844.3172 0.499946540111 0.0
290 3.74788117741e+33 257032998.462 3077766364.44 1645209.24015 -92584791.3842 0.499946540123 0.0
291 3.75274369257e+33 259870073.741 3051760776.45 1615398.38331 -91822336.7434 0.499946540139 0.0
292 3.75760620772e+33 263051493.322 3028192406.44 1565182.60715 -90290069.465 0.499946540157 0.0
293 3.75969014279e+33 265394093.167 3009329086.3 1543271.19364 -89744456.4736 0.499946540184 0.0
294 3.76177407786e+33 267315736.24 2998330228.06 1529195.90487 -89280230.9574 0.499946540188 0.0
295 3.76594194799e+33 269779971.394 2983350830.65 1501102.95649 -88303784.422 0.499946540214 0.0
296 3.76802588306e+33 271762391.15 2967557608.19 1479195.90837 -87818826.8749 0.49994654026 0.0
297 3.77010981813e+33 273508260.518 2959025901.1 1454573.48884 -87333397.0051 0.499946540313 0.0
298 3.77427768826e+33 275886476.511 2943589253.52 1434742.85017 -86378943.5424 0.499946540324 0.0
299 3.77983484844e+33 279075588.878 2920261867.39 1403991.39157 -85139073.3631 0.499946540354 0.0
300 3.78539200862e+33 282667432.692 2895051358.87 1366640.26978 -83713685.664 0.499946540389 0.0
301 3.7909491688e+33 286453462.92 2869736789.47 1333887.36593 -82739130.8779 0.499946540433 0.0
302 3.79650632898e+33 290336642.722 2846263564.04 1297762.57012 -81563246.8556 0.499946540473 0.0
303 3.80206348916e+33 294262391.523 2822495037.86 1266994.77713 -80402340.2647 0.499946540522 0.0
304 3.80762064934e+33 298223862.857 2802340557.28 1224686.46634 -79247263.6957 0.499946540585 0.0
305 3.81317780952e+33 302194522.013 2779624975.94 1197979.01369 -78122632.8038 0.499946540619 0.0
306 3.8187349697e+33 306166405.444 2758250160.54 1169240.79558 -76760355.3256 0.499946540649 0.0
307 3.82243974315e+33 309472108.835 2740170520.59 1148553.05224 -76096657.4149 0.499946540691 0.0
308 3.8261445166e+33 312440611.463 2725801654.91 1132888.79203 -75579636.884 0.499946540726 0.0
309 3.83355406351e+33 316562423.832 2706677571.31 1102260.11531 -74149727.3328 0.499946540753 0.0
310 3.84096361042e+33 321256900.446 2680829947.13 1068229.33507 -72734154.8763 0.499946540808 0.0
311 3.84837315732e+33 326234609.365 2656018262.67 1035495.99476 -70985981.7685 0.499946540866 0.0
312 3.85207793077e+33 330036748.82 2637759165.15 1012597.55328 -70377387.3929 0.499946540901 0.0
313 3.85578270423e+33 333249065.831 2625547562.8 998349.668889 -69712736.0504 0.499946540931 0.0
314 3.86319225113e+33 337471232.641 2607387656.44 977761.401688 -68688722.8671 0.49994654096 0.0
315 3.87060179804e+33 342196832.05 2584933062.25 948821.733451 -67350795.6819 0.499946541014 0.0
316 3.87801134495e+33 347165543.21 2562500816.6 923731.582409 -66066558.1012 0.499946541067 0.0
317 3.88567367889e+33 352338095.668 2540551965.48 898578.759474 -64781263.7103 0.499946541118 0.0
318 3.88950484586e+33 356266034.581 2524374057.64 880117.910797 -64147355.0965 0.499946541164 0.0
319 3.89333601283e+33 359573382.414 2514399377.26 865986.298991 -63517364.9665 0.499946541193 0.0
320 3.89934658883e+33 363325136.528 2500012976.88 853572.785436 -62543980.0119 0.499946541222 0.0
321 3.90535716483e+33 367304501.217 2485157238.95 832110.20404 -61580836.5879 0.499946541258 0.0
322 3.91136774083e+33 371393916.866 2469426700.35 814936.070951 -60436890.291 0.499946541319 0.0
323 3.91737831683e+33 375528089.521 2453143747.41 800869.652666 -59697870.6667 0.499946541338 0.0
324 3.9228692519e+33 379501470.943 2438897466.61 785224.864451 -58848671.9245 0.499946541364 0.0
325 3.92836018697e+33 383389169.553 2425105814.77 771927.456096 -58006993.4637 0.49994654141 0.0
326 3.9351292307e+33 387675321.993 2410705942.73 755587.891894 -56976756.8318 0.499946541451 0.0
327 3.94189827443e+33 392152545.474 2394503502.66 740349.390926 -55989701.5741 0.499946541494 0.0
328 3.95269089435e+33 398099971.707 2374130544.95 720627.92836 -54491804.6468 0.499946541543 0.0
329 3.95808720431e+33 402929626.985 2357270762.14 700439.793003 -53634471.6765 0.499946541626 0.0
330 3.96348351427e+33 407192441.147 2344818674.38 690790.680112 -53029542.0281 0.499946541647 0.0
331 3.97027370943e+33 411641433.619 2331422165.23 679210.900546 -52123246.5875 0.499946541678 0.0
332 3.9770639046e+33 416175812.241 2316930985.37 666485.375115 -51226023.289 0.499946541726 0.0
333 3.98768451614e+33 422043696.118 2298907773.54 650236.145959 -49863054.8786 0.499946541755 0.0
334 4.0097963768e+33 432454471.234 2266808493.87 619152.758727 -47143376.2602 0.499946541853 0.0
335 4.02128762591e+33 441534042.389 2236898286.92 589867.164873 -45782789.5516 0.499946541936 0.0
336 4.03609362761e+33 451024412.381 2212302240.24 571941.612701 -44093886.6506 0.499946541996 0.0
337 4.05089962932e+33 460707822.191 2187904242.0 549269.646862 -42328723.4374 0.49994654206 0.0
338 4.06900418761e+33 471533907.047 2159604742.84 529094.842688 -40498710.9407 0.499946542222 0.0
339 4.07805646676e+33 479918880.03 2137882124.18 513242.693463 -39840373.1981 0.499946542238 0.0
340 4.09532630445e+33 489761471.368 2117935500.81 497194.719443 -38153086.5632 0.499946542284 0.0
341 4.11997898008e+33 502694703.036 2087232278.04 473921.665986 -35886192.9605 0.499946542389 0.0
342 4.13049375671e+33 512551980.733 2062962467.62 456909.504192 -34989147.465 0.499946542466 0.0
343 4.14100853335e+33 520857410.304 2048723752.97 447052.425449 -34126149.5446 0.499946542509 0.0
344 4.15152330998e+33 528375493.525 2034985087.29 437283.465445 -33282506.2597 0.499946542552 0.0
345 4.16203808661e+33 535486774.353 2021439820.88 428126.908325 -32460849.0892 0.499946542596 0.0
346 4.18020869762e+33 544808264.78 2003407464.44 415948.059611 -31083289.1694 0.499946542654 0.0
347 4.18929400312e+33 552332887.141 1986582797.12 405851.824116 -30812931.9172 0.49994654271 0.0
348 4.19837930862e+33 558961239.462 1977085861.15 397328.589788 -29842014.5704 0.499946542748 0.0
349 4.20698644015e+33 564974872.674 1966147833.96 391856.283372 -29260297.1599 0.499946542784 0.0
350 4.21559357168e+33 570672472.954 1956314637.78 385766.726543 -28694511.9686 0.499946542819 0.0
351 4.23089513884e+33 578288445.602 1943061304.26 377219.834592 -27710465.0567 0.499946542865 0.0
352 4.246196706e+33 586838678.237 1926515784.02 367090.88442 -26760381.6263 0.499946542923 0.0
353 4.26054192521e+33 595537074.626 1910975941.55 357775.781877 -25901993.0806 0.499946542978 0.0
354 4.27488714442e+33 604288230.623 1896355258.78 349158.860559 -25074647.4385 0.499946543031 0.0
355 4.29018871159e+33 613336321.308 1881657148.59 340637.019367 -24225285.6797 0.499946543084 0.0
356 4.30549027875e+33 622509439.339 1866914104.08 332251.376996 -23408487.5027 0.499946543138 0.0
357 4.32079184591e+33 631722051.353 1852577718.69 324241.571517 -22621794.2487 0.49994654319 0.0
358 4.33609341307e+33 640932452.366 1838665377.8 316538.29986 -21861637.952 0.499946543243 0.0
359 4.34374419665e+33 647830340.342 1828441790.4 311150.632915 -21496214.4509 0.499946543281 0.0
360 4.35139498023e+33 653566348.27 1821734160.27 307582.440692 -21139655.4907 0.499946543306 0.0
361 4.36669654739e+33 660993038.332 1811812148.1 302288.530458 -20449298.6939 0.499946543344 0.0
362 4.38615596042e+33 670474275.972 1797190479.97 294596.148784 -19601898.0058 0.499946543401 0.0
363 4.40561537346e+33 680949093.75 1781332628.6 286469.391524 -18787062.3903 0.499946543463 0.0
364 4.42507478649e+33 691886632.144 1765927242.57 278805.831457 -18016481.2771 0.499946543524 0.0
365 4.44070880773e+33 701910461.606 1752466940.94 272240.414495 -17427313.971 0.499946543577 0.0
366 4.45634282898e+33 711456393.744 1740746533.11 266608.741885 -16863339.5599 0.499946543625 0.0
367 4.47110361579e+33 720492349.401 1729691527.07 261266.095954 -16348267.5545 0.49994654367 0.0
368 4.48586440261e+33 729254062.302 1719048143.7 256401.594561 -15847687.9776 0.499946543713 0.0
369 4.49619695338e+33 736595226.683 1710302874.51 252317.054774 -15508074.4616 0.49994654375 0.0
370 4.50652950415e+33 743217586.418 1703171957.14 249056.075756 -15176859.8326 0.49994654378 0.0
371 4.52276636965e+33 751150908.543 1694136144.78 244943.121085 -14672463.224 0.499946543818 0.0
372 4.53900323515e+33 759719259.28 1683340212.06 240124.61419 -14186924.2624 0.499946543863 0.0
373 4.55376402197e+33 768169170.165 1673261673.45 235697.907026 -13761193.9894 0.499946543906 0.0
374 4.56852480878e+33 776543483.844 1663851700.06 231614.970632 -13349765.4609 0.499946543947 0.0
375 4.58918991033e+33 786513614.32 1652778096.25 226851.10616 -12796639.1822 0.499946543995 0.0
376 4.60985501187e+33 797250727.184 1640200922.18 221559.408744 -12269037.8252 0.49994654405 0.0
377 4.63347227078e+33 809156684.158 1627074533.84 216118.83381 -11695504.3789 0.499946544108 0.0
378 4.65708952968e+33 821608635.951 1613477778.85 210601.651057 -11151602.2139 0.499946544169 0.0
379 4.68070678859e+33 834296167.708 1600265017.82 205339.3352 -10635539.697 0.499946544229 0.0
380 4.69251541805e+33 843856164.606 1590628598.64 201601.934534 -10387491.0985 0.499946544273 0.0
381 4.7043240475e+33 851843394.856 1584292136.59 199147.057559 -10145781.942 0.499946544302 0.0
382 4.72794130641e+33 862226460.412 1574914729.26 195518.68056 -9680537.16176 0.499946544345 0.0
383 4.75549477513e+33 874829358.028 1561725591.01 190532.249228 -9166971.40612 0.499946544407 0.0
384 4.77615987667e+33 886658085.175 1549667251.79 186098.873098 -8801354.1914 0.499946544465 0.0
385 4.79682497822e+33 898074386.103 1539559591.95 182421.964015 -8451514.51262 0.499946544516 0.0
386 4.80764955522e+33 906654113.044 1532023065.15 179738.504209 -8274322.63188 0.499946544554 0.0
387 4.81847413221e+33 913808811.102 1526899837.93 177917.181804 -8101136.69249 0.499946544581 0.0
388 4.84012328621e+33 923096835.745 1519299846.67 175218.698271 -7766325.09557 0.499946544621 0.0
389 4.86964485985e+33 935487571.069 1507583725.91 171127.970452 -7333453.66564 0.499946544684 0.0
390 4.88538969912e+33 945794030.721 1497517167.89 167726.139694 -7113272.74481 0.49994654474 0.0
391 4.90113453839e+33 955045160.275 1490620898.83 165401.315324 -6900144.60032 0.49994654478 0.0
392 4.93344041035e+33 968041262.68 1480255985.53 161910.801432 -6483778.14879 0.49994654484 0.0
393 4.96574628231e+33 982856774.715 1466734303.17 157493.616928 -6094058.17306 0.499946544922 0.0
394 5.00209038826e+33 999561169.34 1452785231.64 153020.706713 -5685123.30435 0.49994654501 0.0
395 5.02026244124e+33 1012536287.03 1442058440.78 149697.532139 -5491685.84948 0.49994654508 0.0
396 5.03843449422e+33 1023631305.47 1435019527.15 147520.209443 -5305188.40198 0.499946545127 0.0
397 5.06670213218e+33 1036317005.26 1426164352.29 144796.722682 -5028223.62319 0.499946545188 0.0
398 5.09496977015e+33 1049762244.55 1415636504.72 141628.565852 -4766455.38799 0.499946545262 0.0
399 5.12323740811e+33 1063552400.73 1405350198.41 138583.334114 -4518998.66502 0.499946545336 0.0
400 5.15150504608e+33 1077481069.37 1395294895.88 135654.146384 -4285029.54027 0.499946545411 0.0
401 5.18986826903e+33 1093940097.94 1383705116.25 132315.50308 -3987690.58852 0.4999465455 0.0
402 5.22823149198e+33 1111605368.4 1370746114.32 128678.726178 -3712017.7135 0.499946545604 0.0
403 5.26255648094e+33 1128831471.57 1358815382.57 125406.375405 -3482386.22844 0.499946545703 0.0
404 5.2968814699e+33 1145793787.06 1347825149.6 122440.051137 -3267698.70302 0.499946545797 0.0
405 5.32868256261e+33 1161971702.26 1337494132.9 119703.477044 -3081292.43488 0.499946545888 0.0
406 5.36048365532e+33 1177721621.13 1327774743.83 117167.923173 -2906160.46135 0.499946545976 0.0
407 5.38843465798e+33 1192300891.47 1318839097.44 114877.664588 -2761002.01153 0.49994654606 0.0
408 5.41638566064e+33 1206268562.58 1310633878.91 112800.150179 -2623600.27811 0.499946546139 0.0
409 5.45108693748e+33 1221508341.49 1301605202.27 110538.625595 -2463213.70537 0.499946546228 0.0
410 5.46761616135e+33 1233046463.38 1294385021.82 108777.093732 -2390594.37365 0.499946546301 0.0
411 5.48414538521e+33 1242725186.92 1289774728.15 107652.795133 -2320316.64318 0.499946546348 0.0
412 5.51720383294e+33 1255359936.59 1282931069.72 105985.720947 -2186526.74413 0.49994654642 0.0
413 5.56679150454e+33 1273312204.88 1271756250.51 103304.070737 -2001846.58363 0.499946546539 0.0
414 5.61637917614e+33 1293852448.28 1258742691.39 100267.966459 -1835077.32993 0.499946546685 0.0
415 5.64943762387e+33 1311792288.73 1248209048.57 97877.0498526 -1733231.8832 0.499946546807 0.0
416 5.6824960716e+33 1328402658.66 1239940567.82 96015.3393236 -1638459.49235 0.499946546906 0.0
417 5.71555451933e+33 1344319815.38 1231824384.8 94213.3664249 -1550390.43415 0.499946547005 0.0
418 5.74861296706e+33 1359862653.12 1223854907.92 92468.2814408 -1468555.24498 0.499946547106 0.0
419 5.78167141479e+33 1375191380.79 1216026938.02 90777.1635428 -1392266.49762 0.499946547207 0.0
420 5.81472986253e+33 1390386823.24 1208333195.87 89137.7296571 -1320934.78098 0.499946547348 0.0
421 5.88084675799e+33 1412977191.57 1196973999.45 86731.4019684 -1189318.9188 0.49994654756 0.0
422 5.91390520572e+33 1431728073.41 1185974705.4 84514.3157948 -1129092.61143 0.499946547708 0.0
423 5.94696365345e+33 1448535563.21 1178765318.83 83060.5397559 -1073740.42322 0.499946547802 0.0
424 6.01446984484e+33 1472052107.66 1167976203.8 80887.109217 -971872.486814 0.49994654795 0.0
425 6.04822294053e+33 1491329633.4 1157468904.93 78859.3401019 -925638.387242 0.499946548129 0.0
426 6.08197603622e+33 1508466075.3 1150576691.43 77529.3859125 -882633.533183 0.499946548246 0.0
427 6.14948222761e+33 1531973639.03 1140397948.37 75568.0354126 -806680.102934 0.499946548419 0.0
428 6.1832353233e+33 1551164311.35 1130517527.31 73745.0967131 -774346.935776 0.49994654858 0.0
429 6.21698841899e+33 1568177430.44 1124024844.31 72549.4322297 -745818.181052 0.499946548685 0.0
430 6.28449461038e+33 1591470039.68 1114424389.84 70784.5471521 -697482.299792 0.499946548848 0.0
431 6.31824770607e+33 1610480248.56 1105088355.58 69138.4541455 -676510.165347 0.499946549016 0.0
432 6.35200080176e+33 1627332328.65 1098948665.65 68057.7575961 -657387.686707 0.49994654913 0.0
433 6.41950699315e+33 1650408604.94 1089862162.31 66461.1927709 -624056.293476 0.499946549304 0.0
434 6.45326008884e+33 1669246000.83 1081011566.16 64967.3177536 -609390.831466 0.499946549482 0.0
435 6.4873339838e+33 1686018150.85 1075158872.56 63981.0250233 -595835.413887 0.499946549602 0.0
436 6.52140787876e+33 1701742872.74 1069353267.89 63013.273976 -583444.556579 0.499946549725 0.0
437 6.5729999201e+33 1720691230.87 1062146718.47 61819.1364461 -566764.278803 0.49994654988 0.0
438 6.62459196143e+33 1741220090.92 1053627626.14 60436.1434399 -552371.712674 0.49994655007 0.0
439 6.65898665566e+33 1758836702.24 1046657229.49 59327.2287401 -543947.083982 0.499946550231 0.0
440 6.69338134989e+33 1774984367.84 1041147339.78 58455.947123 -536416.871285 0.499946550361 0.0
441 6.72777604411e+33 1790385163.92 1035702140.92 57603.7281933 -529738.16255 0.499946550492 0.0
442 6.76217073834e+33 1805400548.99 1030319947.72 56769.9098286 -523869.832147 0.499946550624 0.0
443 6.79656543256e+33 1820211668.82 1024999130.95 55953.8590857 -518774.32865 0.499946550758 0.0
444 6.83096012679e+33 1834909508.46 1019738119.19 55154.9753921 -514417.99269 0.499946550892 0.0
445 6.86535482101e+33 1849539967.76 1014535397.39 54372.6903057 -510764.261471 0.499946551028 0.0
446 6.89974951524e+33 1864126398.1 1009389496.85 53606.469229 -507781.366035 0.499946551165 0.0
447 6.96853890369e+33 1885936476.18 1001753788.75 52471.1020993 -503760.759522 0.499946551373 0.0
448 7.03732829214e+33 1911321641.33 991786810.179 51029.1490231 -502065.86914 0.499946551655 0.0
449 7.08980953104e+33 1935037064.56 983181073.391 49812.1401286 -502177.948769 0.499946551908 0.0
450 7.14229076994e+33 1957899272.97 975846384.749 48785.4946233 -503423.523419 0.49994655213 0.0
451 7.19477200884e+33 1980317781.76 968621418.226 47788.3492283 -505721.797917 0.499946552356 0.0
452 7.24725324774e+33 2002498556.28 961502326.685 46819.4930143 -508984.223187 0.499946552584 0.0
453 7.35221572554e+33 2035500943.43 950977072.744 45389.9643024 -518267.854134 0.499946552932 0.0
454 7.39608701499e+33 2061140231.13 941302802.82 44143.5664994 -523021.576766 0.49994655327 0.0
455 7.43995830443e+33 2083089993.13 935664048.876 43415.2977301 -528275.123553 0.499946553472 0.0
456 7.48382959388e+33 2103187680.56 930088108.459 42703.0727386 -533995.168416 0.499946553677 0.0
457 7.52770088332e+33 2122352673.69 924573258.887 42006.3542938 -540148.766262 0.499946553883 0.0
458 7.5982235633e+33 2146579617.98 917460810.094 41112.4111985 -550900.216164 0.499946554156 0.0
459 7.66874624327e+33 2173324571.6 908839642.113 40053.7938179 -562578.764546 0.4999465545 0.0
460 7.73926892325e+33 2201318095.17 900360524.009 39030.5397381 -575081.021459 0.49994655485 0.0
461 7.79257170431e+33 2226359087.37 893036113.067 38164.8464554 -585004.025331 0.499946555163 0.0
462 7.84587448538e+33 2249920316.18 886805225.92 37435.247668 -595305.851308 0.499946555437 0.0
463 7.89917726644e+33 2272739187.37 880647001.041 36723.3913879 -605951.201567 0.499946555715 0.0
464 7.9524800475e+33 2295185420.37 874559224.557 36028.6080565 -616909.620071 0.499946555998 0.0
465 8.00578282857e+33 2317444891.15 868539767.899 35350.2483288 -628152.020959 0.499946556285 0.0
466 8.05908560963e+33 2339611553.03 862586580.183 34687.6992555 -639654.856442 0.499946556576 0.0
467 8.11238839069e+33 2361733394.88 856697687.467 34040.3873565 -651394.607606 0.499946556872 0.0
468 8.16569117176e+33 2383835415.8 850871190.465 33407.7823386 -663348.23516 0.499946557173 0.0
469 8.2017322395e+33 2402353339.47 846038871.165 32891.3436751 -671535.944081 0.499946557429 0.0
470 8.23777330725e+33 2419081153.43 842167178.641 32479.551837 -679804.680419 0.499946557637 0.0
471 8.30985544274e+33 2442392640.17 836399363.627 31866.7427993 -696577.610958 0.499946557953 0.0
472 8.38193757823e+33 2469007278.01 828811813.887 31079.4965279 -713603.073919 0.499946558384 0.0
473 8.41797864598e+33 2489797632.54 823195263.355 30510.3410696 -722191.225151 0.499946558714 0.0
474 8.45401971372e+33 2507679550.96 819474878.365 30133.7347169 -730826.887062 0.499946558937 0.0
475 8.52610184921e+33 2531609005.68 813929603.987 29573.022981 -748237.861435 0.499946559274 0.0
476 8.56214291696e+33 2551073314.68 808452913.383 29035.941057 -756992.777567 0.499946559619 0.0
477 8.5981839847e+33 2568309891.16 804823975.466 28680.4407767 -765781.844313 0.499946559851 0.0
478 8.67026612019e+33 2591955380.55 799413236.187 28150.9481798 -783456.434121 0.499946560203 0.0
479 8.74234825568e+33 2618828134.04 792283636.885 27469.2220691 -801232.524435 0.499946560683 0.0
480 8.7788562851e+33 2639895127.48 786974848.996 26973.1189151 -810263.86742 0.499946561053 0.0
481 8.81536431451e+33 2658065985.19 783425601.89 26641.8102626 -819313.590877 0.499946561305 0.0
482 8.87012635864e+33 2678621609.61 779014060.71 26231.8531494 -832919.269626 0.499946561622 0.0
483 8.92488840276e+33 2700386485.75 773764199.942 25751.5384654 -846550.320539 0.49994656201 0.0
484 8.97965044688e+33 2722773852.29 768557096.99 25280.8682312 -860197.883431 0.499946562405 0.0
485 9.034412491e+33 2745491329.13 763391576.233 24819.5554712 -873853.945258 0.499946562806 0.0
486 9.08917453512e+33 2768393747.34 758266495.371 24367.2919579 -887508.442009 0.499946563214 0.0
487 9.19869862337e+33 2803004905.05 750637913.362 23695.1754495 -914817.458279 0.499946563837 0.0
488 9.28996869691e+33 2839677050.2 741452689.736 22916.0921709 -937514.397986 0.499946564625 0.0
489 9.36341538982e+33 2873645167.57 734007775.11 22297.0763217 -955732.701551 0.49994656529 0.0
490 9.47423138032e+33 2914310749.22 725757166.496 21614.7888139 -983151.838478 0.499946566052 0.0
491 9.52963937557e+33 2946522405.43 718415331.184 21032.4126227 -996808.067619 0.499946566764 0.0
492 9.62198603432e+33 2982497674.55 711932284.632 20515.2933535 -1019498.10904 0.499946567408 0.0
493 9.71433269307e+33 3020442799.68 703914995.332 19892.8520053 -1042064.53358 0.499946568238 0.0
494 9.76050602244e+33 3049426154.77 697963885.141 19443.9386878 -1053292.23862 0.499946568879 0.0
495 9.85300142487e+33 3084049604.58 692036281.074 18993.4602126 -1075676.49272 0.49994656953 0.0
496 9.94579431466e+33 3121659825.67 684193246.282 18414.3613453 -1097966.97082 0.499946570428 0.0
497 9.99233950324e+33 3150684225.79 678350833.736 17995.3638412 -1109082.35336 0.499946571124 0.0
498 1.00855290428e+34 3185746220.77 672518773.459 17573.9847607 -1131218.29925 0.499946571832 0.0
499 1.01788425355e+34 3223971682.61 664804410.383 17032.4931597 -1153221.3792 0.499946572808 0.0
500 1.02908484755e+34 3268091685.55 656384777.313 16451.2754414 -1179406.7993 0.499946573916 0.0
501 1.03515639566e+34 3303780718.18 649371651.442 15985.1152179 -1193483.62118 0.499946574884 0.0
502 1.04482845567e+34 3343459864.5 643011999.304 15561.0175438 -1215732.87487 0.499946575785 0.0
503 1.04968921656e+34 3374326407.32 637187683.376 15186.8266737 -1226822.77976 0.499946576644 0.0
504 1.05874326215e+34 3410409523.17 631632370.868 14827.6528912 -1247317.96101 0.49994657748 0.0
505 1.06357731047e+34 3439531499.07 626125880.046 14484.2917949 -1258170.98823 0.499946578341 0.0
506 1.0731979583e+34 3476274999.41 620415095.487 14125.8792094 -1279594.09774 0.499946579252 0.0
507 1.07993401921e+34 3510277184.49 613996834.202 13737.3143428 -1294456.86343 0.499946580318 0.0
508 1.08575724631e+34 3540859976.86 609091065.792 13443.6178275 -1307215.21806 0.499946581156 0.0
509 1.09759407747e+34 3583978750.81 602219121.849 13032.0358345 -1332884.65953 0.499946582359 0.0
510 1.10603302796e+34 3625549264.2 594387187.592 12583.5094724 -1350940.54909 0.499946583798 0.0
511 1.1109583291e+34 3658082466.8 589250202.884 12294.9755018 -1361382.63766 0.499946584776 0.0
512 1.1209569276e+34 3698371932.69 583529418.862 11971.8647175 -1382349.23019 0.499946585887 0.0
513 1.12995881537e+34 3740341148.48 576284469.595 11576.6651173 -1400949.10946 0.499946587353 0.0
514 1.13896957962e+34 3783367792.96 569446623.951 11210.6348824 -1419310.93829 0.49994658879 0.0
515 1.15063581381e+34 3833730464.17 561629842.092 10798.6511995 -1442715.82742 0.499946590494 0.0
516 1.15730097794e+34 3875548758.07 554733705.304 10450.3087951 -1455897.81987 0.499946592072 0.0
517 1.16156498151e+34 3907163693.5 550632706.17 10245.3169607 -1464254.22475 0.499946593036 0.0
518 1.17058888018e+34 3945802567.73 545654350.168 9995.39421238 -1481726.92524 0.499946594228 0.0
519 1.17924072736e+34 3987234064.96 539052312.625 9674.30932155 -1498202.82458 0.499946595868 0.0
520 1.18325052428e+34 4018271649.17 534335437.38 9451.61748888 -1505741.76204 0.499946597083 0.0
521 1.19324336748e+34 4059740997.99 529124814.075 9202.64276038 -1524243.64336 0.499946598447 0.0
522 1.19922641378e+34 4096162308.65 523194862.309 8931.76059857 -1535139.30717 0.499946600067 0.0
523 1.207392815e+34 4135979831.29 517949692.1 8692.58242146 -1549788.24 0.499946601536 0.0
524 1.21621556915e+34 4179492824.65 511661631.756 8412.43168851 -1565327.10701 0.499946603359 0.0
525 1.22070831211e+34 4213373145.71 506739929.863 8200.1910246 -1573121.63241 0.499946604841 0.0
526 1.22489420605e+34 4241675884.56 503533894.684 8062.31877755 -1580306.74737 0.499946605825 0.0
527 1.23260487435e+34 4276935510.02 499141075.559 7873.86905809 -1593336.42585 0.499946607198 0.0
528 1.23703302154e+34 4306789751.24 494661619.591 7688.17603358 -1600697.32207 0.499946608646 0.0
529 1.24146116873e+34 4334019605.97 491394246.693 7553.31704314 -1607963.35762 0.499946609723 0.0
530 1.24614940191e+34 4360747268.7 488031434.716 7416.03491161 -1615550.4859 0.499946610854 0.0
531 1.25083763509e+34 4387315649.87 484572914.233 7276.64960815 -1623028.11049 0.499946612042 0.0
532 1.25371459734e+34 4408748739.38 481782382.163 7166.01041333 -1627563.98249 0.499946613021 0.0
533 1.25659155959e+34 4427650092.49 479659807.932 7082.15528657 -1632059.60256 0.499946613775 0.0
534 1.25946852184e+34 4445322018.86 477536999.203 6998.92541556 -1636514.99342 0.49994661454 0.0
535 1.26234548409e+34 4462416217.53 475413871.996 6916.3142191 -1640930.29458 0.499946615315 0.0
536 1.26714516616e+34 4484825538.12 472580751.78 6806.44017517 -1648205.64013 0.499946616364 0.0
537 1.27194484822e+34 4509999591.4 469036612.403 6671.32252143 -1655366.67301 0.499946617706 0.0
538 1.27559637119e+34 4533287247.63 465914754.12 6554.13981884 -1660735.8436 0.499946618916 0.0
539 1.27924789417e+34 4555696551.66 463215743.695 6453.56785506 -1666033.86223 0.499946619981 0.0
540 1.2841915498e+34 4581582603.12 460037483.609 6335.97212714 -1673086.75669 0.499946621258 0.0
541 1.28913520544e+34 4609331477.23 456378366.41 6202.81173818 -1680001.69556 0.499946622765 0.0
542 1.29209683817e+34 4632136021.49 453449919.136 6098.18035415 -1684076.03831 0.499946624003 0.0
543 1.29505847089e+34 4652515009.07 451254280.128 6020.02319576 -1688096.95202 0.499946624945 0.0
544 1.29729720923e+34 4669521375.85 449325272.512 5952.04798006 -1691100.29314 0.499946625786 0.0
545 1.29953594757e+34 4684868827.45 447663492.958 5893.76329544 -1694072.18815 0.49994662652 0.0
546 1.30401342426e+34 4706315787.86 445169380.967 5806.38148996 -1699918.48295 0.499946627634 0.0
547 1.30863189931e+34 4731365558.82 441787350.506 5689.98012303 -1705815.70991 0.499946629183 0.0
548 1.31325037436e+34 4758340978.33 438348079.842 5573.21249925 -1711579.35456 0.4999466308 0.0
549 1.31573876413e+34 4779666482.27 435697871.232 5484.89103886 -1714630.92954 0.499946632081 0.0
550 1.32071554369e+34 4806119770.7 432911609.842 5391.6603374 -1720614.17415 0.499946633447 0.0
551 1.3275830745e+34 4841394009.71 428482694.503 5245.80873815 -1728602.15707 0.499946635686 0.0
552 1.33196221555e+34 4873247090.12 424265364.293 5111.2057739 -1733530.60802 0.499946637915 0.0
553 1.33580746668e+34 4901761588.42 421175275.777 5013.40909543 -1737744.71586 0.499946639595 0.0
554 1.33965271782e+34 4928707880.12 418280499.67 4922.73487585 -1741851.09493 0.499946641212 0.0
555 1.34191842923e+34 4949705550.18 415975837.691 4851.67867574 -1744218.89757 0.499946642535 0.0
556 1.34570163173e+34 4972850750.11 413691877.113 4781.19961763 -1748081.49962 0.499946643868 0.0
557 1.35020209499e+34 4999603561.64 410557698.147 4685.81746551 -1752524.9757 0.49994664575 0.0
558 1.35318506718e+34 5023124027.08 407718989.821 4601.14275349 -1755380.50192 0.499946647516 0.0
559 1.35966163857e+34 5057148735.73 404124267.892 4493.52892711 -1761317.56736 0.499946649808 0.0
560 1.36320724776e+34 5086487629.26 400300069.923 4383.28048747 -1764427.53053 0.499946652386 0.0
561 1.36642991802e+34 5112449317.1 397711278.341 4308.98428369 -1767163.85292 0.49994665419 0.0
562 1.36965258827e+34 5136808658.66 395240425.479 4238.75117031 -1769811.86683 0.499946655965 0.0
563 1.37251188244e+34 5159157415.41 392903395.081 4173.08569284 -1772085.31475 0.499946657701 0.0
564 1.3753711766e+34 5180571632.46 390701249.591 4111.73316855 -1774284.66899 0.499946659388 0.0
565 1.37842738892e+34 5202303694.29 388418195.706 4048.69912625 -1776550.84507 0.499946661195 0.0
566 1.38141485795e+34 5224028007.66 386079929.429 3984.85480105 -1778678.60291 0.499946663115 0.0
567 1.38440232697e+34 5245830580.99 383762505.302 3922.20578051 -1780717.91709 0.499946665095 0.0
568 1.38733537422e+34 5267554561.41 381460281.969 3860.61001399 -1782625.55477 0.499946667148 0.0
569 1.39028369776e+34 5289378831.66 379167316.122 3799.87281928 -1784439.25636 0.499946669288 0.0
570 1.39578698042e+34 5320985759.91 375863396.278 3712.62888909 -1787518.39449 0.49994667253 0.0
571 1.39867419881e+34 5347767383.86 372566038.025 3628.50790948 -1788984.62684 0.499946676125 0.0
572 1.40156141719e+34 5372223238.2 370290175.622 3570.6076121 -1790346.26702 0.499946678766 0.0
573 1.40450019305e+34 5395805023.22 367987132.44 3512.61339107 -1791625.85913 0.499946681619 0.0
574 1.40929040837e+34 5426307595.29 364922245.962 3435.84094337 -1793466.40131 0.499946685696 0.0
575 1.41221838587e+34 5453122020.02 361845297.938 3360.94713968 -1794428.618 0.499946690327 0.0
576 1.41514636337e+34 5478191578.8 359502796.822 3304.22932979 -1795247.09941 0.499946694148 0.0
577 1.41872932754e+34 5505136510.78 356889131.548 3241.51390273 -1796023.47059 0.499946698786 0.0
578 1.42183952208e+34 5531244110.36 354190327.14 3177.86101142 -1796464.95068 0.499946704125 0.0
579 1.42494971661e+34 5557054013.54 351672057.366 3119.09210396 -1796655.72306 0.499946709633 0.0
580 1.42626669818e+34 5575397242.52 349872271.924 3077.83319429 -1796651.62214 0.49994671401 0.0
581 1.42758367976e+34 5590029633.81 348799542.915 3053.23069166 -1796591.9625 0.499946716745 0.0
582 1.43040622444e+34 5609126958.73 347110549.071 3014.51306126 -1796259.46296 0.499946721265 0.0
583 1.43623989533e+34 5643373322.58 343564439.022 2933.75120095 -1794536.17957 0.499946731843 0.0
584 1.43963164634e+34 5675072374.2 339751910.594 2850.46393903 -1792799.18578 0.499946746348 0.0
585 1.44316103846e+34 5706267341.17 336876213.938 2787.99944676 -1790343.53884 0.499946759206 0.0
586 1.44669043057e+34 5737397538.79 333926223.57 2724.89735775 -1787233.12756 0.499946775032 0.0
587 1.44929020173e+34 5764526811.63 331349245.775 2670.7735886 -1784596.45733 0.499946791878 0.0
588 1.45322249358e+34 5795789712.96 328590325.535 2613.03129848 -1780244.0223 0.499946812947 0.0
589 1.45722005567e+34 5829675087.9 325217338.385 2543.95612848 -1776240.78488 0.499946845863 0.0
590 1.46011498268e+34 5860006068.49 322264098.475 2484.81743308 -1774800.07852 0.499946883115 0.0
591 1.46300990969e+34 5888707454.37 319769968.421 2435.35622376 -1776116.37558 0.499946920941 0.0
592 1.46838126631e+34 5928583956.41 316189519.745 2364.75704698 -1793378.47921 0.499946986001 0.0
593 1.47311527825e+34 5971467880.18 311764114.883 2281.15896135 -1832016.18609 0.499947098665 0.0
594 1.47633271702e+34 6008757881.27 308239021.556 2215.93482363 -1754278.22153 0.499947237074 0.0
595 1.4795501558e+34 6043481746.1 305375280.253 2161.17789529 -1887444.7448 0.499947498075 0.0
596 1.48176517159e+34 6072042188.4 302917678.114 2117.15738704 -1911470.35036 0.49994773728 0.0
597 1.48398018738e+34 6097624820.02 300898345.8 2082.27794068 -1935195.23915 0.499948028843 0.0
598 1.48570609438e+34 6119307808.88 299088578.976 2048.81104663 -1914319.96282 0.499948931241 0.0
599 1.48743200139e+34 6139121404.48 297496714.117 2018.66646066 -1822046.69058 0.499949941251 0.0
600 1.4894071382e+34 6159400770.82 295787778.508 1985.74855704 -1845036.26911 0.499951002023 0.0
601 1.49138227502e+34 6180015694.19 293946667.371 1953.06328856 -1861158.57098 0.499951670285 0.0
602 1.49335741183e+34 6200901964.41 292092043.589 1920.85375043 -1884343.24998 0.499952349509 0.0
603 1.49483876445e+34 6219350257.56 290460036.981 1892.46409639 -1970289.29181 0.499953475965 0.0
604 1.49632011706e+34 6236645609.17 289049234.95 1867.32803245 -1845688.36035 0.499953981955 0.0
605 1.49928282228e+34 6261559620.54 286932493.063 1838.74109153 -1576049.35136 0.499954566467 0.0
606 1.50076417489e+34 6282233237.33 284823056.284 1805.94025973 -1553552.80856 0.499954867064 0.0
607 1.5022455275e+34 6300849823.99 283414386.169 1782.80598543 -1569720.67354 0.499954975387 0.0
608 1.50372688011e+34 6318503556.41 282002721.831 1759.49698717 -1605804.16644 0.499955041897 0.0
609 1.50520823273e+34 6335742969.09 280587856.808 1736.25292621 -1625341.23672 0.49995507762 0.0
610 1.50668958534e+34 6352842244.68 279170553.682 1713.39371512 -1641352.83695 0.499955098521 0.0
611 1.50817093795e+34 6369994460.19 278194357.773 1679.86001586 -1658535.57501 0.499955348569 0.0
612 1.50965229056e+34 6387255257.14 276877964.954 1654.99440285 -1665945.45224 0.499955410435 0.0
613 1.51113364317e+34 6404653922.04 275557974.839 1630.30961355 -1670756.33806 0.499955472301 0.0
614 1.51261499578e+34 6422206770.1 274232833.965 1605.77509304 -1674168.14258 0.499955534167 0.0
615 1.51409634839e+34 6439923714.28 272902142.793 1581.38514591 -1676521.56776 0.499955596033 0.0
616 1.51557770101e+34 6457811527.0 271565429.837 1557.13895085 -1678003.15101 0.499955657899 0.0
617 1.51705905362e+34 6475875312.89 270221228.472 1533.06281962 -1678749.96497 0.499955719766 0.0
618 1.51977486674e+34 6501869939.65 268306667.461 1499.01989255 -1678476.03528 0.499955807409 0.0
619 1.5211327733e+34 6523469217.34 266441290.59 1466.4678771 -1677735.94863 0.499955892475 0.0
620 1.52249067986e+34 6542953432.07 265191776.845 1444.86578797 -1676634.67489 0.499955897097 0.0
621 1.52360169432e+34 6559863654.08 264049345.795 1425.35360049 -1675493.55507 0.499955972015 0.0
622 1.52471270878e+34 6575544272.16 263017977.812 1407.8561467 -1674153.39784 0.499955983837 0.0
623 1.52693473769e+34 6598011976.38 261460444.902 1381.69098468 -1670915.51999 0.499956001628 0.0
624 1.52823092123e+34 6617889609.99 259811932.361 1354.3686666 -1668733.4986 0.499956020565 0.0
625 1.52952710476e+34 6636556162.28 258587480.11 1334.33829916 -1666348.80347 0.499956034418 0.0
626 1.5308232883e+34 6654702662.18 257355098.518 1314.44805525 -1663774.38526 0.499956048164 0.0
627 1.53304531721e+34 6679087496.14 255664971.336 1287.66253393 -1658941.37551 0.49995606665 0.0
628 1.53492786949e+34 6704445912.69 253616056.657 1257.98471273 -1654473.94155 0.499956088166 0.0
629 1.53681042177e+34 6730515156.51 251922490.028 1227.21322495 -1649671.08249 0.499956122409 0.0
630 1.53829177438e+34 6754216239.64 250197809.776 1203.64887827 -1645676.84992 0.49995612393 0.0
631 1.53977312699e+34 6776856441.63 248701203.94 1182.39562892 -1641496.4477 0.499956125117 0.0
632 1.54125500044e+34 6799090643.31 247159936.122 1161.88412253 -1637134.66633 0.49995615705 0.0
633 1.5427368739e+34 6821276047.51 245787620.722 1138.336406 -1632584.93547 0.499956172609 0.0
634 1.54421874735e+34 6843595960.61 244407568.319 1114.93619447 -1627848.43458 0.499956203185 0.0
635 1.5457006208e+34 6866115046.75 242840033.024 1094.76152331 -1622937.96006 0.49995620424 0.0
636 1.54731062787e+34 6889864516.84 241166755.742 1074.27229632 -1617407.9511 0.499956205646 0.0
637 1.54892063493e+34 6914435360.86 239645925.377 1049.15445761 -1611655.1817 0.499956236821 0.0
638 1.550530642e+34 6939620664.48 238067828.735 1024.99183156 -1605680.47933 0.499956253601 0.0
639 1.55214064907e+34 6965308292.09 236404022.014 1002.21202778 -1599486.72508 0.499956270326 0.0
640 1.55319436764e+34 6986816135.8 234912456.527 985.229089466 -1595319.98086 0.499956284008 0.0
641 1.55424808622e+34 7006330874.98 233870354.744 969.511523217 -1591052.53603 0.499956314308 0.0
642 1.5553018048e+34 7024937523.45 232750116.918 955.020362527 -1586687.63116 0.499956315225 0.0
643 1.55635552337e+34 7043182257.76 231635515.814 940.417311687 -1582222.99271 0.499956320453 0.0
644 1.55821502674e+34 7068283177.6 229962660.802 922.140863227 -1574109.65291 0.499956349173 0.0
645 1.55914477843e+34 7088940345.41 228498995.585 902.630161718 -1569930.65849 0.499956349224 0.0
646 1.56007453011e+34 7107450720.58 227475808.433 890.258214413 -1565670.53381 0.499956349225 0.0
647 1.56131419903e+34 7127722507.39 226210507.289 876.830755935 -1559867.63158 0.499956349226 0.0
648 1.56255386794e+34 7149032839.39 224924546.553 859.094793044 -1553905.97031 0.499956349261 0.0
649 1.56503320577e+34 7182511503.92 222926552.467 833.294325197 -1541495.65611 0.499956404798 0.0
650 1.56875221251e+34 7234641726.99 219379080.395 793.189955233 -1521651.53319 0.499956427118 0.0
651 1.57619022599e+34 7336251003.82 212858100.888 720.938983011 -1476934.87474 0.499956493377 0.0
652 1.57922741483e+34 7419912620.36 206564116.249 657.360212447 -1456677.93088 0.499956546405 0.0
653 1.58271398365e+34 7501253464.54 202686194.846 615.56733329 -1431683.28028 0.499956574634 0.0
654 1.58722327933e+34 7596040275.78 197638385.203 567.082954723 -1396407.73832 0.499956629884 0.0
655 1.59100426951e+34 7691570220.63 192040864.244 520.530418231 -1364168.63085 0.499956641549 0.0
656 1.59509759392e+34 7794921902.67 186704836.906 475.17634448 -1326050.97948 0.499956690274 0.0
657 1.59820160019e+34 7891425485.57 181593330.854 435.589647484 -1294762.69647 0.499956732953 0.0
658 1.6011202316e+34 7984297266.68 177228961.455 402.369621362 -1263220.59345 0.499956761944 0.0
659 1.60422515863e+34 8081294768.04 172802275.123 368.954597264 -1227117.28237 0.499956793866 0.0
660 1.60720588858e+34 8181434256.64 167891056.394 338.234987916 -1190007.26106 0.499956824363 0.0
661 1.60869625355e+34 8258642100.25 164233194.436 315.740946904 -1170484.32197 0.499956845968 0.0
662 1.61018661852e+34 8325369519.03 161739458.318 300.665103807 -1150258.73738 0.499956860627 0.0
663 1.61217377182e+34 8397904140.89 158753327.054 283.247068857 -1122144.95166 0.499956877425 0.0
664 1.61416092512e+34 8475477448.84 155263232.528 263.55078108 -1092658.34628 0.499956896135 0.0
665 1.61565129009e+34 8546780293.42 152092604.382 246.796830768 -1069638.07202 0.499956911485 0.0
666 1.61714165507e+34 8616415136.57 149299157.275 232.525315868 -1045815.01373 0.499956924193 0.0
667 1.6191550478e+34 8699762905.69 145920265.047 215.830679242 -1012310.8355 0.499956939385 0.0
668 1.62049730962e+34 8775624946.63 142547511.246 200.435616969 -989195.230421 0.499956952687 0.0
669 1.62183957144e+34 8849393077.27 139753967.986 188.211650594 -965472.194167 0.499956963213 0.0
670 1.62385545194e+34 8943645534.72 136145488.853 172.929442467 -928755.454629 0.499956976578 0.0
671 1.6248633922e+34 9021251282.27 132781617.961 159.607209246 -910041.082349 0.499956988583 0.0
672 1.62587133245e+34 9091881738.89 130449678.196 150.768053726 -891154.310258 0.499956996633 0.0
673 1.62701170825e+34 9164993738.1 127879754.575 141.472707307 -869697.504755 0.499957005203 0.0
674 1.62815208405e+34 9241486819.08 125075429.156 131.656674173 -848318.981121 0.499957014519 0.0
675 1.62883630953e+34 9304820514.16 122742497.45 124.009369514 -835661.519134 0.499957018292 0.0
676 1.62952053501e+34 9362509541.92 120949424.45 118.256131786 -823213.89077 0.499956921883 0.0
677 1.63043283565e+34 9427649839.19 118803723.97 111.559350016 -807106.359668 0.499956389871 0.0
678 1.63134513629e+34 9498531907.39 116262308.1 104.040427073 -791864.639466 0.499954719937 0.0
679 1.63225743693e+34 9574557551.58 113622163.494 96.6082043936 -777925.488717 0.499951842964 0.0
680 1.63286888638e+34 9641182343.06 111326284.812 90.5356639198 -769627.176565 0.499948520395 0.0
681 1.63348033584e+34 9704375486.59 109429106.458 85.6530191255 -762428.377097 0.499945537273 0.0
682 1.63409178529e+34 9767248410.36 107471823.085 80.8127451206 -756639.812477 0.499942212773 0.0
683 1.63470323475e+34 9831504321.32 105449130.357 76.0153781409 -752659.215618 0.499938590371 0.0
684 1.63531468421e+34 9898178113.59 103362060.963 71.2400906368 -751000.895121 0.499934804671 0.0
685 1.63592613366e+34 9967993964.13 101195933.738 66.5100545584 -752365.282392 0.499930941277 0.0
686 1.63623185839e+34 10021928787.4 99502367.0933 63.0559247747 0.0 0.499928255788 0.0
687 1.63694845306e+34 10095880245.4 97543140.2189 59.0746662629 0.0 0.499925454868 0.0
688 1.63735932301e+34 10161462222.7 95295300.2922 54.8102338561 0.0 0.499922635026 0.0
689 1.63766747547e+34 10216597920.6 93803605.2813 52.1051839346 0.0 0.499921311103 0.0
690 1.63828378038e+34 10291461175.4 91830200.4343 48.5716220523 0.0 0.499920076891 0.0
691 1.63859193284e+34 10353970514.8 89760718.4544 45.1663731631 0.0 0.499919323087 0.0
692 1.63879736782e+34 10402537281.9 88574416.4189 43.263991577 0.0 0.499919095863 0.0
693 1.63920823776e+34 10463034582.9 87119257.9835 40.9434946122 0.0 0.499918901298 0.0
694 1.63955159895e+34 10525319373.1 85256901.9691 38.1797524489 0.0 0.499918728386 0.0
695 1.63996537758e+34 10597509431.3 83299477.9644 35.4166716463 0.0 0.499918605635 0.0
696 1.64024167583e+34 10662713899.8 81446894.5207 32.9123579362 0.0 0.499918519829 0.0
697 1.64051797409e+34 10725962384.4 79895162.8532 30.915593483 0.0 0.499918466684 0.0
698 1.64079427234e+34 10789945930.4 78274945.5614 28.9390154128 0.0 0.499918424789 0.0
699 1.64107057059e+34 10856257633.0 76596828.139 26.9526098929 0.0 0.499918392338 0.0
700 1.64134686884e+34 10925957545.5 74834340.1092 24.9859296909 0.0 0.499918368631 0.0
701 1.64153136841e+34 10986602983.6 73292187.0258 23.3700622546 0.0 0.499918353664 0.0
702 1.64171586799e+34 11043985503.9 72013332.5531 22.0659855849 0.0 0.499918344551 0.0
703 1.64190036756e+34 11101142668.0 70685036.477 20.767236824 0.0 0.499918337528 0.0
704 1.64213099203e+34 11167552233.6 69129284.7198 19.3021999033 0.0 0.499918331693 0.0
705 1.64224630427e+34 11220703066.7 67760502.365 18.1174867207 0.0 0.499918327716 0.0
706 1.6423616165e+34 11267999063.3 66821449.6472 17.3148959309 0.0 0.499918325556 0.0
707 1.64259256524e+34 11335803459.2 65368757.5088 16.0876155808 0.0 0.499918322985 0.0
708 1.64277771334e+34 11408002271.7 63508023.5048 14.6570734884 0.0 0.499918320657 0.0
709 1.64287028739e+34 11464358288.3 62193520.2064 13.7144513822 0.0 0.499918319448 0.0
710 1.64296286144e+34 11513632326.8 61289857.7147 13.0745521181 0.0 0.499918318791 0.0
711 1.64308629351e+34 11567850002.6 60200497.8477 12.3240275107 0.0 0.499918318152 0.0
712 1.64320972558e+34 11626396934.4 58895766.8356 11.4747754579 0.0 0.499918317713 0.0
713 1.64327144162e+34 11672156361.9 57864842.8465 10.8515609415 0.0 0.499918317681 0.0
714 1.64339487368e+34 11729783116.3 56806102.324 10.2075850365 0.0 0.499918317673 0.0
715 1.6435389467e+34 11802599691.1 55193105.6103 9.28345901442 0.0 0.499918317664 0.0
716 1.64362130369e+34 11866106669.4 53735571.6174 8.51452739903 0.0 0.499918317682 0.0
717 1.64367277681e+34 11915624986.0 52832975.0979 8.05676208714 0.0 0.49991831777 0.0
718 1.64377592102e+34 11978211906.4 51758509.715 7.51176375641 0.0 0.499918317768 0.0
719 1.6438584364e+34 12042185868.0 50382072.0411 6.87490743472 0.0 0.499918317768 0.0
720 1.64391122295e+34 12096386981.3 49313772.547 6.41172527739 0.0 0.499918317768 0.0
721 1.6439640095e+34 12146872074.1 48445051.1865 6.04527377049 0.0 0.499918317768 0.0
722 1.64401224597e+34 12194625070.0 47577873.3609 5.69566599595 0.0 0.499918317768 0.0
723 1.64404442273e+34 12234186060.5 46859125.3731 5.41894340542 0.0 0.499918317834 0.0
724 1.64410877626e+34 12287184238.9 45973098.3599 5.07676059791 0.0 0.499918317834 0.0
725 1.64415324742e+34 12338231110.4 44908872.158 4.70308660024 0.0 0.499918317834 0.0
726 1.64418403665e+34 12381618100.5 44137598.9607 4.4439975037 0.0 0.499918317834 0.0
727 1.64422000537e+34 12425193203.2 43429651.7079 4.21124538108 0.0 0.499918317834 0.0
728 1.64425439148e+34 12469028660.7 42650174.6569 3.96752932285 0.0 0.499918317834 0.0
729 1.64428287871e+34 12510141535.8 41922335.4292 3.75059549082 0.0 0.499918317834 0.0
730 1.64430690581e+34 12547612690.8 41290505.4633 3.56926763188 0.0 0.499918317834 0.0
731 1.64435910173e+34 12605763010.5 40342876.3552 3.29787947055 0.0 0.499918317834 0.0
732 1.64438350557e+34 12654654107.4 39316093.0094 3.03833709289 0.0 0.499918317834 0.0
733 1.64440073181e+34 12693704582.4 38737741.171 2.89420781095 0.0 0.499918317834 0.0
734 1.64443231326e+34 12741520636.2 38039198.3028 2.72082042459 0.0 0.499918317834 0.0
735 1.64445914068e+34 12791181765.8 37150267.1617 2.51763095969 0.0 0.499918317834 0.0
736 1.64447065349e+34 12827605386.0 36532575.7177 2.38615836059 0.0 0.499918317834 0.0
737 1.64449896264e+34 12875946182.5 35875731.1167 2.24306615764 0.0 0.499918317834 0.0
738 1.64452120427e+34 12925593283.8 34985096.5761 2.06626386848 0.0 0.499918317834 0.0
739 1.64454009253e+34 12973514198.4 34218914.4883 1.92105646875 0.0 0.499918317834 0.0
740 1.64455161895e+34 13012314605.0 33622167.9981 1.81401823335 0.0 0.499918317834 0.0
741 1.64457078144e+34 13057833507.9 32999380.1692 1.70276494876 0.0 0.499918317834 0.0
742 1.64459502225e+34 13116661900.4 32064286.1546 1.54506493787 0.0 0.499918317834 0.0
743 1.6446069316e+34 13165225547.6 31216002.4488 1.4178261291 0.0 0.499918317834 0.0
744 1.64461884095e+34 13209783074.0 30631353.0868 1.33110374838 0.0 0.499918317834 0.0
745 1.6446307503e+34 13253619320.9 30016767.7037 1.24408030406 0.0 0.499918317834 0.0
746 1.64464264271e+34 13298534683.8 29368748.4677 1.15675808347 0.0 0.499918317834 0.0
747 1.64465453513e+34 13345710893.4 28684968.6255 1.06853739588 0.0 0.499918317834 0.0
748 1.64466189939e+34 13385588900.3 28094728.8376 0.997913576399 0.0 0.499918317834 0.0
749 1.64466869964e+34 13421335586.3 27641861.4695 0.945065843582 0.0 0.499918317834 0.0
750 1.64467549988e+34 13455838773.7 27188641.4948 0.894022501498 0.0 0.499918317834 0.0
751 1.64468570818e+34 13499841413.3 26596757.1402 0.828956562714 0.0 0.499918317834 0.0
752 1.64469365104e+34 13544359819.2 25917887.6828 0.760719150901 0.0 0.499918317834 0.0
753 1.64469705512e+34 13576789576.0 25466527.7046 0.718331887248 0.0 0.499918317834 0.0
754 1.6447015939e+34 13607119385.4 25141866.8763 0.687669706185 0.0 0.499918317834 0.0
755 1.64470689508e+34 13639656602.5 24723629.089 0.64957497015 0.0 0.499918317834 0.0
756 1.64471219626e+34 13674373760.7 24250379.3534 0.60848384638 0.0 0.499918317834 0.0
757 1.64471572988e+34 13704698770.3 23834630.3977 0.574443625063 0.0 0.499918317834 0.0
758 1.64472191372e+34 13744062799.2 23360332.6095 0.535689774788 0.0 0.499918317834 0.0
759 1.64472633074e+34 13782358533.7 22804540.0559 0.494420434565 0.0 0.499918317834 0.0
760 1.64472809755e+34 13809302139.5 22461842.9042 0.470405209261 0.0 0.499918317834 0.0
761 1.64473251457e+34 13843281832.7 22111372.5145 0.445217428763 0.0 0.499918317834 0.0
762 1.64473710339e+34 13883316952.7 21568001.7799 0.409030588696 0.0 0.499918317834 0.0
763 1.64473979834e+34 13917817968.7 21095828.9722 0.380167252977 0.0 0.499918317834 0.0
764 1.64474181955e+34 13946460858.6 20775986.2555 0.361145857729 0.0 0.499918317834 0.0
765 1.6447445145e+34 13976771868.1 20444518.2392 0.341741408377 0.0 0.499918317834 0.0
766 1.64474720946e+34 14008944350.5 20045789.5027 0.31959877087 0.0 0.499918317834 0.0
767 1.64474991625e+34 14043314990.8 19623581.1438 0.297253240254 0.0 0.499918317834 0.0
768 1.64475172867e+34 14073501408.3 19248444.8566 0.27867666969 0.0 0.499918317834 0.0
769 1.64475308798e+34 14098796362.5 18973595.6002 0.265483993314 0.0 0.499918317834 0.0
770 1.64475558005e+34 14131303541.4 18628433.9386 0.248962116249 0.0 0.499918317834 0.0
771 1.64475761902e+34 14165062501.9 18193942.9998 0.229875652494 0.0 0.499918317834 0.0
772 1.64475897834e+34 14194336969.3 17847805.874 0.215524987268 0.0 0.499918317834 0.0
773 1.64476064838e+34 14225125896.6 17525757.6652 0.20239073679 0.0 0.499918317834 0.0
774 1.64476262377e+34 14261151782.3 17115573.7358 0.186450516208 0.0 0.499918317834 0.0
775 1.64476444721e+34 14299948621.1 16655260.6714 0.169858628423 0.0 0.499918317834 0.0
776 1.64476566283e+34 14334297646.4 16257852.0023 0.156638877636 0.0 0.499918317834 0.0
777 1.64476627064e+34 14359323632.6 16005801.5809 0.148661519547 0.0 0.499918317834 0.0
778 1.64476707586e+34 14382675418.6 15804732.678 0.142293425469 0.0 0.499918317834 0.0
779 1.6447686863e+34 14417767320.9 15446817.8695 0.131104660667 0.0 0.499918317834 0.0
780 1.64476969282e+34 14451287978.7 15022328.9355 0.119456675092 0.0 0.499918317834 0.0
781 1.64477051924e+34 14482093180.9 14705944.9487 0.111096179977 0.0 0.499918317834 0.0
782 1.64477093245e+34 14504871333.1 14479726.7528 0.105465466001 0.0 0.499918317834 0.0
783 1.6447718966e+34 14534550469.6 14220972.7932 0.0988854223819 0.0 0.499918317834 0.0
784 1.6447723098e+34 14557729642.6 13942215.2068 0.0926054714493 0.0 0.499918317834 0.0
785 1.6447732742e+34 14590220640.8 13653942.6503 0.0858925312323 0.0 0.499918317834 0.0
786 1.64477368766e+34 14616101963.0 13339227.3734 0.0795430708297 0.0 0.499918317834 0.0
787 1.64477437938e+34 14646277202.1 13076454.0942 0.0741298810175 0.0 0.499918317834 0.0
788 1.6447749354e+34 14676371022.8 12757043.8396 0.0681351775156 0.0 0.499918317834 0.0
789 1.6447752134e+34 14699362478.2 12529070.4853 0.0641486321865 0.0 0.499918317834 0.0
790 1.64477563041e+34 14723419305.5 12332374.2709 0.0606890541431 0.0 0.499918317834 0.0
791 1.64477590842e+34 14744292666.5 12124354.5325 0.0572915598322 0.0 0.499918317834 0.0
792 1.64477646443e+34 14773773035.5 11864687.4338 0.0530181540514 0.0 0.499918317834 0.0
793 1.64477674244e+34 14798785433.7 11581297.6004 0.0489509543806 0.0 0.499918317834 0.0
794 1.64477702022e+34 14822151248.2 11383282.4441 0.0461329444285 0.0 0.499918317834 0.0
795 1.64477734429e+34 14847370056.8 11157748.962 0.0430385832209 0.0 0.499918317834 0.0
796 1.64477766844e+34 14874604472.4 10898853.7176 0.0396929149622 0.0 0.499918317834 0.0
797 1.644778039e+34 14906554637.2 10601395.4587 0.0360380204038 0.0 0.499918317834 0.0
798 1.64477828469e+34 14935809534.2 10312969.9927 0.0328472428801 0.0 0.499918317834 0.0
799 1.64477849967e+34 14962951750.5 10082833.7417 0.030393381569 0.0 0.499918317834 0.0
800 1.6447785918e+34 14982174549.6 9919558.25973 0.0287735750174 0.0 0.499918317834 0.0
801 1.64477871465e+34 14999629617.8 9801998.89515 0.0275937276194 0.0 0.499918317834 0.0
802 1.64477899255e+34 15027633829.7 9574104.03283 0.0253080788027 0.0 0.499918317834 0.0
803 1.64477916828e+34 15055084153.0 9289387.63871 0.022839809849 0.0 0.499918317834 0.0
804 1.64477925098e+34 15075540549.0 9115420.47878 0.021416143813 0.0 0.499918317834 0.0
805 1.64477941637e+34 15100172083.1 8942434.3056 0.0199612185761 0.0 0.499918317834 0.0
806 1.64477952666e+34 15122876882.0 8734942.50372 0.0183944419255 0.0 0.499918317834 0.0
807 1.64477959994e+34 15141536305.2 8588836.84975 0.0173344016035 0.0 0.499918317834 0.0
808 1.64477967321e+34 15158541730.0 8467489.68134 0.0164691894935 0.0 0.499918317834 0.0
809 1.64477978312e+34 15179356240.4 8309338.56166 0.0153609067432 0.0 0.499918317834 0.0
810 1.6447798564e+34 15198570907.8 8140081.03882 0.0142755166273 0.0 0.499918317834 0.0
811 1.64477992967e+34 15217550184.7 7997870.49573 0.0133835984293 0.0 0.499918317834 0.0
812 1.64478000371e+34 15237171594.6 7847196.27257 0.0124776682816 0.0 0.499918317834 0.0
813 1.6447800531e+34 15254159602.3 7713481.16402 0.0117224578561 0.0 0.499918317834 0.0
814 1.64478010249e+34 15270215716.3 7601993.26883 0.0111044900577 0.0 0.499918317834 0.0
815 1.64478017658e+34 15290426507.8 7456454.75804 0.0103125549098 0.0 0.499918317834 0.0
816 1.64478023831e+34 15311573222.6 7284642.2218 0.00945347085617 0.0 0.499918317834 0.0
817 1.64478029649e+34 15333442462.0 7122784.50507 0.00868237137303 0.0 0.499918317834 0.0
818 1.64478032973e+34 15351278988.8 6990793.97094 0.00810068747516 0.0 0.499918317834 0.0
819 1.64478036298e+34 15367477874.6 6890745.75383 0.00766515523337 0.0 0.499918317834 0.0
820 1.64478041284e+34 15387325772.1 6760107.98472 0.00710764401679 0.0 0.499918317834 0.0
821 1.64478044609e+34 15405707242.0 6619829.02202 0.00656497166784 0.0 0.499918317834 0.0
822 1.64478046847e+34 15420919831.5 6520942.55344 0.0061972398051 0.0 0.499918317834 0.0
823 1.64478049086e+34 15434845740.8 6438362.67998 0.00589581077949 0.0 0.499918317834 0.0
824 1.64478053703e+34 15455960267.3 6306931.96716 0.00541604086713 0.0 0.499918317834 0.0
825 1.64478057481e+34 15479406757.6 6131322.86941 0.00484860482693 0.0 0.499918317834 0.0
826 1.64478060285e+34 15501636666.8 5982064.09913 0.00440206674834 0.0 0.499918317834 0.0
827 1.64478062536e+34 15521880340.4 5859587.87355 0.00405490890617 0.0 0.499918317834 0.0
828 1.64478064223e+34 15539324116.5 5758476.18643 0.00378361275509 0.0 0.499918317834 0.0
829 1.64478065911e+34 15555840397.5 5667668.44183 0.00354737023991 0.0 0.499918317834 0.0
830 1.64478067036e+34 15569587187.0 5588124.13767 0.00335267270626 0.0 0.499918317834 0.0
831 1.64478069286e+34 15588276573.9 5489272.66922 0.0031077925891 0.0 0.499918317834 0.0
832 1.64478071148e+34 15608365510.9 5359411.74848 0.00281992562073 0.0 0.499918317834 0.0
833 1.64478072265e+34 15625349587.6 5258562.68896 0.0026136468198 0.0 0.499918317834 0.0
834 1.64478074251e+34 15647322116.3 5148726.4349 0.00238567546328 0.0 0.499918317834 0.0
835 1.64478075492e+34 15667578038.7 5024142.55617 0.00216188648022 0.0 0.499918317834 0.0
836 1.64478076382e+34 15684828865.1 4936764.23181 0.00201186696005 0.0 0.499918317834 0.0
837 1.6447807723e+34 15700679177.1 4862124.61676 0.00188773879298 0.0 0.499918317834 0.0
838 1.6447807814e+34 15716897687.5 4782964.02388 0.00176138353065 0.0 0.499918317834 0.0
839 1.64478079619e+34 15739946353.0 4669494.78339 0.00158424232935 0.0 0.499918317834 0.0
840 1.64478080332e+34 15759404566.4 4554694.7716 0.00143521413403 0.0 0.499918317834 0.0
841 1.64478080704e+34 15773496208.9 4494763.00872 0.00135967493208 0.0 0.499918317834 0.0
842 1.64478081199e+34 15786610638.7 4445519.0403 0.00129728410856 0.0 0.499918317834 0.0
843 1.64478081941e+34 15802929795.3 4372457.14204 0.00120728292503 0.0 0.499918317834 0.0
844 1.64478082457e+34 15818383384.8 4293313.84304 0.00111958122138 0.0 0.499918317834 0.0
845 1.64478083261e+34 15838531141.9 4206271.17886 0.00102302837599 0.0 0.499918317834 0.0
846 1.64478083797e+34 15857681623.2 4110463.33949 0.000930788081421 0.0 0.499918317834 0.0
847 1.64478084333e+34 15877113883.4 4029132.3783 0.000855052391049 0.0 0.499918317834 0.0
848 1.64478084813e+34 15896448962.5 3946860.62003 0.000784139472611 0.0 0.499918317834 0.0
849 1.64478085331e+34 15917461226.1 3860808.75038 0.000714048590506 0.0 0.499918317834 0.0
850 1.64478085738e+34 15937708930.8 3774916.98211 0.000651605180376 0.0 0.499918317834 0.0
851 1.64478085941e+34 15953008619.9 3714342.48892 0.000612055804109 0.0 0.499918317834 0.0
852 1.64478086403e+34 15973371634.5 3645908.08982 0.000565026790701 0.0 0.499918317834 0.0
853 1.64478086749e+34 15993965805.1 3555303.27726 0.000514079132742 0.0 0.499918317834 0.0
854 1.64478086922e+34 16009786354.7 3492584.32525 0.000483599481076 0.0 0.499918317834 0.0
855 1.6447808707e+34 16022619472.1 3452104.59887 0.000464481521457 0.0 0.499918317834 0.0
856 1.64478087375e+34 16039818364.8 3392706.03225 0.000436522661296 0.0 0.499918317834 0.0
857 1.64478087532e+34 16054265841.3 3326540.87862 0.00041374958126 0.0 0.499918317834 0.0
858 1.64478087794e+34 16071803265.5 3264216.18083 0.000390213192076 0.0 0.499918317834 0.0
859 1.64478087912e+34 16085410984.4 3203844.94109 0.0003710817889 0.0 0.499918317834 0.0
860 1.64478088146e+34 16102443534.2 3146019.82155 0.000350447515794 0.0 0.499918317834 0.0
861 1.64478088263e+34 16116347578.5 3083956.03365 0.00033201863238 0.0 0.499918317834 0.0
862 1.6447808851e+34 16135433044.8 3017239.30172 0.000309544452798 0.0 0.499918317834 0.0
863 1.64478088649e+34 16152312064.6 2939985.97252 0.00028861234872 0.0 0.499918317834 0.0
864 1.64478088788e+34 16168522213.3 2881066.24959 0.000271971233885 0.0 0.499918317834 0.0
865 1.64478088903e+34 16183391952.8 2824076.53673 0.000256822109226 0.0 0.499918317834 0.0
866 1.64478089018e+34 16197975211.6 2769825.21454 0.000242618823894 0.0 0.499918317834 0.0
867 1.64478089168e+34 16215322568.7 2703532.39484 0.000225348734341 0.0 0.499918317834 0.0
868 1.6447808927e+34 16231265635.6 2635233.91286 0.000209910667263 0.0 0.499918317834 0.0
869 1.64478089388e+34 16248315108.4 2571972.76076 0.000195158933415 0.0 0.499918317834 0.0
870 1.64478089447e+34 16261643527.6 2516822.04742 0.000184089931274 0.0 0.499918317834 0.0
871 1.6447808954e+34 16276394611.6 2467236.12718 0.000173138774991 0.0 0.499918317834 0.0
872 1.64478089609e+34 16290139405.8 2410391.74699 0.00016213029309 0.0 0.499918317834 0.0
873 1.64478089644e+34 16300336299.7 2371978.79697 0.000155124439815 0.0 0.499918317834 0.0
874 1.64478089701e+34 16311236838.1 2336721.33492 0.000148198057676 0.0 0.499918317834 0.0
875 1.64478089772e+34 16324237327.2 2285033.76953 0.000138561840518 0.0 0.499918317834 0.0
876 1.64478089844e+34 16339122960.0 2223137.4233 0.000127776708121 0.0 0.499918317834 0.0
877 1.6447808991e+34 16354990096.0 2157595.11044 0.000117145630411 0.0 0.499918317834 0.0
878 1.64478089962e+34 16370002073.4 2096641.36157 0.00010805107328 0.0 0.499918317834 0.0
879 1.64478089992e+34 16381789405.3 2051519.05871 0.000101811485549 0.0 0.499918317834 0.0
880 1.64478090019e+34 16391791013.8 2018594.12825 9.71470945272e-05 0.0 0.499918317834 0.0
881 1.64478090046e+34 16401097771.6 1985633.31513 9.25847113827e-05 0.0 0.499918317834 0.0
882 1.64478090091e+34 16413491585.8 1939393.70963 8.60121432337e-05 0.0 0.499918317834 0.0
883 1.64478090112e+34 16423603614.2 1892725.35317 8.06367406946e-05 0.0 0.499918317834 0.0
884 1.64478090134e+34 16432767271.8 1861239.21521 7.67823534141e-05 0.0 0.499918317834 0.0
885 1.64478090155e+34 16441673253.9 1828146.1673 7.28631016277e-05 0.0 0.499918317834 0.0
886 1.64478090191e+34 16453928983.3 1781606.02354 6.71930967624e-05 0.0 0.499918317834 0.0
887 1.6447809021e+34 16464546180.3 1732339.32743 6.23641590092e-05 0.0 0.499918317834 0.0
888 1.64478090232e+34 16475443867.0 1692943.57715 5.82317534679e-05 0.0 0.499918317834 0.0
889 1.64478090248e+34 16485061885.8 1654120.57701 5.45801300339e-05 0.0 0.499918317834 0.0
890 1.64478090264e+34 16494294851.6 1620260.62744 5.13832309232e-05 0.0 0.499918317834 0.0
891 1.64478090271e+34 16501225560.1 1593235.07793 4.90729195255e-05 0.0 0.499918317834 0.0
892 1.64478090287e+34 16509576324.5 1565297.3301 4.64512882797e-05 0.0 0.499918317834 0.0
893 1.64478090302e+34 16518617619.3 1526741.22053 4.32207455081e-05 0.0 0.499918317834 0.0
894 1.64478090311e+34 16526586061.0 1493464.65128 4.06560543652e-05 0.0 0.499918317834 0.0
895 1.64478090318e+34 16532971353.3 1470061.59848 3.88922429641e-05 0.0 0.499918317834 0.0
896 1.64478090324e+34 16538658257.6 1450622.18385 3.74170522917e-05 0.0 0.499918317834 0.0
897 1.64478090337e+34 16546827073.9 1420286.00011 3.50171794931e-05 0.0 0.499918317834 0.0
898 1.64478090343e+34 16553743927.4 1387221.04974 3.28859882814e-05 0.0 0.499918317834 0.0
899 1.64478090349e+34 16559588461.1 1366339.13185 3.14941731125e-05 0.0 0.499918317834 0.0
900 1.64478090355e+34 16565840174.9 1343722.60662 2.99678328578e-05 0.0 0.499918317834 0.0
901 1.64478090362e+34 16572497254.9 1316390.24231 2.82320673238e-05 0.0 0.499918317834 0.0
902 1.64478090369e+34 16579590348.3 1287303.4328 2.64589216745e-05 0.0 0.499918317834 0.0
903 1.64478090376e+34 16587115261.0 1256392.31029 2.46595569405e-05 0.0 0.499918317834 0.0
904 1.64478090379e+34 16592944065.5 1231731.49354 2.33808580425e-05 0.0 0.499918317834 0.0
905 1.64478090383e+34 16598007968.8 1214797.29959 2.24649606235e-05 0.0 0.499918317834 0.0
906 1.64478090389e+34 16604497524.5 1190679.13358 2.11283801218e-05 0.0 0.499918317834 0.0
907 1.64478090393e+34 16611341562.2 1160168.46336 1.96332867155e-05 0.0 0.499918317834 0.0
908 1.64478090396e+34 16616659279.1 1137611.50676 1.8626009738e-05 0.0 0.499918317834 0.0
909 1.644780904e+34 16622674847.8 1116691.53317 1.76091404612e-05 0.0 0.499918317834 0.0
910 1.64478090403e+34 16628566415.3 1091296.51608 1.65088174868e-05 0.0 0.499918317834 0.0
911 1.64478090407e+34 16634946700.7 1065810.05797 1.54093247219e-05 0.0 0.499918317834 0.0
912 1.64478090409e+34 16639949730.8 1044080.6453 1.45872239488e-05 0.0 0.499918317834 0.0
913 1.64478090411e+34 16644340454.7 1028983.2832 1.39916932621e-05 0.0 0.499918317834 0.0
914 1.64478090414e+34 16649536155.5 1009268.42964 1.32073637583e-05 0.0 0.499918317834 0.0
915 1.64478090415e+34 16654252233.5 988107.596942 1.246394725e-05 0.0 0.499918317834 0.0
916 1.64478090418e+34 16659257172.7 968684.202301 1.17647299203e-05 0.0 0.499918317834 0.0
917 1.64478090419e+34 16663029625.4 952311.772185 1.12423020796e-05 0.0 0.499918317834 0.0
918 1.64478090421e+34 16667587641.1 936364.427886 1.0682566471e-05 0.0 0.499918317834 0.0
919 1.64478090423e+34 16672731470.8 913598.949373 9.95615730475e-06 0.0 0.499918317834 0.0
920 1.64478090425e+34 16678398542.5 889058.234694 9.20865684791e-06 0.0 0.499918317834 0.0
921 1.64478090426e+34 16682874541.7 869051.73985 8.6717480097e-06 0.0 0.499918317834 0.0
922 1.64478090426e+34 16686594044.4 856038.58531 8.30950339933e-06 0.0 0.499918317834 0.0
923 1.64478090428e+34 16691083904.4 839224.990472 7.82614842608e-06 0.0 0.499918317834 0.0
924 1.64478090428e+34 16694440997.4 823318.193953 7.44083109115e-06 0.0 0.499918317834 0.0
925 1.6447809043e+34 16698463985.0 809177.986218 7.05668543523e-06 0.0 0.499918317834 0.0
926 1.6447809043e+34 16701708859.8 794019.869612 6.70388857099e-06 0.0 0.499918317834 0.0
927 1.64478090431e+34 16704612868.2 783529.333959 6.44986458861e-06 0.0 0.499918317834 0.0
928 1.64478090432e+34 16709138774.4 765896.567501 5.99792225911e-06 0.0 0.499918317834 0.0
929 1.64478090433e+34 16713625204.5 743540.786981 5.52448310177e-06 0.0 0.499918317834 0.0
930 1.64478090433e+34 16717041452.9 729113.555402 5.23368344259e-06 0.0 0.499918317834 0.0
931 1.64478090434e+34 16720399280.9 717409.010545 4.98258490596e-06 0.0 0.499918317834 0.0
932 1.64478090435e+34 16723828208.0 703221.161301 4.69507795138e-06 0.0 0.499918317834 0.0
933 1.64478090435e+34 16726458174.6 691899.302648 4.48596513723e-06 0.0 0.499918317834 0.0
934 1.64478090435e+34 16729704946.3 680194.811253 4.25048315266e-06 0.0 0.499918317834 0.0
935 1.64478090436e+34 16733408550.7 663432.199264 3.94530541744e-06 0.0 0.499918317834 0.0
936 1.64478090436e+34 16736361303.9 649825.415292 3.7258601473e-06 0.0 0.499918317834 0.0
937 1.64478090437e+34 16740201222.3 635621.414131 3.470048994e-06 0.0 0.499918317834 0.0
938 1.64478090437e+34 16743134973.0 621031.53973 3.26116452856e-06 0.0 0.499918317834 0.0
939 1.64478090437e+34 16745659064.0 612294.58926 3.1264417795e-06 0.0 0.499918317834 0.0
940 1.64478090438e+34 16748601779.6 600890.801662 2.94904059796e-06 0.0 0.499918317834 0.0
941 1.64478090438e+34 16751882653.6 586218.772029 2.73791368229e-06 0.0 0.499918317834 0.0
942 1.64478090438e+34 16754810535.6 573017.502783 2.56449421215e-06 0.0 0.499918317834 0.0
943 1.64478090438e+34 16757013482.7 564364.117159 2.45452999963e-06 0.0 0.499918317834 0.0
944 1.64478090439e+34 16759414728.9 555874.511548 2.33994235045e-06 0.0 0.499918317834 0.0
945 1.64478090439e+34 16762304367.6 543401.148179 2.18023528923e-06 0.0 0.499918317834 0.0
946 1.64478090439e+34 16764952053.5 531079.318462 2.04022718447e-06 0.0 0.499918317834 0.0
947 1.64478090439e+34 16767553231.4 520631.098196 1.92071393044e-06 0.0 0.499918317834 0.0
948 1.64478090439e+34 16770217151.2 509496.374089 1.79899283003e-06 0.0 0.499918317834 0.0
949 1.6447809044e+34 16773012899.2 497556.05087 1.67496632895e-06 0.0 0.499918317834 0.0
950 1.6447809044e+34 16775720438.9 485727.943649 1.56142991947e-06 0.0 0.499918317834 0.0
951 1.6447809044e+34 16778217015.8 475223.863839 1.46573435834e-06 0.0 0.499918317834 0.0
952 1.6447809044e+34 16780266340.9 466828.784337 1.39374678198e-06 0.0 0.499918317834 0.0
953 1.6447809044e+34 16782128246.4 459806.209653 1.3332142418e-06 0.0 0.499918317834 0.0
954 1.6447809044e+34 16784394840.7 450604.71967 1.25325774541e-06 0.0 0.499918317834 0.0
955 1.6447809044e+34 16786475119.7 440676.216095 1.17809216527e-06 0.0 0.499918317834 0.0
956 1.6447809044e+34 16788349228.3 432966.783642 1.12006118584e-06 0.0 0.499918317834 0.0
957 1.6447809044e+34 16790727029.5 423328.359325 1.04472683528e-06 0.0 0.499918317834 0.0
958 1.6447809044e+34 16793081715.1 411983.132072 9.68051393386e-07 0.0 0.499918317834 0.0
959 1.6447809044e+34 16795083823.8 403276.461445 9.11994031757e-07 0.0 0.499918317834 0.0
960 1.64478090441e+34 16796955131.8 395938.113638 8.64150073713e-07 0.0 0.499918317834 0.0
961 1.64478090441e+34 16798975914.0 387515.967705 8.102287068e-07 0.0 0.499918317834 0.0
962 1.64478090441e+34 16800983589.2 378442.347125 7.56780170768e-07 0.0 0.499918317834 0.0
963 1.64478090441e+34 16802974476.9 369789.70257 7.07696635792e-07 0.0 0.499918317834 0.0
964 1.64478090441e+34 16804637248.7 362463.113593 6.69728613006e-07 0.0 0.499918317834 0.0
965 1.64478090441e+34 16806436481.3 355348.640745 6.31120534393e-07 0.0 0.499918317834 0.0
966 1.64478090441e+34 16808376099.3 346493.574709 5.87193390379e-07 0.0 0.499918317834 0.0
967 1.64478090441e+34 16809894712.6 339277.524179 5.56269794935e-07 0.0 0.499918317834 0.0
968 1.64478090441e+34 16811380195.5 333587.946402 5.30124492357e-07 0.0 0.499918317834 0.0
969 1.64478090441e+34 16812630290.1 327963.84828 5.06894235348e-07 0.0 0.499918317834 0.0
970 1.64478090441e+34 16814155809.7 321665.994134 4.79209967208e-07 0.0 0.499918317834 0.0
971 1.64478090441e+34 16815959268.4 312838.180869 4.43966897975e-07 0.0 0.499918317834 0.0
972 1.64478090441e+34 16817517079.0 304881.048436 4.16534458245e-07 0.0 0.499918317834 0.0
973 1.64478090441e+34 16818806386.9 299416.242926 3.97493406916e-07 0.0 0.499918317834 0.0
974 1.64478090441e+34 16819925514.2 294800.935247 3.81514882659e-07 0.0 0.499918317834 0.0
975 1.64478090441e+34 16821135500.1 289560.258277 3.63151939718e-07 0.0 0.499918317834 0.0
976 1.64478090441e+34 16822430362.3 283251.841202 3.42332214601e-07 0.0 0.499918317834 0.0
977 1.64478090441e+34 16824622468.2 273130.8046 3.05697701736e-07 0.0 0.499918317834 0.0
