 0001  0.1148716646024823E+032
 0002  0.1176026196901122E+032
 0003  0.1203985004120751E+032
 0004  0.1232608503082071E+032
 0005  0.1261912496144237E+032
 0006  0.1291913161351062E+032
 0007  0.1322627061362704E+032
 0008  0.1354071152599370E+032
 0009  0.1386262794602632E+032
 0010  0.1419219759619323E+032
 0011  0.1452960242413009E+032
 0012  0.1487502870308881E+032
 0013  0.1522866713477635E+032
 0014  0.1559071295463554E+032
 0015  0.1596136603962936E+032
 0016  0.1634083101858938E+032
 0017  0.1672931738518595E+032
 0018  0.1712703961358578E+032
 0019  0.1753421727685587E+032
 0020  0.1795107516818683E+032
 0021  0.1837784342499452E+032
 0022  0.1881475765597431E+032
 0023  0.1926205907117484E+032
 0024  0.1971999461516445E+032
 0025  0.2018881710336192E+032
 0026  0.2066878536161309E+032
 0027  0.2116016436908055E+032
 0028  0.2166322540453095E+032
 0029  0.2217824619610519E+032
 0030  0.2270551107464266E+032
 0031  0.2324531113065373E+032
 0032  0.2379794437502784E+032
 0033  0.2436371590355077E+032
 0034  0.2494293806534875E+032
 0035  0.2553593063532464E+032
 0036  0.2614302099069900E+032
 0037  0.2676454429174667E+032
 0038  0.2740084366683322E+032
 0039  0.2805227040184450E+032
 0040  0.2871918413412714E+032
 0041  0.2940195305103193E+032
 0042  0.3010095409318547E+032
 0043  0.3081657316258613E+032
 0044  0.3154920533565415E+032
 0045  0.3229925508134538E+032
 0046  0.3306713648444274E+032
 0047  0.3385327347417079E+032
 0048  0.3465810005823131E+032
 0049  0.3548206056240858E+032
 0050  0.3632560987587886E+032
 0051  0.3718921370233277E+032
 0052  0.3807334881708780E+032
 0053  0.3897850333030025E+032
 0054  0.3990517695644220E+032
 0055  0.4085388129017948E+032
 0056  0.4182514008881439E+032
 0057  0.4281948956143435E+032
 0058  0.4383747866494528E+032
 0059  0.4487966940713835E+032
 0060  0.4594663715695494E+032
 0061  0.4703897096214196E+032
 0062  0.4815727387444424E+032
 0063  0.4930216328254179E+032
 0064  0.5047427125289140E+032
 0065  0.5167424487867107E+032
 0066  0.5290274663703979E+032
 0067  0.5416045475486039E+032
 0068  0.5544806358313906E+032
 0069  0.5676628398036021E+032
 0070  0.5811584370493230E+032
 0071  0.5949748781697004E+032
 0072  0.6091197908962104E+032
 0073  0.6236009843017500E+032
 0074  0.6384264531118659E+032
 0075  0.6536043821184553E+032
 0076  0.6691431506983418E+032
 0077  0.6850513374394020E+032
 0078  0.7013377248765763E+032
 0079  0.7180113043404808E+032
 0080  0.7350812809212992E+032
 0081  0.7525570785507914E+032
 0082  0.7704483452048751E+032
 0083  0.7887649582301576E+032
 0084  0.8075170297969777E+032
 0085  0.8267149124820018E+032
 0086  0.8463692049837975E+032
 0087  0.8664907579739219E+032
 0088  0.8870906800875243E+032
 0089  0.9081803440561286E+032
 0090  0.9297713929859932E+032
 0091  0.9518757467863522E+032
 0092  0.9745056087498995E+032
 0093  0.9976734722900810E+032
 0094  0.1021392127838171E+033
 0095  0.1045674669904941E+033
 0096  0.1070534504309452E+033
 0097  0.1095985355580234E+033
 0098  0.1122041274532462E+033
 0099  0.1148716646024823E+033
 0100  0.1148716646024592E+033
 0101  0.1139923936745489E+033
 0102  0.1131198530170232E+033
 0103  0.1122539911138791E+033
 0104  0.1113947568434242E+033
 0105  0.1105420994752606E+033
 0106  0.1096959686673049E+033
 0107  0.1088563144628111E+033
 0108  0.1080230872874227E+033
 0109  0.1071962379462375E+033
 0110  0.1063757176209168E+033
 0111  0.1055614778667896E+033
 0112  0.1047534706100049E+033
 0113  0.1039516481446793E+033
 0114  0.1031559631300963E+033
 0115  0.1023663685879018E+033
 0116  0.1015828178993238E+033
 0117  0.1008052648024358E+033
 0118  0.1000336633894139E+033
 0119  0.9926796810383415E+032
 0120  0.9850813373797259E+032
 0121  0.9775411543014663E+032
 0122  0.9700586866206095E+032
 0123  0.9626334925618118E+032
 0124  0.9552651337311442E+032
 0125  0.9479531750904867E+032
 0126  0.9406971849315179E+032
 0127  0.9334967348504659E+032
 0128  0.9263513997226638E+032
 0129  0.9192607576775080E+032
 0130  0.9122243900736126E+032
 0131  0.9052418814739757E+032
 0132  0.8983128196214914E+032
 0133  0.8914367954146918E+032
 0134  0.8846134028834673E+032
 0135  0.8778422391652004E+032
 0136  0.8711229044808775E+032
 0137  0.8644550021115926E+032
 0138  0.8578381383750500E+032
 0139  0.8512719226024145E+032
 0140  0.8447559671150449E+032
 0141  0.8382898872018277E+032
 0142  0.8318733010963954E+032
 0143  0.8255058299545062E+032
 0144  0.8191870978317695E+032
 0145  0.8129167316613486E+032
 0146  0.8066943612321239E+032
 0147  0.8005196191666264E+032
 0148  0.7943921408993397E+032
 0149  0.7883115646555090E+032
 0150  0.7822775314293742E+032
 0151  0.7762896849631407E+032
 0152  0.7703476717259959E+032
 0153  0.7644511408931033E+032
 0154  0.7585997443251492E+032
 0155  0.7527931365473833E+032
 0156  0.7470309747296957E+032
 0157  0.7413129186658181E+032
 0158  0.7356386307538399E+032
 0159  0.7300077759757781E+032
 0160  0.7244200218782082E+032
 0161  0.7188750385522268E+032
 0162  0.7133724986142663E+032
 0163  0.7079120771867035E+032
 0164  0.7024934518785361E+032
 0165  0.6971163027666596E+032
 0166  0.6917803123765902E+032
 0167  0.6864851656639721E+032
 0168  0.6812305499960385E+032
 0169  0.6760161551327958E+032
 0170  0.6708416732092226E+032
 0171  0.6657067987165464E+032
 0172  0.6606112284846265E+032
 0173  0.6555546616638537E+032
 0174  0.6505367997075102E+032
 0175  0.6455573463539686E+032
 0176  0.6406160076093060E+032
 0177  0.6357124917300560E+032
 0178  0.6308465092056385E+032
 0179  0.6260177727418034E+032
 0180  0.6212259972430142E+032
 0181  0.6164708997963303E+032
 0182  0.6117521996539974E+032
 0183  0.6070696182174453E+032
 0184  0.6024228790205016E+032
 0185  0.5978117077131116E+032
 0186  0.5932358320453368E+032
 0187  0.5886949818510979E+032
 0188  0.5841888890321958E+032
 0189  0.5797172875425854E+032
 0190  0.5752799133727192E+032
 0191  0.5708765045337983E+032
 0192  0.5665068010424152E+032
 0193  0.5621705449051284E+032
 0194  0.5578674801033353E+032
 0195  0.5535973525781002E+032
 0196  0.5493599102149819E+032
 0197  0.5451549028296218E+032
 0198  0.5409820821524104E+032
 0199  0.5368412018141679E+032
 0200  0.5327320173316174E+032
 0201  0.5286542860926966E+032
 0202  0.5246077673424229E+032
 0203  0.5205922221687360E+032
 0204  0.5166074134881089E+032
 0205  0.5126531060320129E+032
 0206  0.5087290663324827E+032
 0207  0.5048350627088122E+032
 0208  0.5009708652535345E+032
 0209  0.4971362458190253E+032
 0210  0.4933309780040135E+032
 0211  0.4895548371400919E+032
 0212  0.4858076002787589E+032
 0213  0.4820890461777673E+032
 0214  0.4783989552885347E+032
 0215  0.4747371097429770E+032
 0216  0.4711032933405498E+032
 0217  0.4674972915356353E+032
 0218  0.4639188914249061E+032
 0219  0.4603678817345049E+032
 0220  0.4568440528080313E+032
 0221  0.4533471965935362E+032
 0222  0.4498771066318549E+032
 0223  0.4464335780438784E+032
 0224  0.4430164075189554E+032
 0225  0.4396253933026016E+032
 0226  0.4362603351844407E+032
 0227  0.4329210344869517E+032
 0228  0.4296072940528556E+032
 0229  0.4263189182345784E+032
 0230  0.4230557128816143E+032
 0231  0.4198174853298963E+032
 0232  0.4166040443897828E+032
 0233  0.4134152003353578E+032
 0234  0.4102507648927413E+032
 0235  0.4071105512292739E+032
 0236  0.4039943739422650E+032
 0237  0.4009020490483857E+032
 0238  0.3978333939723699E+032
 0239  0.3947882275364078E+032
 0240  0.3917663699498618E+032
 0241  0.3887676427978753E+032
 0242  0.3857918690314119E+032
 0243  0.3828388729566482E+032
 0244  0.3799084802245745E+032
 0245  0.3770005178206879E+032
 0246  0.3741148140548003E+032
 0247  0.3712511985509847E+032
 0248  0.3684095022372917E+032
 0249  0.3655895573360875E+032
 0250  0.3627911973537932E+032
 0251  0.3600142570713615E+032
 0252  0.3572585725343616E+032
 0253  0.3545239810433409E+032
 0254  0.3518103211441173E+032
 0255  0.3491174326185328E+032
 0256  0.3464451564745153E+032
 0257  0.3437933349372471E+032
 0258  0.3411618114395499E+032
 0259  0.3385504306124303E+032
 0260  0.3359590382764105E+032
 0261  0.3333874814320736E+032
 0262  0.3308356082509793E+032
 0263  0.3283032680671546E+032
 0264  0.3257903113675485E+032
 0265  0.3232965897837531E+032
 0266  0.3208219560828961E+032
 0267  0.3183662641591782E+032
 0268  0.3159293690251341E+032
 0269  0.3135111268030774E+032
 0270  0.3111113947165234E+032
 0271  0.3087300310820030E+032
 0272  0.3063668953004159E+032
 0273  0.3040218478489831E+032
 0274  0.3016947502727848E+032
 0275  0.2993854651767355E+032
 0276  0.2970938562173989E+032
 0277  0.2948197880950553E+032
 0278  0.2925631265453546E+032
 0279  0.2903237383320069E+032
 0280  0.2881014912384122E+032
 0281  0.2858962540599126E+032
 0282  0.2837078965961835E+032
 0283  0.2815362896436698E+032
 0284  0.2793813049874928E+032
 0285  0.2772428153945096E+032
 0286  0.2751206946052195E+032
 0287  0.2730148173266619E+032
 0288  0.2709250592248303E+032
 0289  0.2688512969175702E+032
 0290  0.2667934079670388E+032
 0291  0.2647512708725805E+032
 0292  0.2627247650635319E+032
 0293  0.2607137708921665E+032
 0294  0.2587181696266157E+032
 0295  0.2567378434437204E+032
 0296  0.2547726754223674E+032
 0297  0.2528225495361796E+032
 0298  0.2508873506470600E+032
 0299  0.2489669644980664E+032
 0300  0.2470612777070240E+032
 0301  0.2451701777594934E+032
 0302  0.2432935530021977E+032
 0303  0.2414312926367058E+032
 0304  0.2395832867125138E+032
 0305  0.2377494261207278E+032
 0306  0.2359296025877682E+032
 0307  0.2341237086685221E+032
 0308  0.2323316377406703E+032
 0309  0.2305532839976780E+032
 0310  0.2287885424432143E+032
 0311  0.2270373088843271E+032
 0312  0.2252994799258169E+032
 0313  0.2235749529638725E+032
 0314  0.2218636261798452E+032
 0315  0.2201653985347151E+032
 0316  0.2184801697628188E+032
 0317  0.2168078403657624E+032
 0318  0.2151483116069330E+032
 0319  0.2135014855054811E+032
 0320  0.2118672648303249E+032
 0321  0.2102455530950318E+032
 0322  0.2086362545512002E+032
 0323  0.2070392741838480E+032
 0324  0.2054545177048639E+032
 0325  0.2038818915480963E+032
 0326  0.2023213028633576E+032
 0327  0.2007726595114670E+032
 0328  0.1992358700582783E+032
 0329  0.1977108437695839E+032
 0330  0.1961974906057191E+032
 0331  0.1946957212162589E+032
 0332  0.1932054469344606E+032
 0333  0.1917265797726292E+032
 0334  0.1902590324162608E+032
 0335  0.1888027182194074E+032
 0336  0.1873575511991430E+032
 0337  0.1859234460308371E+032
 0338  0.1845003180429197E+032
 0339  0.1830880832118319E+032
 0340  0.1816866581574606E+032
 0341  0.1802959601374886E+032
 0342  0.1789159070432673E+032
 0343  0.1775464173945138E+032
 0344  0.1761874103346523E+032
 0345  0.1748388056259954E+032
 0346  0.1735005236450400E+032
 0347  0.1721724853776944E+032
 0348  0.1708546124148046E+032
 0349  0.1695468269472663E+032
 0350  0.1682490517616205E+032
 0351  0.1669612102353265E+032
 0352  0.1656832263325193E+032
 0353  0.1644150245991674E+032
 0354  0.1631565301589220E+032
 0355  0.1619076687085055E+032
 0356  0.1606683665133073E+032
 0357  0.1594385504032793E+032
 0358  0.1582181477683245E+032
 0359  0.1570070865541924E+032
 0360  0.1558052952580977E+032
 0361  0.1546127029245703E+032
 0362  0.1534292391414887E+032
 0363  0.1522548340351919E+032
 0364  0.1510894182673667E+032
 0365  0.1499329230301818E+032
 0366  0.1487852800425298E+032
 0367  0.1476464215459688E+032
 0368  0.1465162803007562E+032
 0369  0.1453947895816521E+032
 0370  0.1442818831743684E+032
 0371  0.1431774953713030E+032
 0372  0.1420815609678734E+032
 0373  0.1409940152586429E+032
 0374  0.1399147940333085E+032
 0375  0.1388438335731500E+032
 0376  0.1377810706471557E+032
 0377  0.1367264425083800E+032
 0378  0.1356798868900918E+032
 0379  0.1346413420020164E+032
 0380  0.1336107465273150E+032
 0381  0.1325880396179034E+032
 0382  0.1315731608918698E+032
 0383  0.1305660504293470E+032
 0384  0.1295666487690774E+032
 0385  0.1285748969051376E+032
 0386  0.1275907362828583E+032
 0387  0.1266141087962866E+032
 0388  0.1256449567837601E+032
 0389  0.1246832230252309E+032
 0390  0.1237288507387154E+032
 0391  0.1227817835765587E+032
 0392  0.1218419656228056E+032
 0393  0.1209093413890966E+032
 0394  0.1199838558119927E+032
 0395  0.1190654542497478E+032
 0396  0.1181540824783882E+032
 0397  0.1172496866894072E+032
 0398  0.1163522134859830E+032
 0399  0.1154616098800279E+032
 0400  0.1145778232890055E+032
 0401  0.1137008015330722E+032
 0402  0.1128304928314793E+032
 0403  0.1119668457999451E+032
 0404  0.1111098094477491E+032
 0405  0.1102593331741348E+032
 0406  0.1094153667658658E+032
 0407  0.1085778603938131E+032
 0408  0.1077467646106030E+032
 0409  0.1069220303471121E+032
 0410  0.1061036089098853E+032
 0411  0.1052914519782299E+032
 0412  0.1044855116011258E+032
 0413  0.1036857401948740E+032
 0414  0.1028920905397296E+032
 0415  0.1021045157775960E+032
 0416  0.1013229694089353E+032
 0417  0.1005474052901397E+032
 0418  0.9977777763076410E+031
 0419  0.9901404099108210E+031
 0420  0.9825615027885796E+031
 0421  0.9750406074717894E+031
 0422  0.9675772799168834E+031
 0423  0.9601710794786461E+031
 0424  0.9528215688834655E+031
 0425  0.9455283142076585E+031
 0426  0.9382908848456500E+031
 0427  0.9311088534910651E+031
 0428  0.9239817961044472E+031
 0429  0.9169092918971172E+031
 0430  0.9098909232965860E+031
 0431  0.9029262759299520E+031
 0432  0.8960149385925421E+031
 0433  0.8891565032322316E+031
 0434  0.8823505649143958E+031
 0435  0.8755967218094578E+031
 0436  0.8688945751592239E+031
 0437  0.8622437292612036E+031
 0438  0.8556437914381721E+031
 0439  0.8490943720224911E+031
 0440  0.8425950843265940E+031
 0441  0.8361455446226939E+031
 0442  0.8297453721224928E+031
 0443  0.8233941889490501E+031
 0444  0.8170916201211026E+031
 0445  0.8108372935249339E+031
 0446  0.8046308398977715E+031
 0447  0.7984718928001173E+031
 0448  0.7923600886009899E+031
 0449  0.7862950664497933E+031
 0450  0.7802764682592541E+031
 0451  0.7743039386832846E+031
 0452  0.7683771250948476E+031
 0453  0.7624956775675090E+031
 0454  0.7566592488509962E+031
 0455  0.7508674943555181E+031
 0456  0.7451200721273236E+031
 0457  0.7394166428307155E+031
 0458  0.7337568697272982E+031
 0459  0.7281404186561476E+031
 0460  0.7225669580139806E+031
 0461  0.7170361587357858E+031
 0462  0.7115476942754551E+031
 0463  0.7061012405868753E+031
 0464  0.7006964761027141E+031
 0465  0.6953330817192024E+031
 0466  0.6900107407744584E+031
 0467  0.6847291390277357E+031
 0468  0.6794879646488161E+031
 0469  0.6742869081889560E+031
 0470  0.6691256625716634E+031
 0471  0.6640039230700998E+031
 0472  0.6589213872890957E+031
 0473  0.6538777551480864E+031
 0474  0.6488727288649717E+031
 0475  0.6439060129358243E+031
 0476  0.6389773141178264E+031
 0477  0.6340863414154351E+031
 0478  0.6292328060568621E+031
 0479  0.6244164214839288E+031
 0480  0.6196369033299294E+031
 0481  0.6148939694057966E+031
 0482  0.6101873396821154E+031
 0483  0.6055167362729826E+031
 0484  0.6008818834175599E+031
 0485  0.5962825074703892E+031
 0486  0.5917183368760288E+031
 0487  0.5871891021612131E+031
 0488  0.5826945359117942E+031
 0489  0.5782343727625964E+031
 0490  0.5738083493803529E+031
 0491  0.5694162044461814E+031
 0492  0.5650576786408264E+031
 0493  0.5607325146312858E+031
 0494  0.5564404570542086E+031
 0495  0.5521812524997538E+031
 0496  0.5479546494996005E+031
 0497  0.5437603985085006E+031
 0498  0.5395982518918277E+031
 0499  0.5354679639108193E+031
 0500  0.5313692907078200E+031
 0501  0.5273019902910622E+031
 0502  0.5232658225212928E+031
 0503  0.5192605490979377E+031
 0504  0.5152859335438837E+031
 0505  0.5113417411925654E+031
 0506  0.5074277391722856E+031
 0507  0.5035436963965308E+031
 0508  0.4996893835446020E+031
 0509  0.4958645730533139E+031
 0510  0.4920690390994700E+031
 0511  0.4883025575911011E+031
 0512  0.4845649061485569E+031
 0513  0.4808558640952827E+031
 0514  0.4771752124458291E+031
 0515  0.4735227338887886E+031
 0516  0.4698982127757279E+031
 0517  0.4663014351105806E+031
 0518  0.4627321885348902E+031
 0519  0.4591902623144358E+031
 0520  0.4556754473295480E+031
 0521  0.4521875360617346E+031
 0522  0.4487263225775399E+031
 0523  0.4452916025239331E+031
 0524  0.4418831731084779E+031
 0525  0.4385008330951821E+031
 0526  0.4351443827832836E+031
 0527  0.4318136240054060E+031
 0528  0.4285083601077284E+031
 0529  0.4252283959435286E+031
 0530  0.4219735378579651E+031
 0531  0.4187435936811591E+031
 0532  0.4155383727111315E+031
 0533  0.4123576857096524E+031
 0534  0.4092013448810273E+031
 0535  0.4060691638730195E+031
 0536  0.4029609577565582E+031
 0537  0.3998765430192831E+031
 0538  0.3968157375517084E+031
 0539  0.3937783606407670E+031
 0540  0.3907642329555140E+031
 0541  0.3877731765369812E+031
 0542  0.3848050147894146E+031
 0543  0.3818595724678234E+031
 0544  0.3789366756706004E+031
 0545  0.3760361518238434E+031
 0546  0.3731578296781260E+031
 0547  0.3703015392928183E+031
 0548  0.3674671120282473E+031
 0549  0.3646543805360120E+031
 0550  0.3618631787488375E+031
 0551  0.3590933418695075E+031
 0552  0.3563447063644077E+031
 0553  0.3536171099483071E+031
 0554  0.3509103915820521E+031
 0555  0.3482243914555038E+031
 0556  0.3455589509847704E+031
 0557  0.3429139127974499E+031
 0558  0.3402891207270964E+031
 0559  0.3376844198035352E+031
 0560  0.3350996562394893E+031
 0561  0.3325346774287341E+031
 0562  0.3299893319304185E+031
 0563  0.3274634694639913E+031
 0564  0.3249569408985947E+031
 0565  0.3224695982456855E+031
 0566  0.3200012946493506E+031
 0567  0.3175518843766227E+031
 0568  0.3151212228124067E+031
 0569  0.3127091664447231E+031
 0570  0.3103155728647078E+031
 0571  0.3079403007500096E+031
 0572  0.3055832098611014E+031
 0573  0.3032441610329790E+031
 0574  0.3009230161640928E+031
 0575  0.2986196382112753E+031
 0576  0.2963338911795950E+031
 0577  0.2940656401154395E+031
 0578  0.2918147510982137E+031
 0579  0.2895810912315781E+031
 0580  0.2873645286388370E+031
 0581  0.2851649324491034E+031
 0582  0.2829821727959155E+031
 0583  0.2808161208061687E+031
 0584  0.2786666485931981E+031
 0585  0.2765336292493995E+031
 0586  0.2744169368370066E+031
 0587  0.2723164463857845E+031
 0588  0.2702320338773506E+031
 0589  0.2681635762470188E+031
 0590  0.2661109513690422E+031
 0591  0.2640740380543075E+031
 0592  0.2620527160397279E+031
 0593  0.2600468659845537E+031
 0594  0.2580563694602269E+031
 0595  0.2560811089443856E+031
 0596  0.2541209678157914E+031
 0597  0.2521758303451061E+031
 0598  0.2502455816879738E+031
 0599  0.2483301078794875E+031
 0600  0.2464292958291154E+031
 0601  0.2445430333082503E+031
 0602  0.2426712089502086E+031
 0603  0.2408137122410080E+031
 0604  0.2389704335087597E+031
 0605  0.2371412639264357E+031
 0606  0.2353260954957284E+031
 0607  0.2335248210465886E+031
 0608  0.2317373342293862E+031
 0609  0.2299635295093761E+031
 0610  0.2282033021574746E+031
 0611  0.2264565482479538E+031
 0612  0.2247231646501405E+031
 0613  0.2230030490214984E+031
 0614  0.2212960998053228E+031
 0615  0.2196022162210556E+031
 0616  0.2179212982578292E+031
 0617  0.2162532466740051E+031
 0618  0.2145979629838002E+031
 0619  0.2129553494577478E+031
 0620  0.2113253091130135E+031
 0621  0.2097077457110886E+031
 0622  0.2081025637467228E+031
 0623  0.2065096684497683E+031
 0624  0.2049289657722675E+031
 0625  0.2033603623879916E+031
 0626  0.2018037656832174E+031
 0627  0.2002590837558047E+031
 0628  0.1987262254045895E+031
 0629  0.1972051001275397E+031
 0630  0.1956956181152983E+031
 0631  0.1941976902470328E+031
 0632  0.1927112280816735E+031
 0633  0.1912361438565297E+031
 0634  0.1897723504817556E+031
 0635  0.1883197615311270E+031
 0636  0.1868782912434248E+031
 0637  0.1854478545104448E+031
 0638  0.1840283668793032E+031
 0639  0.1826197445395242E+031
 0640  0.1812219043262680E+031
 0641  0.1798347637064957E+031
 0642  0.1784582407835812E+031
 0643  0.1770922542839371E+031
 0644  0.1757367235597818E+031
 0645  0.1743915685766880E+031
 0646  0.1730567099168108E+031
 0647  0.1717320687664360E+031
 0648  0.1704175669178253E+031
 0649  0.1691131267613757E+031
 0650  0.1678186712796249E+031
 0651  0.1665341240477121E+031
 0652  0.1652594092232328E+031
 0653  0.1639944515453156E+031
 0654  0.1627391763290891E+031
 0655  0.1614935094624531E+031
 0656  0.1602573773973166E+031
 0657  0.1590307071528260E+031
 0658  0.1578134263033748E+031
 0659  0.1566054629799869E+031
 0660  0.1554067458615544E+031
 0661  0.1542172041748380E+031
 0662  0.1530367676884713E+031
 0663  0.1518653667060434E+031
 0664  0.1507029320674826E+031
 0665  0.1495493951412164E+031
 0666  0.1484046878204823E+031
 0667  0.1472687425196381E+031
 0668  0.1461414921718564E+031
 0669  0.1450228702222068E+031
 0670  0.1439128106248893E+031
 0671  0.1428112478427727E+031
 0672  0.1417181168354044E+031
 0673  0.1406333530640832E+031
 0674  0.1395568924830972E+031
 0675  0.1384886715360345E+031
 0676  0.1374286271534769E+031
 0677  0.1363766967497723E+031
 0678  0.1353328182175006E+031
 0679  0.1342969299233227E+031
 0680  0.1332689707079810E+031
 0681  0.1322488798793816E+031
 0682  0.1312365972098274E+031
 0683  0.1302320629323290E+031
 0684  0.1292352177378369E+031
 0685  0.1282460027715532E+031
 0686  0.1272643596287802E+031
 0687  0.1262902303521539E+031
 0688  0.1253235574265709E+031
 0689  0.1243642837801109E+031
 0690  0.1234123527738909E+031
 0691  0.1224677082066770E+031
 0692  0.1215302943038160E+031
 0693  0.1206000557195417E+031
 0694  0.1196769375314407E+031
 0695  0.1187608852372241E+031
 0696  0.1178518447514994E+031
 0697  0.1169497624039259E+031
 0698  0.1160545849336806E+031
 0699  0.1151662594885359E+031
 0700  0.1142847336207091E+031
 0701  0.1134099552827118E+031
 0702  0.1125418728282721E+031
 0703  0.1116804350026506E+031
 0704  0.1108255909467904E+031
 0705  0.1099772901885549E+031
 0706  0.1091354826427282E+031
 0707  0.1083001186091701E+031
 0708  0.1074711487663597E+031
 0709  0.1066485241700121E+031
 0710  0.1058321962521562E+031
 0711  0.1050221168146777E+031
 0712  0.1042182380307034E+031
 0713  0.1034205124367606E+031
 0714  0.1026288929346225E+031
 0715  0.1018433327853125E+031
 0716  0.1010637856104877E+031
 0717  0.1002902053809100E+031
 0718  0.9952254642751386E+030
 0719  0.9876076342295984E+030
 0720  0.9800481139270235E+030
 0721  0.9725464570346059E+030
 0722  0.9651022206414087E+030
 0723  0.9577149652399194E+030
 0724  0.9503842546660977E+030
 0725  0.9431096561085990E+030
 0726  0.9358907400672694E+030
 0727  0.9287270803254754E+030
 0728  0.9216182539224338E+030
 0729  0.9145638411578235E+030
 0730  0.9075634255179983E+030
 0731  0.9006165936944338E+030
 0732  0.8937229355376107E+030
 0733  0.8868820440247327E+030
 0734  0.8800935152827850E+030
 0735  0.8733569484778539E+030
 0736  0.8666719458935256E+030
 0737  0.8600381128386521E+030
 0738  0.8534550576335165E+030
 0739  0.8469223916098329E+030
 0740  0.8404397290692411E+030
 0741  0.8340066872648601E+030
 0742  0.8276228863782293E+030
 0743  0.8212879495146972E+030
 0744  0.8150015026388576E+030
 0745  0.8087631745883847E+030
 0746  0.8025725970371395E+030
 0747  0.7964294045136169E+030
 0748  0.7903332342856529E+030
 0749  0.7842837264388240E+030
 0750  0.7782805237980480E+030
 0751  0.7723232719368078E+030
 0752  0.7664116191171989E+030
 0753  0.7605452163037651E+030
 0754  0.7547237171588864E+030
 0755  0.7489467779505454E+030
 0756  0.7432140576076675E+030
 0757  0.7375252176647809E+030
 0758  0.7318799222389577E+030
 0759  0.7262778380298143E+030
 0760  0.7207186342826178E+030
 0761  0.7152019827652275E+030
 0762  0.7097275577819301E+030
 0763  0.7042950360950408E+030
 0764  0.6989040969894672E+030
 0765  0.6935544221435818E+030
 0766  0.6882456957260676E+030
 0767  0.6829776043036846E+030
 0768  0.6777498368274339E+030
 0769  0.6725620846556173E+030
 0770  0.6674140414846610E+030
 0771  0.6623054033721746E+030
 0772  0.6572358687046691E+030
 0773  0.6522051381514402E+030
 0774  0.6472129147152965E+030
 0775  0.6422589036218795E+030
 0776  0.6373428124026736E+030
 0777  0.6324643507843256E+030
 0778  0.6276232307578205E+030
 0779  0.6228191664816352E+030
 0780  0.6180518743094098E+030
 0781  0.6133210727945580E+030
 0782  0.6086264826210929E+030
 0783  0.6039678265897912E+030
 0784  0.5993448296827572E+030
 0785  0.5947572189158488E+030
 0786  0.5902047234539694E+030
 0787  0.5856870745049995E+030
 0788  0.5812040053382432E+030
 0789  0.5767552512752048E+030
 0790  0.5723405496434720E+030
 0791  0.5679596397997744E+030
 0792  0.5636122630884784E+030
 0793  0.5592981628369753E+030
 0794  0.5550170843233994E+030
 0795  0.5507687748042985E+030
 0796  0.5465529834362351E+030
 0797  0.5423694613219030E+030
 0798  0.5382179614640108E+030
 0799  0.5340982387468349E+030
 0800  0.5300100499316079E+030
 0801  0.5259531536565188E+030
 0802  0.5219273103905957E+030
 0803  0.5179322824429295E+030
 0804  0.5139678339396154E+030
 0805  0.5100337308191413E+030
 0806  0.5061297408001058E+030
 0807  0.5022556333950534E+030
 0808  0.4984111798643576E+030
 0809  0.4945961532254442E+030
 0810  0.4908103282297330E+030
 0811  0.4870534813672494E+030
 0812  0.4833253908251194E+030
 0813  0.4796258364921810E+030
 0814  0.4759545999313142E+030
 0815  0.4723114644024995E+030
 0816  0.4686962148028660E+030
 0817  0.4651086376805263E+030
 0818  0.4615485212253533E+030
 0819  0.4580156552366982E+030
 0820  0.4545098311418375E+030
 0821  0.4510308419406326E+030
 0822  0.4475784822193648E+030
 0823  0.4441525481737939E+030
 0824  0.4407528375123127E+030
 0825  0.4373791495066757E+030
 0826  0.4340312849827752E+030
 0827  0.4307090462745253E+030
 0828  0.4274122372330845E+030
 0829  0.4241406631991859E+030
 0830  0.4208941310354191E+030
 0831  0.4176724490432197E+030
 0832  0.4144754270182096E+030
 0833  0.4113028762040800E+030
 0834  0.4081546092787565E+030
 0835  0.4050304403820692E+030
 0836  0.4019301850419657E+030
 0837  0.3988536602344630E+030
 0838  0.3958006842914137E+030
 0839  0.3927710769789049E+030
 0840  0.3897646594234710E+030
 0841  0.3867812541167054E+030
 0842  0.3838206849152608E+030
 0843  0.3808827770270135E+030
 0844  0.3779673569880057E+030
 0845  0.3750742526670568E+030
 0846  0.3722032932657634E+030
 0847  0.3693543092631591E+030
 0848  0.3665271324526082E+030
 0849  0.3637215959141351E+030
 0850  0.3609375340098131E+030
 0851  0.3581747823653175E+030
 0852  0.3554331778607022E+030
 0853  0.3527125586257878E+030
 0854  0.3500127640355504E+030
 0855  0.3473336346870628E+030
 0856  0.3446750124087178E+030
 0857  0.3420367402141117E+030
 0858  0.3394186623527726E+030
 0859  0.3368206242455970E+030
 0860  0.3342424725032960E+030
 0861  0.3316840548941143E+030
 0862  0.3291452203807230E+030
 0863  0.3266258190648798E+030
 0864  0.3241257021874289E+030
 0865  0.3216447221513591E+030
 0866  0.3191827324618525E+030
 0867  0.3167395877724007E+030
 0868  0.3143151438386886E+030
 0869  0.3119092575001470E+030
 0870  0.3095217867168466E+030
 0871  0.3071525905464392E+030
 0872  0.3048015290888179E+030
 0873  0.3024684635368451E+030
 0874  0.3001532561486828E+030
 0875  0.2978557702293458E+030
 0876  0.2955758701307016E+030
 0877  0.2933134212422469E+030
 0878  0.2910682899957196E+030
 0879  0.2888403438189817E+030
 0880  0.2866294511867480E+030
 0881  0.2844354815560223E+030
 0882  0.2822583053937678E+030
 0883  0.2800977941584600E+030
 0884  0.2779538202862521E+030
 0885  0.2758262571955861E+030
 0886  0.2737149792825818E+030
 0887  0.2716198618703075E+030
 0888  0.2695407812917910E+030
 0889  0.2674776147608921E+030
 0890  0.2654302404922063E+030
 0891  0.2633985375949965E+030
 0892  0.2613823861100858E+030
 0893  0.2593816670190816E+030
 0894  0.2573962621798114E+030
 0895  0.2554260543678283E+030
 0896  0.2534709272764109E+030
 0897  0.2515307654612231E+030
 0898  0.2496054543679843E+030
 0899  0.2476948803370807E+030
 0900  0.2457989305620608E+030
 0901  0.2439174930850231E+030
 0902  0.2420504568565681E+030
 0903  0.2401977116112833E+030
 0904  0.2383591479830346E+030
 0905  0.2365346574081216E+030
 0906  0.2347241321760056E+030
 0907  0.2329274653739696E+030
 0908  0.2311445509424586E+030
 0909  0.2293752836105158E+030
 0910  0.2276195589142296E+030
 0911  0.2258772731921216E+030
 0912  0.2241483235851468E+030
 0913  0.2224326080090236E+030
 0914  0.2207300251634569E+030
 0915  0.2190404745229148E+030
 0916  0.2173638563458521E+030
 0917  0.2157000716332052E+030
 0918  0.2140490221468384E+030
 0919  0.2124106104233793E+030
 0920  0.2107847397142671E+030
 0921  0.2091713140410923E+030
 0922  0.2075702381171984E+030
 0923  0.2059814174445272E+030
 0924  0.2044047581983267E+030
 0925  0.2028401672963262E+030
 0926  0.2012875523618431E+030
 0927  0.1997468217237827E+030
 0928  0.1982178844212501E+030
 0929  0.1967006501804914E+030
 0930  0.1951950294148940E+030
 0931  0.1937009332388216E+030
 0932  0.1922182734353323E+030
 0933  0.1907469624746255E+030
 0934  0.1892869134771484E+030
 0935  0.1878380402412658E+030
 0936  0.1864002572386489E+030
 0937  0.1849734795497113E+030
 0938  0.1835576229650663E+030
 0939  0.1821526038794581E+030
 0940  0.1807583393332669E+030
 0941  0.1793747470171207E+030
 0942  0.1780017452350016E+030
 0943  0.1766392529180811E+030
 0944  0.1752871896385551E+030
 0945  0.1739454755589151E+030
 0946  0.1726140314596189E+030
 0947  0.1712927787437015E+030
 0948  0.1699816393814356E+030
 0949  0.1686805359748946E+030
 0950  0.1673893917072246E+030
 0951  0.1661081303472557E+030
 0952  0.1648366762356671E+030
 0953  0.1635749543172688E+030
 0954  0.1623228900856615E+030
 0955  0.1610804096385768E+030
 0956  0.1598474395902551E+030
 0957  0.1586239071636792E+030
 0958  0.1574097401167878E+030
 0959  0.1562048667516983E+030
 0960  0.1550092159516005E+030
 0961  0.1538227171115816E+030
 0962  0.1526453001755193E+030
 0963  0.1514768956314702E+030
 0964  0.1503174344978348E+030
 0965  0.1491668483187459E+030
 0966  0.1480250691502333E+030
 0967  0.1468920295971177E+030
 0968  0.1457676627438348E+030
 0969  0.1446519022328345E+030
 0970  0.1435446821631237E+030
 0971  0.1424459371732764E+030
 0972  0.1413556023907054E+030
 0973  0.1402736134408856E+030
 0974  0.1391999064427421E+030
 0975  0.1381344180040391E+030
 0976  0.1370770852075442E+030
 0977  0.1360278456386987E+030
 0978  0.1349866373441128E+030
 0979  0.1339533988500117E+030
 0980  0.1329280691530129E+030
 0981  0.1319105877109023E+030
 0982  0.1309008944564695E+030
 0983  0.1298989297698377E+030
 0984  0.1289046345061336E+030
 0985  0.1279179499447593E+030
 0986  0.1269388178493435E+030
 0987  0.1259671803893438E+030
 0988  0.1250029802046094E+030
 0989  0.1240461603823231E+030
 0990  0.1230966644108845E+030
 0991  0.1221544362398616E+030
 0992  0.1212194202430978E+030
 0993  0.1202915612002647E+030
 0994  0.1193708043475908E+030
 0995  0.1184570953086862E+030
 0996  0.1175503801498829E+030
 0997  0.1166506053248947E+030
 0998  0.1157577177117102E+030
 0999  0.1148716646033700E+030
 1000  0.1148716646033700E+030
