  4.6349519970E+012  4.0208973242E-016  1.1487166460E+029
  5.9208391513E+012  1.4644157069E-015  2.3062938232E+029
  6.6701068721E+012  2.5349358452E-015  3.4727998764E+029
  7.2000614836E+012  3.6137133524E-015  4.6483036779E+029
  7.6107772820E+012  4.7008119208E-015  5.8328746310E+029
  7.9465516363E+012  5.7962957344E-015  7.0265826745E+029
  8.2308625105E+012  6.9002294720E-015  8.2294982865E+029
  8.4776486490E+012  8.0126783115E-015  9.4416924889E+029
  8.6958612515E+012  9.1337079334E-015  1.0663236851E+030
  8.8915900797E+012  1.0263384525E-014  1.1894203495E+030
  9.0691657245E+012  1.1401774784E-014  1.3134665099E+030
  9.2317777147E+012  1.2548945922E-014  1.4384694901E+030
  9.3818430589E+012  1.3704965670E-014  1.5644366705E+030
  9.5212371070E+012  1.4869902281E-014  1.6913754884E+030
  9.6514441638E+012  1.6043824534E-014  1.8192934383E+030
  9.7736591533E+012  1.7226801740E-014  1.9481980728E+030
  9.8888582587E+012  1.8418903743E-014  2.0780970026E+030
  9.9978492464E+012  1.9620200927E-014  2.2089978970E+030
  1.0101308105E+013  2.0830764217E-014  2.3409084848E+030
  1.0199806233E+013  2.2050665087E-014  2.4738365539E+030
  1.0293830959E+013  2.3279975563E-014  2.6077899528E+030
  1.0383801266E+013  2.4518768223E-014  2.7427765901E+030
  1.0470080000E+013  2.5767116208E-014  2.8788044357E+030
  1.0552983472E+013  2.7025093222E-014  3.0158815209E+030
  1.0632789089E+013  2.8292773539E-014  3.1540159390E+030
  1.0709741486E+013  2.9570232003E-014  3.2932158454E+030
  1.0784057488E+013  3.0857544037E-014  3.4334894588E+030
  1.0855930178E+013  3.2154785647E-014  3.5748450612E+030
  1.0925532236E+013  3.3462033423E-014  3.7172909984E+030
  1.0993018718E+013  3.4779364547E-014  3.8608356806E+030
  1.1058529379E+013  3.6106856795E-014  4.0054875828E+030
  1.1122190615E+013  3.7444588546E-014  4.1512552455E+030
  1.1184117121E+013  3.8792638780E-014  4.2981472751E+030
  1.1244413287E+013  4.0151087089E-014  4.4461723443E+030
  1.1303174397E+013  4.1520013677E-014  4.5953391926E+030
  1.1360487663E+013  4.2899499367E-014  4.7456566271E+030
  1.1416433106E+013  4.4289625606E-014  4.8971335227E+030
  1.1471084327E+013  4.5690474469E-014  5.0497788229E+030
  1.1524509179E+013  4.7102128664E-014  5.2036015400E+030
  1.1576770347E+013  4.8524671538E-014  5.3586107560E+030
  1.1627925861E+013  4.9958187078E-014  5.5148156227E+030
  1.1678029546E+013  5.1402759923E-014  5.6722253628E+030
  1.1727131417E+013  5.2858475361E-014  5.8308492700E+030
  1.1775278035E+013  5.4325419340E-014  5.9906967096E+030
  1.1822512812E+013  5.5803678471E-014  6.1517771192E+030
  1.1868876293E+013  5.7293340031E-014  6.3141000093E+030
  1.1914406400E+013  5.8794491973E-014  6.4776749636E+030
  1.1959138655E+013  6.0307222927E-014  6.6425116399E+030
  1.2003106381E+013  6.1831622206E-014  6.8086197702E+030
  1.2046340873E+013  6.3367779813E-014  6.9760091619E+030
  1.2088871567E+013  6.4915786446E-014  7.1446896979E+030
  1.2130726178E+013  6.6475733499E-014  7.3146713373E+030
  1.2171930837E+013  6.8047713076E-014  7.4859641160E+030
  1.2212510204E+013  6.9631817988E-014  7.6585781475E+030
  1.2252487581E+013  7.1228141762E-014  7.8325236230E+030
  1.2291885008E+013  7.2836778648E-014  8.0078108127E+030
  1.2330723352E+013  7.4457823622E-014  8.1844500656E+030
  1.2369022390E+013  7.6091372393E-014  8.3624518108E+030
  1.2406800881E+013  7.7737521407E-014  8.5418265579E+030
  1.2444076640E+013  7.9396367856E-014  8.7225848972E+030
  1.2480866595E+013  8.1068009680E-014  8.9047375011E+030
  1.2517186846E+013  8.2752545576E-014  9.0882951240E+030
  1.2553052721E+013  8.4450075001E-014  9.2732686036E+030
  1.2588478821E+013  8.6160698178E-014  9.4596688608E+030
  1.2623479068E+013  8.7884516107E-014  9.6475069011E+030
  1.2658066743E+013  8.9621630563E-014  9.8367938145E+030
  1.2692254531E+013  9.1372144107E-014  1.0027540777E+031
  1.2726054548E+013  9.3136160094E-014  1.0219759050E+031
  1.2759478381E+013  9.4913782673E-014  1.0413459984E+031
  1.2792537115E+013  9.6705116797E-014  1.0608655013E+031
  1.2825241363E+013  9.8510268229E-014  1.0805355663E+031
  1.2857601292E+013  1.0032934355E-013  1.1003573548E+031
  1.2889713158E+013  1.0188722616E-013  1.1203320369E+031
  1.2922073662E+013  1.0188722616E-013  1.1404607922E+031
  1.2954684738E+013  1.0188722616E-013  1.1607448089E+031
  1.2987548333E+013  1.0188722616E-013  1.1811852847E+031
  1.3020666410E+013  1.0188722616E-013  1.2017834265E+031
  1.3054040947E+013  1.0188722616E-013  1.2225404503E+031
  1.3087673939E+013  1.0188722616E-013  1.2434575817E+031
  1.3121567394E+013  1.0188722616E-013  1.2645360557E+031
  1.3155723339E+013  1.0188722616E-013  1.2857771167E+031
  1.3190143813E+013  1.0188722616E-013  1.3071820189E+031
  1.3224830874E+013  1.0188722616E-013  1.3287520261E+031
  1.3259786596E+013  1.0188722616E-013  1.3504884117E+031
  1.3295013068E+013  1.0188722616E-013  1.3723924592E+031
  1.3330512396E+013  1.0188722616E-013  1.3944654617E+031
  1.3366286702E+013  1.0188722616E-013  1.4167087225E+031
  1.3402338125E+013  1.0188722616E-013  1.4391235548E+031
  1.3438668821E+013  1.0188722616E-013  1.4617112822E+031
  1.3475280963E+013  1.0188722616E-013  1.4844732381E+031
  1.3512176740E+013  1.0188722616E-013  1.5074107664E+031
  1.3549358360E+013  1.0188722616E-013  1.5305252215E+031
  1.3586828046E+013  1.0188722616E-013  1.5538179680E+031
  1.3624588041E+013  1.0188722616E-013  1.5772903813E+031
  1.3662640604E+013  1.0188722616E-013  1.6009438470E+031
  1.3700988012E+013  1.0188722616E-013  1.6247797618E+031
  1.3739632560E+013  1.0188722616E-013  1.6487995330E+031
  1.3778576560E+013  1.0188722616E-013  1.6730045786E+031
  1.3817822345E+013  1.0188722616E-013  1.6973963280E+031
  1.3857372263E+013  1.0188722616E-013  1.7219762210E+031
  1.3897228683E+013  1.0188722616E-013  1.7467457090E+031
  1.3937393991E+013  1.0188722616E-013  1.7717062545E+031
  1.3977870592E+013  1.0188722616E-013  1.7968593310E+031
  1.4018660911E+013  1.0188722616E-013  1.8222064238E+031
  1.4059767391E+013  1.0188722616E-013  1.8477490292E+031
  1.4101192494E+013  1.0188722616E-013  1.8734886554E+031
  1.4142938702E+013  1.0188722616E-013  1.8994268221E+031
  1.4185008517E+013  1.0188722616E-013  1.9255650607E+031
  1.4227404459E+013  1.0188722616E-013  1.9519049145E+031
  1.4270129070E+013  1.0188722616E-013  1.9784479385E+031
  1.4313184911E+013  1.0188722616E-013  2.0051957000E+031
  1.4356574562E+013  1.0188722616E-013  2.0321497781E+031
  1.4400300624E+013  1.0188722616E-013  2.0593117643E+031
  1.4444365721E+013  1.0188722616E-013  2.0866832623E+031
  1.4488772493E+013  1.0188722616E-013  2.1142658880E+031
  1.4533523605E+013  1.0188722616E-013  2.1420612700E+031
  1.4578621741E+013  1.0188722616E-013  2.1700710494E+031
  1.4624069606E+013  1.0188722616E-013  2.1982968800E+031
  1.4669869927E+013  1.0188722616E-013  2.2267404281E+031
  1.4716025451E+013  1.0188722616E-013  2.2554033732E+031
  1.4762538950E+013  1.0188722616E-013  2.2842874076E+031
  1.4809413215E+013  1.0188722616E-013  2.3133942366E+031
  1.4856651059E+013  1.0188722616E-013  2.3427255787E+031
  1.4904255318E+013  1.0188722616E-013  2.3722831658E+031
  1.4952228851E+013  1.0188722616E-013  2.4020687428E+031
  1.5000574538E+013  1.0188722616E-013  2.4320840684E+031
  1.5049295284E+013  1.0188722616E-013  2.4623309147E+031
  1.5098394014E+013  1.0188722616E-013  2.4928110677E+031
  1.5147873678E+013  1.0188722616E-013  2.5235263267E+031
  1.5197737249E+013  1.0188722616E-013  2.5544785054E+031
  1.5247987724E+013  1.0188722616E-013  2.5856694311E+031
  1.5298628122E+013  1.0188722616E-013  2.6171009455E+031
  1.5349661487E+013  1.0188722616E-013  2.6487749043E+031
  1.5401090887E+013  1.0188722616E-013  2.6806931775E+031
  1.5452919414E+013  1.0188722616E-013  2.7128576498E+031
  1.5505150185E+013  1.0188722616E-013  2.7452702200E+031
  1.5557786340E+013  1.0188722616E-013  2.7779328019E+031
  1.5610831047E+013  1.0188722616E-013  2.8108473239E+031
  1.5664287496E+013  1.0188722616E-013  2.8440157294E+031
  1.5718158903E+013  1.0188722616E-013  2.8774399767E+031
  1.5772448511E+013  1.0188722616E-013  2.9111220391E+031
  1.5827159585E+013  1.0188722616E-013  2.9450639053E+031
  1.5882295421E+013  1.0188722616E-013  2.9792675793E+031
  1.5937859337E+013  1.0188722616E-013  3.0137350806E+031
  1.5993854678E+013  1.0188722616E-013  3.0484684440E+031
  1.6050284817E+013  1.0188722616E-013  3.0834697204E+031
  1.6107153152E+013  1.0188722616E-013  3.1187409763E+031
  1.6164463110E+013  1.0188722616E-013  3.1542842941E+031
  1.6222218143E+013  1.0188722616E-013  3.1901017723E+031
  1.6280421731E+013  1.0188722616E-013  3.2261955257E+031
  1.6339077382E+013  1.0188722616E-013  3.2625676853E+031
  1.6398188632E+013  1.0188722616E-013  3.2992203986E+031
  1.6457759045E+013  1.0188722616E-013  3.3361558295E+031
  1.6517792211E+013  1.0188722616E-013  3.3733761588E+031
  1.6578291752E+013  1.0188722616E-013  3.4108835841E+031
  1.6639261317E+013  1.0188722616E-013  3.4486803198E+031
  1.6700704584E+013  1.0188722616E-013  3.4867685975E+031
  1.6762625260E+013  1.0188722616E-013  3.5251506660E+031
  1.6825027082E+013  1.0188722616E-013  3.5638287914E+031
  1.6887913816E+013  1.0188722616E-013  3.6028052573E+031
  1.6951289258E+013  1.0188722616E-013  3.6420823650E+031
  1.7015157236E+013  1.0188722616E-013  3.6816624335E+031
  1.7079521605E+013  1.0188722616E-013  3.7215477995E+031
  1.7144386254E+013  1.0188722616E-013  3.7617408180E+031
  1.7209755100E+013  1.0188722616E-013  3.8022438620E+031
  1.7275632094E+013  1.0188722616E-013  3.8430593230E+031
  1.7342021217E+013  1.0188722616E-013  3.8841896106E+031
  1.7408926481E+013  1.0188722616E-013  3.9256371533E+031
  1.7476351930E+013  1.0188722616E-013  3.9674043982E+031
  1.7544301642E+013  1.0188722616E-013  4.0094938113E+031
  1.7612779726E+013  1.0188722616E-013  4.0519078776E+031
  1.7681790324E+013  1.0188722616E-013  4.0946491013E+031
  1.7751337611E+013  1.0188722616E-013  4.1377200060E+031
  1.7821425795E+013  1.0188722616E-013  4.1811231345E+031
  1.7892059117E+013  1.0188722616E-013  4.2248610494E+031
  1.7963241855E+013  1.0188722616E-013  4.2689363332E+031
  1.8034978316E+013  1.0188722616E-013  4.3133515880E+031
  1.8107272846E+013  1.0188722616E-013  4.3581094362E+031
  1.8180129823E+013  1.0188722616E-013  4.4032125204E+031
  1.8253553660E+013  1.0188722616E-013  4.4486635035E+031
  1.8327548807E+013  1.0188722616E-013  4.4944650690E+031
  1.8402119749E+013  1.0188722616E-013  4.5406199212E+031
  1.8477271004E+013  1.0188722616E-013  4.5871307849E+031
  1.8553007130E+013  1.0188722616E-013  4.6340004064E+031
  1.8629332720E+013  1.0188722616E-013  4.6812315528E+031
  1.8706252402E+013  1.0188722616E-013  4.7288270128E+031
  1.8783770844E+013  1.0188722616E-013  4.7767895965E+031
  1.8861892749E+013  1.0188722616E-013  4.8251221356E+031
  1.8940622858E+013  1.0188722616E-013  4.8738274837E+031
  1.9019965951E+013  1.0188722616E-013  4.9229085165E+031
  1.9099926846E+013  1.0188722616E-013  4.9723681318E+031
  1.9180510398E+013  1.0188722616E-013  5.0222092498E+031
  1.9261721503E+013  1.0188722616E-013  5.0724348132E+031
  1.9343565095E+013  1.0188722616E-013  5.1230477873E+031
  1.9426046148E+013  1.0188722616E-013  5.1740511603E+031
  1.9509169675E+013  1.0188722616E-013  5.2254479437E+031
  1.9592940731E+013  1.0188722616E-013  5.2772411720E+031
  1.9677364410E+013  1.0188722616E-013  5.3294339030E+031
  1.9762445846E+013  1.0188722616E-013  5.3820292184E+031
  1.9848190217E+013  1.0188722616E-013  5.4350302234E+031
  1.9934602741E+013  1.0188722616E-013  5.4884400472E+031
  2.0021688677E+013  1.0188722616E-013  5.5422618434E+031
  2.0109453328E+013  1.0188722616E-013  5.5964987895E+031
  2.0197902039E+013  1.0188722616E-013  5.6511540879E+031
  2.0287040196E+013  1.0188722616E-013  5.7062309654E+031
  2.0376873233E+013  1.0188722616E-013  5.7617326738E+031
  2.0467406622E+013  1.0188722616E-013  5.8176624901E+031
  2.0558645883E+013  1.0188722616E-013  5.8740237164E+031
  2.0650596579E+013  1.0188722616E-013  5.9308196804E+031
  2.0743264318E+013  1.0188722616E-013  5.9880537353E+031
  2.0836654753E+013  1.0188722616E-013  6.0457292604E+031
  2.0930773584E+013  1.0188722616E-013  6.1038496610E+031
  2.1025626553E+013  1.0188722616E-013  6.1624183684E+031
  2.1121219453E+013  1.0188722616E-013  6.2214388408E+031
  2.1217558121E+013  1.0188722616E-013  6.2809145627E+031
  2.1314648442E+013  1.0188722616E-013  6.3408490456E+031
  2.1412496348E+013  1.0188722616E-013  6.4012458283E+031
  2.1511107818E+013  1.0188722616E-013  6.4621084766E+031
  2.1610488882E+013  1.0188722616E-013  6.5234405838E+031
  2.1710645616E+013  1.0188722616E-013  6.5852457713E+031
  2.1811584146E+013  1.0188722616E-013  6.6475276879E+031
  2.1913310649E+013  1.0188722616E-013  6.7102900110E+031
  2.2015831349E+013  1.0188722616E-013  6.7735364461E+031
  2.2119152523E+013  1.0188722616E-013  6.8372707273E+031
  2.2223280497E+013  1.0188722616E-013  6.9014966177E+031
  2.2328221650E+013  1.0188722616E-013  6.9662179091E+031
  2.2433982411E+013  1.0188722616E-013  7.0314384230E+031
  2.2540569261E+013  1.0188722616E-013  7.0971620098E+031
  2.2647988736E+013  1.0188722616E-013  7.1633925502E+031
  2.2756247421E+013  1.0188722616E-013  7.2301339543E+031
  2.2865351958E+013  1.0188722616E-013  7.2973901628E+031
  2.2975309041E+013  1.0188722616E-013  7.3651651465E+031
  2.3086125420E+013  1.0188722616E-013  7.4334629069E+031
  2.3197807897E+013  1.0188722616E-013  7.5022874765E+031
  2.3310363332E+013  1.0188722616E-013  7.5716429187E+031
  2.3423798639E+013  1.0188722616E-013  7.6415333284E+031
  2.3538120789E+013  1.0188722616E-013  7.7119628320E+031
  2.3653336809E+013  1.0188722616E-013  7.7829355878E+031
  2.3769453785E+013  1.0188722616E-013  7.8544557860E+031
  2.3886478859E+013  1.0188722616E-013  7.9265276495E+031
  2.4004419231E+013  1.0188722616E-013  7.9991554333E+031
  2.4123282161E+013  1.0188722616E-013  8.0723434255E+031
  2.4243074966E+013  1.0188722616E-013  8.1460959473E+031
  2.4363805026E+013  1.0188722616E-013  8.2204173530E+031
  2.4485479777E+013  1.0188722616E-013  8.2953120308E+031
  2.4608106719E+013  1.0188722616E-013  8.3707844025E+031
  2.4731693413E+013  1.0188722616E-013  8.4468389242E+031
  2.4856247479E+013  1.0188722616E-013  8.5234800861E+031
  2.4981776602E+013  1.0188722616E-013  8.6007124133E+031
  2.5108288530E+013  1.0188722616E-013  8.6785404657E+031
  2.5235791071E+013  1.0188722616E-013  8.7569688383E+031
  2.5364292102E+013  1.0188722616E-013  8.8360021617E+031
  2.5493799559E+013  1.0188722616E-013  8.9156451022E+031
  2.5624321447E+013  1.0188722616E-013  8.9959023619E+031
  2.5755865835E+013  1.0188722616E-013  9.0767786793E+031
  2.5888440859E+013  1.0188722616E-013  9.1582788296E+031
  2.6022054720E+013  1.0188722616E-013  9.2404076246E+031
  2.6156715688E+013  1.0188722616E-013  9.3231699132E+031
  2.6292432100E+013  1.0188722616E-013  9.4065705819E+031
  2.6429212362E+013  1.0188722616E-013  9.4906145548E+031
  2.6567064949E+013  1.0188722616E-013  9.5753067940E+031
  2.6705998404E+013  1.0188722616E-013  9.6606522998E+031
  2.6846021343E+013  1.0188722616E-013  9.7466561110E+031
  2.6987142452E+013  1.0188722616E-013  9.8333233056E+031
  2.7129370487E+013  1.0188722616E-013  9.9206590005E+031
  2.7272714278E+013  1.0188722616E-013  1.0008668352E+032
  2.7417182726E+013  1.0188722616E-013  1.0097356556E+032
  2.7562784807E+013  1.0188722616E-013  1.0186728850E+032
  2.7709529570E+013  1.0188722616E-013  1.0276790509E+032
  2.7857426140E+013  1.0188722616E-013  1.0367546852E+032
  2.8006483716E+013  1.0188722616E-013  1.0459003236E+032
  2.8156711572E+013  1.0188722616E-013  1.0551165061E+032
  2.8308119062E+013  1.0188722616E-013  1.0644037769E+032
  2.8460715615E+013  1.0188722616E-013  1.0737626843E+032
  2.8614510738E+013  1.0188722616E-013  1.0831937809E+032
  2.8769514018E+013  1.0188722616E-013  1.0926976235E+032
  2.8925735119E+013  1.0188722616E-013  1.1022747731E+032
  2.9083183788E+013  1.0188722616E-013  1.1119257953E+032
  2.9241869851E+013  1.0188722616E-013  1.1216512599E+032
  2.9401803216E+013  1.0188722616E-013  1.1314517410E+032
  2.9562993873E+013  1.0188722616E-013  1.1413278174E+032
  2.9725451896E+013  1.0188722616E-013  1.1512800720E+032
  2.9889187442E+013  1.0188722616E-013  1.1613090925E+032
  3.0054210752E+013  1.0188722616E-013  1.1714154711E+032
  3.0220532153E+013  1.0188722616E-013  1.1815998044E+032
  3.0388162058E+013  1.0188722616E-013  1.1918626937E+032
  3.0557110965E+013  1.0188722616E-013  1.2022047449E+032
  3.0727389462E+013  1.0188722616E-013  1.2126265687E+032
  3.0899008224E+013  1.0188722616E-013  1.2231287804E+032
  3.1071978016E+013  1.0188722616E-013  1.2337120000E+032
  3.1246309691E+013  1.0188722616E-013  1.2443768524E+032
  3.1422014194E+013  1.0188722616E-013  1.2551239673E+032
  3.1599102563E+013  1.0188722616E-013  1.2659539792E+032
  3.1777585925E+013  1.0188722616E-013  1.2768675274E+032
  3.1957475502E+013  1.0188722616E-013  1.2878652565E+032
  3.2138782611E+013  1.0188722616E-013  1.2989478156E+032
  3.2321518662E+013  1.0188722616E-013  1.3101158591E+032
  3.2505695161E+013  1.0188722616E-013  1.3213700463E+032
  3.2691323712E+013  1.0188722616E-013  1.3327110419E+032
  3.2878416015E+013  1.0188722616E-013  1.3441395152E+032
  3.3066983869E+013  1.0188722616E-013  1.3556561412E+032
  3.3257039171E+013  1.0188722616E-013  1.3672615997E+032
  3.3448593920E+013  1.0188722616E-013  1.3789565759E+032
  3.3641660215E+013  1.0188722616E-013  1.3907417604E+032
  3.3836250258E+013  1.0188722616E-013  1.4026178489E+032
  3.4032376351E+013  1.0188722616E-013  1.4145855427E+032
  3.4230050902E+013  1.0188722616E-013  1.4266455482E+032
  3.4429286425E+013  1.0188722616E-013  1.4387985777E+032
  3.4630095537E+013  1.0188722616E-013  1.4510453485E+032
  3.4832490963E+013  1.0188722616E-013  1.4633865838E+032
  3.5036485536E+013  1.0188722616E-013  1.4758230121E+032
  3.5242092197E+013  1.0188722616E-013  1.4883553679E+032
  3.5449323997E+013  1.0188722616E-013  1.5009843909E+032
  3.5658194097E+013  1.0188722616E-013  1.5137108269E+032
  3.5868715770E+013  1.0188722616E-013  1.5265354272E+032
  3.6080902403E+013  1.0188722616E-013  1.5394589489E+032
  3.6294767494E+013  1.0188722616E-013  1.5524821552E+032
  3.6510324659E+013  1.0188722616E-013  1.5656058150E+032
  3.6727587627E+013  1.0188722616E-013  1.5788307029E+032
  3.6946570246E+013  1.0188722616E-013  1.5921576000E+032
  3.7167286482E+013  1.0188722616E-013  1.6055872930E+032
  3.7389750417E+013  1.0188722616E-013  1.6191205748E+032
  3.7613976257E+013  1.0188722616E-013  1.6327582445E+032
  3.7839978328E+013  1.0188722616E-013  1.6465011072E+032
  3.8067771077E+013  1.0188722616E-013  1.6603499744E+032
  3.8297369078E+013  1.0188722616E-013  1.6743056636E+032
  3.8528787026E+013  1.0188722616E-013  1.6883689989E+032
  3.8762039745E+013  1.0188722616E-013  1.7025408106E+032
  3.8997142184E+013  1.0188722616E-013  1.7168219354E+032
  3.9234109421E+013  1.0188722616E-013  1.7312132165E+032
  3.9472956665E+013  1.0188722616E-013  1.7457155035E+032
  3.9713699252E+013  1.0188722616E-013  1.7603296527E+032
  3.9956352654E+013  1.0188722616E-013  1.7750565269E+032
  4.0200932475E+013  1.0188722616E-013  1.7898969957E+032
  4.0447454452E+013  1.0188722616E-013  1.8048519352E+032
  4.0695934459E+013  1.0188722616E-013  1.8199222284E+032
  4.0946388508E+013  1.0188722616E-013  1.8351087651E+032
  4.1198832747E+013  1.0188722616E-013  1.8504124419E+032
  4.1453283465E+013  1.0188722616E-013  1.8658341623E+032
  4.1709757092E+013  1.0188722616E-013  1.8813748369E+032
  4.1968270201E+013  1.0188722616E-013  1.8970353832E+032
  4.2228839507E+013  1.0188722616E-013  1.9128167258E+032
  4.2491481872E+013  1.0188722616E-013  1.9287197965E+032
  4.2756214303E+013  1.0188722616E-013  1.9447455343E+032
  4.3023053956E+013  1.0188722616E-013  1.9608948852E+032
  4.3292018134E+013  1.0188722616E-013  1.9771688029E+032
  4.3563124295E+013  1.0188722616E-013  1.9935682480E+032
  4.3836390044E+013  1.0188722616E-013  2.0100941889E+032
  4.4111833144E+013  1.0188722616E-013  2.0267476013E+032
  4.4389471511E+013  1.0188722616E-013  2.0435294685E+032
  4.4669323219E+013  1.0188722616E-013  2.0604407811E+032
  4.4951406497E+013  1.0188722616E-013  2.0774825378E+032
  4.5235739739E+013  1.0188722616E-013  2.0946557447E+032
  4.5522341495E+013  1.0188722616E-013  2.1119614157E+032
  4.5811230481E+013  1.0188722616E-013  2.1294005726E+032
  4.6102425577E+013  1.0188722616E-013  2.1469742449E+032
  4.6395945827E+013  1.0188722616E-013  2.1646834703E+032
  4.6691810447E+013  1.0188722616E-013  2.1825292944E+032
  4.6990038817E+013  1.0188722616E-013  2.2005127708E+032
  4.7290650492E+013  1.0188722616E-013  2.2186349612E+032
  4.7593665198E+013  1.0188722616E-013  2.2368969357E+032
  4.7899102836E+013  1.0188722616E-013  2.2552997724E+032
  4.8206983482E+013  1.0188722616E-013  2.2738445578E+032
  4.8517327392E+013  1.0188722616E-013  2.2925323869E+032
  4.8830154999E+013  1.0188722616E-013  2.3113643631E+032
  4.9145486919E+013  1.0188722616E-013  2.3303415981E+032
  4.9463343951E+013  1.0188722616E-013  2.3494652125E+032
  4.9783747078E+013  1.0188722616E-013  2.3687363353E+032
  5.0106717473E+013  1.0188722616E-013  2.3881561044E+032
  5.0432276493E+013  1.0188722616E-013  2.4077256662E+032
  5.0760445690E+013  1.0188722616E-013  2.4274461762E+032
  5.1091246806E+013  1.0188722616E-013  2.4473187987E+032
  5.1424701778E+013  1.0188722616E-013  2.4673447071E+032
  5.1760832740E+013  1.0188722616E-013  2.4875250837E+032
  5.2099662025E+013  1.0188722616E-013  2.5078611199E+032
  5.2441212164E+013  1.0188722616E-013  2.5283540165E+032
  5.2785505894E+013  1.0188722616E-013  2.5490049833E+032
  5.3132566154E+013  1.0188722616E-013  2.5698152397E+032
  5.3482416089E+013  1.0188722616E-013  2.5907860143E+032
  5.3835079056E+013  1.0188722616E-013  2.6119185452E+032
  5.4190578620E+013  1.0188722616E-013  2.6332140801E+032
  5.4548938560E+013  1.0188722616E-013  2.6546738764E+032
  5.4910182870E+013  1.0188722616E-013  2.6762992011E+032
  5.5274335763E+013  1.0188722616E-013  2.6980913309E+032
  5.5641421669E+013  1.0188722616E-013  2.7200515525E+032
  5.6011465241E+013  1.0188722616E-013  2.7421811625E+032
  5.6384491358E+013  1.0188722616E-013  2.7644814674E+032
  5.6760525123E+013  1.0188722616E-013  2.7869537839E+032
  5.7139591870E+013  1.0188722616E-013  2.8095994387E+032
  5.7521717162E+013  1.0188722616E-013  2.8324197689E+032
  5.7906926797E+013  1.0188722616E-013  2.8554161219E+032
  5.8295246811E+013  1.0188722616E-013  2.8785898553E+032
  5.8686703475E+013  1.0188722616E-013  2.9019423374E+032
  5.9081323303E+013  1.0188722616E-013  2.9254749470E+032
  5.9479133054E+013  1.0188722616E-013  2.9491890734E+032
  5.9880159731E+013  1.0188722616E-013  2.9730861167E+032
  6.0284430586E+013  1.0188722616E-013  2.9971674879E+032
  6.0691973124E+013  1.0188722616E-013  3.0214346088E+032
  6.1102815104E+013  1.0188722616E-013  3.0458889122E+032
  6.1516984539E+013  1.0188722616E-013  3.0705318417E+032
  6.1934509706E+013  1.0188722616E-013  3.0953648525E+032
  6.2355419140E+013  1.0188722616E-013  3.1203894107E+032
  6.2779741644E+013  1.0188722616E-013  3.1456069937E+032
  6.3207506289E+013  1.0188722616E-013  3.1710190905E+032
  6.3638742415E+013  1.0188722616E-013  3.1966272014E+032
  6.4073479637E+013  1.0188722616E-013  3.2224328384E+032
  6.4511747847E+013  1.0188722616E-013  3.2484375250E+032
  6.4953577216E+013  1.0188722616E-013  3.2746427966E+032
  6.5398998198E+013  1.0188722616E-013  3.3010502004E+032
  6.5848041534E+013  1.0188722616E-013  3.3276612955E+032
  6.6300738251E+013  1.0188722616E-013  3.3544776531E+032
  6.6757119672E+013  1.0188722616E-013  3.3815008565E+032
  6.7217217411E+013  1.0188722616E-013  3.4087325011E+032
  6.7681063386E+013  1.0188722616E-013  3.4361741948E+032
  6.8148689811E+013  1.0188722616E-013  3.4638275578E+032
  6.8620129209E+013  1.0188722616E-013  3.4916942226E+032
  6.9095414411E+013  1.0188722616E-013  3.5197758347E+032
  6.9574578558E+013  1.0188722616E-013  3.5480740520E+032
  7.0057655110E+013  1.0188722616E-013  3.5765905452E+032
  7.0544677841E+013  1.0188722616E-013  3.6053269981E+032
  7.1035680852E+013  1.0188722616E-013  3.6342851072E+032
  7.1530698569E+013  1.0188722616E-013  3.6634665823E+032
  7.2029765745E+013  1.0188722616E-013  3.6928731463E+032
  7.2532917470E+013  1.0188722616E-013  3.7225065354E+032
  7.3040189170E+013  1.0188722616E-013  3.7523684993E+032
  7.3551616611E+013  1.0188722616E-013  3.7824608009E+032
  7.4067235905E+013  1.0188722616E-013  3.8127852170E+032
  7.4587083513E+013  1.0188722616E-013  3.8433435380E+032
  7.5111196248E+013  1.0188722616E-013  3.8741375681E+032
  7.5639611279E+013  1.0188722616E-013  3.9051691253E+032
  7.6172366139E+013  1.0188722616E-013  3.9364400420E+032
  7.6709498723E+013  1.0188722616E-013  3.9679521643E+032
  7.7251047297E+013  1.0188722616E-013  3.9997073527E+032
  7.7797050498E+013  1.0188722616E-013  4.0317074822E+032
  7.8347547345E+013  1.0188722616E-013  4.0639544420E+032
  7.8902577236E+013  1.0188722616E-013  4.0964501361E+032
  7.9462179956E+013  1.0188722616E-013  4.1291964830E+032
  8.0026395681E+013  1.0188722616E-013  4.1621954162E+032
  8.0595264986E+013  1.0188722616E-013  4.1954488840E+032
  8.1168828841E+013  1.0188722616E-013  4.2289588496E+032
  8.1747128625E+013  1.0188722616E-013  4.2627272916E+032
  8.2330206126E+013  1.0188722616E-013  4.2967562036E+032
  8.2918103546E+013  1.0188722616E-013  4.3310475949E+032
  8.3510863506E+013  1.0188722616E-013  4.3656034900E+032
  8.4108529055E+013  1.0188722616E-013  4.4004259292E+032
  8.4711143668E+013  1.0188722616E-013  4.4355169683E+032
  8.5318751255E+013  1.0188722616E-013  4.4708786793E+032
  8.5931396169E+013  1.0188722616E-013  4.5065131500E+032
  8.6549123206E+013  1.0188722616E-013  4.5424224841E+032
  8.7171977613E+013  1.0188722616E-013  4.5786088020E+032
  8.7800005093E+013  1.0188722616E-013  4.6150742401E+032
  8.8433251811E+013  1.0188722616E-013  4.6518209513E+032
  8.9071764400E+013  1.0188722616E-013  4.6888511052E+032
  8.9715589965E+013  1.0188722616E-013  4.7261668882E+032
  9.0364776091E+013  1.0188722616E-013  4.7637705034E+032
  9.1019370845E+013  1.0188722616E-013  4.8016641709E+032
  9.1679422788E+013  1.0188722616E-013  4.8398501282E+032
  9.2344980975E+013  1.0188722616E-013  4.8783306296E+032
  9.3016094967E+013  1.0188722616E-013  4.9171079473E+032
  9.3692814830E+013  1.0188722616E-013  4.9561843706E+032
  9.4375191149E+013  1.0188722616E-013  4.9955622067E+032
  9.5063275030E+013  1.0188722616E-013  5.0352437804E+032
  9.5757118105E+013  1.0188722616E-013  5.0752314347E+032
  9.6456772546E+013  1.0188722616E-013  5.1155275305E+032
  9.7162291062E+013  1.0188722616E-013  5.1561344469E+032
  9.7873726914E+013  1.0188722616E-013  5.1970545814E+032
  9.8591133917E+013  1.0188722616E-013  5.2382903499E+032
  9.9314566450E+013  1.0188722616E-013  5.2798441872E+032
  1.0004407946E+014  1.0188722616E-013  5.3217185466E+032
  1.0077972848E+014  1.0188722616E-013  5.3639159004E+032
  1.0152156961E+014  1.0188722616E-013  5.4064387400E+032
  1.0226965955E+014  1.0188722616E-013  5.4492895760E+032
  1.0302405562E+014  1.0188722616E-013  5.4924709384E+032
  1.0378481572E+014  1.0188722616E-013  5.5359853766E+032
  1.0455199837E+014  1.0188722616E-013  5.5798354600E+032
  1.0532566273E+014  1.0188722616E-013  5.6240237773E+032
  1.0610586859E+014  1.0188722616E-013  5.6685529375E+032
  1.0689267635E+014  1.0188722616E-013  5.7134255698E+032
  1.0768614710E+014  1.0188722616E-013  5.7586443234E+032
  1.0848634256E+014  1.0188722616E-013  5.8042118681E+032
  1.0929332513E+014  1.0188722616E-013  5.8501308943E+032
  1.1010715787E+014  1.0188722616E-013  5.8964041132E+032
  1.1092790455E+014  1.0188722616E-013  5.9430342567E+032
  1.1175562961E+014  1.0188722616E-013  5.9900240780E+032
  1.1259039820E+014  1.0188722616E-013  6.0373763514E+032
  1.1343227617E+014  1.0188722616E-013  6.0850938726E+032
  1.1428133013E+014  1.0188722616E-013  6.1331794590E+032
  1.1513762737E+014  1.0188722616E-013  6.1816359496E+032
  1.1600123597E+014  1.0188722616E-013  6.2304662054E+032
  1.1687222473E+014  1.0188722616E-013  6.2796731093E+032
  1.1775066322E+014  1.0188722616E-013  6.3292595666E+032
  1.1863662179E+014  1.0188722616E-013  6.3792285050E+032
  1.1953017157E+014  1.0188722616E-013  6.4295828746E+032
  1.2043138448E+014  1.0188722616E-013  6.4803256485E+032
  1.2134033325E+014  1.0188722616E-013  6.5314598227E+032
  1.2225709144E+014  1.0188722616E-013  6.5829884160E+032
  1.2318173340E+014  1.0188722616E-013  6.6349144709E+032
  1.2411433437E+014  1.0188722616E-013  6.6872410532E+032
  1.2505497040E+014  1.0188722616E-013  6.7399712522E+032
  1.2600371843E+014  1.0188722616E-013  6.7931081813E+032
  1.2696065628E+014  1.0188722616E-013  6.8466549777E+032
  1.2792586264E+014  1.0188722616E-013  6.9006148028E+032
  1.2889941711E+014  1.0188722616E-013  6.9549908427E+032
  1.2988140021E+014  1.0188722616E-013  7.0097863076E+032
  1.3087189339E+014  1.0188722616E-013  7.0650044329E+032
  1.3187097904E+014  1.0188722616E-013  7.1206484786E+032
  1.3287874050E+014  1.0188722616E-013  7.1767217301E+032
  1.3389526209E+014  1.0188722616E-013  7.2332274979E+032
  1.3492062910E+014  1.0188722616E-013  7.2901691184E+032
  1.3595492785E+014  1.0188722616E-013  7.3475499533E+032
  1.3699824563E+014  1.0188722616E-013  7.4053733906E+032
  1.3805067081E+014  1.0188722616E-013  7.4636428442E+032
  1.3911229276E+014  1.0188722616E-013  7.5223617544E+032
  1.4018320194E+014  1.0188722616E-013  7.5815335881E+032
  1.4126348987E+014  1.0188722616E-013  7.6411618388E+032
  1.4235324917E+014  1.0188722616E-013  7.7012500272E+032
  1.4345257357E+014  1.0188722616E-013  7.7618017008E+032
  1.4456155794E+014  1.0188722616E-013  7.8228204348E+032
  1.4568029827E+014  1.0188722616E-013  7.8843098317E+032
  1.4680889174E+014  1.0188722616E-013  7.9462735220E+032
  1.4794743667E+014  1.0188722616E-013  8.0087151642E+032
  1.4909603262E+014  1.0188722616E-013  8.0716384448E+032
  1.5025478035E+014  1.0188722616E-013  8.1350470789E+032
  1.5142378186E+014  1.0188722616E-013  8.1989448103E+032
  1.5260314040E+014  1.0188722616E-013  8.2633354116E+032
  1.5379296050E+014  1.0188722616E-013  8.3282226845E+032
  1.5499334800E+014  1.0188722616E-013  8.3936104600E+032
  1.5620441004E+014  1.0188722616E-013  8.4595025988E+032
  1.5742625511E+014  1.0188722616E-013  8.5259029911E+032
  1.5865899305E+014  1.0188722616E-013  8.5928155573E+032
  1.5990273509E+014  1.0188722616E-013  8.6602442482E+032
  1.6115759387E+014  1.0188722616E-013  8.7281930446E+032
  1.6242368345E+014  1.0188722616E-013  8.7966659585E+032
  1.6370111935E+014  1.0188722616E-013  8.8656670326E+032
  1.6499001856E+014  1.0188722616E-013  8.9352003408E+032
  1.6629049957E+014  1.0188722616E-013  9.0052699884E+032
  1.6760268241E+014  1.0188722616E-013  9.0758801124E+032
  1.6892668865E+014  1.0188722616E-013  9.1470348819E+032
  1.7026264144E+014  1.0188722616E-013  9.2187384977E+032
  1.7161066553E+014  1.0188722616E-013  9.2909951935E+032
  1.7297088730E+014  1.0188722616E-013  9.3638092354E+032
  1.7434343482E+014  1.0188722616E-013  9.4371849224E+032
  1.7572843781E+014  1.0188722616E-013  9.5111265867E+032
  1.7712602773E+014  1.0188722616E-013  9.5856385939E+032
  1.7853633779E+014  1.0188722616E-013  9.6607253433E+032
  1.7995950296E+014  1.0188722616E-013  9.7363912682E+032
  1.8139566004E+014  1.0188722616E-013  9.8126408360E+032
  1.8284494766E+014  1.0188722616E-013  9.8894785485E+032
  1.8430750634E+014  1.0188722616E-013  9.9669089423E+032
  1.8578347849E+014  1.0188722616E-013  1.0044936589E+033
  1.8727300847E+014  1.0188722616E-013  1.0123566096E+033
  1.8877624263E+014  1.0188722616E-013  1.0202802105E+033
  1.9029332930E+014  1.0188722616E-013  1.0282649294E+033
  1.9182441891E+014  1.0188722616E-013  1.0363112378E+033
  1.9336966393E+014  1.0188722616E-013  1.0444196107E+033
  1.9492921899E+014  1.0188722616E-013  1.0525905269E+033
  1.9650324086E+014  1.0188722616E-013  1.0608244688E+033
  1.9809188855E+014  1.0188722616E-013  1.0691219225E+033
  1.9969532328E+014  1.0188722616E-013  1.0774833780E+033
  2.0131370858E+014  1.0188722616E-013  1.0859093288E+033
  2.0294721032E+014  1.0188722616E-013  1.0944002726E+033
  2.0459599672E+014  1.0188722616E-013  1.1029567105E+033
  2.0626023847E+014  1.0188722616E-013  1.1115791478E+033
  2.0794010868E+014  1.0188722616E-013  1.1202680935E+033
  2.0963578300E+014  1.0188722616E-013  1.1290240607E+033
  2.1134743966E+014  1.0188722616E-013  1.1378475664E+033
  2.1307525948E+014  1.0188722616E-013  1.1467391314E+033
  2.1481942598E+014  1.0188722616E-013  1.1556992808E+033
  2.1658012537E+014  1.0188722616E-013  1.1647285436E+033
  2.1835754665E+014  1.0188722616E-013  1.1738274528E+033
  2.2015188165E+014  1.0188722616E-013  1.1829965457E+033
  2.2196332511E+014  1.0188722616E-013  1.1922363637E+033
  2.2379207468E+014  1.0188722616E-013  1.2015474522E+033
  2.2563833103E+014  1.0188722616E-013  1.2109303611E+033
  2.2750229792E+014  1.0188722616E-013  1.2203856442E+033
  2.2938418222E+014  1.0188722616E-013  1.2299138599E+033
  2.3128419400E+014  1.0188722616E-013  1.2395155707E+033
  2.3320254660E+014  1.0188722616E-013  1.2491913435E+033
  2.3513945669E+014  1.0188722616E-013  1.2589417495E+033
  2.3709514435E+014  1.0188722616E-013  1.2687673646E+033
  2.3906983313E+014  1.0188722616E-013  1.2786687687E+033
  2.4106375012E+014  1.0188722616E-013  1.2886465464E+033
  2.4307712606E+014  1.0188722616E-013  1.2987012870E+033
  2.4511019537E+014  1.0188722616E-013  1.3088335839E+033
  2.4716319628E+014  1.0188722616E-013  1.3190440355E+033
  2.4923637087E+014  1.0188722616E-013  1.3293332445E+033
  2.5132996519E+014  1.0188722616E-013  1.3397018186E+033
  2.5344422933E+014  1.0188722616E-013  1.3501503697E+033
  2.5557941751E+014  1.0188722616E-013  1.3606795149E+033
  2.5773578816E+014  1.0188722616E-013  1.3712898758E+033
  2.5991360408E+014  1.0188722616E-013  1.3819820788E+033
  2.6211313243E+014  1.0188722616E-013  1.3927567553E+033
  2.6433464495E+014  1.0188722616E-013  1.4036145413E+033
  2.6657841797E+014  1.0188722616E-013  1.4145560780E+033
  2.6884473257E+014  1.0188722616E-013  1.4255820113E+033
  2.7113387468E+014  1.0188722616E-013  1.4366929923E+033
  2.7344613519E+014  1.0188722616E-013  1.4478896769E+033
  2.7578181005E+014  1.0188722616E-013  1.4591727261E+033
  2.7814120044E+014  1.0188722616E-013  1.4705428063E+033
  2.8052461285E+014  1.0188722616E-013  1.4820005886E+033
  2.8293235924E+014  1.0188722616E-013  1.4935467496E+033
  2.8536475714E+014  1.0188722616E-013  1.5051819710E+033
  2.8782212983E+014  1.0188722616E-013  1.5169069396E+033
  2.9030480643E+014  1.0188722616E-013  1.5287223479E+033
  2.9281312210E+014  1.0188722616E-013  1.5406288933E+033
  2.9534741817E+014  1.0188722616E-013  1.5526272789E+033
  2.9790804228E+014  1.0188722616E-013  1.5647182130E+033
  3.0049534857E+014  1.0188722616E-013  1.5769024096E+033
  3.0310969782E+014  1.0188722616E-013  1.5891805879E+033
  3.0575145764E+014  1.0188722616E-013  1.6015534730E+033
  3.0842100264E+014  1.0188722616E-013  1.6140217953E+033
  3.1111871465E+014  1.0188722616E-013  1.6265862910E+033
  3.1384498283E+014  1.0188722616E-013  1.6392477019E+033
  3.1660020396E+014  1.0188722616E-013  1.6520067755E+033
  3.1938478257E+014  1.0188722616E-013  1.6648642652E+033
  3.2219913122E+014  1.0188722616E-013  1.6778209301E+033
  3.2504367064E+014  1.0188722616E-013  1.6908775351E+033
  3.2791883002E+014  1.0188722616E-013  1.7040348512E+033
  3.3082504724E+014  1.0188722616E-013  1.7172936552E+033
  3.3376276907E+014  1.0188722616E-013  1.7306547298E+033
  3.3673245145E+014  1.0188722616E-013  1.7441188640E+033
  3.3973455979E+014  1.0188722616E-013  1.7576868527E+033
  3.4276956915E+014  1.0188722616E-013  1.7713594970E+033
  3.4583796462E+014  1.0188722616E-013  1.7851376040E+033
  3.4894024153E+014  1.0188722616E-013  1.7990219874E+033
  3.5207690581E+014  1.0188722616E-013  1.8130134668E+033
  3.5524847428E+014  1.0188722616E-013  1.8271128683E+033
  3.5845547499E+014  1.0188722616E-013  1.8413210244E+033
  3.6169844753E+014  1.0188722616E-013  1.8556387739E+033
  3.6497794343E+014  1.0188722616E-013  1.8700669623E+033
  3.6829452648E+014  1.0188722616E-013  1.8846064412E+033
  3.7164877315E+014  1.0188722616E-013  1.8992580693E+033
  3.7504127296E+014  1.0188722616E-013  1.9140227114E+033
  3.7847262892E+014  1.0188722616E-013  1.9289012394E+033
  3.8194345792E+014  1.0188722616E-013  1.9438945317E+033
  3.8545439123E+014  1.0188722616E-013  1.9590034735E+033
  3.8900607493E+014  1.0188722616E-013  1.9742289569E+033
  3.9259917040E+014  1.0188722616E-013  1.9895718809E+033
  3.9623435486E+014  1.0188722616E-013  2.0050331512E+033
  3.9991232184E+014  1.0188722616E-013  2.0206136807E+033
  4.0363378181E+014  1.0188722616E-013  2.0363143893E+033
  4.0739946268E+014  1.0188722616E-013  2.0521362041E+033
  4.1121011048E+014  1.0188722616E-013  2.0680800592E+033
  4.1506648990E+014  1.0188722616E-013  2.0841468958E+033
  4.1896938504E+014  1.0188722616E-013  2.1003376627E+033
  4.2291960004E+014  1.0188722616E-013  2.1166533157E+033
  4.2691795981E+014  1.0188722616E-013  2.1330948182E+033
  4.3096531080E+014  1.0188722616E-013  2.1496631408E+033
  4.3506252178E+014  1.0188722616E-013  2.1663592618E+033
  4.3921048466E+014  1.0188722616E-013  2.1831841670E+033
  4.4341011539E+014  1.0188722616E-013  2.2001388497E+033
  4.4766235480E+014  1.0188722616E-013  2.2172243109E+033
  4.5196816965E+014  1.0188722616E-013  2.2344415595E+033
  4.5632855353E+014  1.0188722616E-013  2.2517916118E+033
  4.6074452801E+014  1.0188722616E-013  2.2692754924E+033
  4.6521714366E+014  1.0188722616E-013  2.2868942334E+033
  4.6974748128E+014  1.0188722616E-013  2.3046488752E+033
  4.7433665307E+014  1.0188722616E-013  2.3225404659E+033
  4.7898580395E+014  1.0188722616E-013  2.3405700619E+033
  4.8369611291E+014  1.0188722616E-013  2.3587387277E+033
  4.8846879444E+014  1.0188722616E-013  2.3770475360E+033
  4.9330510002E+014  1.0188722616E-013  2.3954975678E+033
  4.9820631972E+014  1.0188722616E-013  2.4140899124E+033
  5.0317378391E+014  1.0188722616E-013  2.4328256675E+033
  5.0820886497E+014  1.0188722616E-013  2.4517059394E+033
  5.1331297923E+014  1.0188722616E-013  2.4707318426E+033
  5.1848758891E+014  1.0188722616E-013  2.4899045006E+033
  5.2373420425E+014  1.0188722616E-013  2.5092250453E+033
  5.2905438570E+014  1.0188722616E-013  2.5286946174E+033
  5.3444974632E+014  1.0188722616E-013  2.5483143665E+033
  5.3992195427E+014  1.0188722616E-013  2.5680854508E+033
  5.4547273546E+014  1.0188722616E-013  2.5880090378E+033
  5.5110387638E+014  1.0188722616E-013  2.6080863038E+033
  5.5681722712E+014  1.0188722616E-013  2.6283184341E+033
  5.6261470454E+014  1.0188722616E-013  2.6487066232E+033
  5.6849829572E+014  1.0188722616E-013  2.6692520750E+033
  5.7447006157E+014  1.0188722616E-013  2.6899560024E+033
  5.8053214072E+014  1.0188722616E-013  2.7108196279E+033
  5.8668675365E+014  1.0188722616E-013  2.7318441832E+033
  5.9293620716E+014  1.0188722616E-013  2.7530309097E+033
  5.9928289908E+014  1.0188722616E-013  2.7743810582E+033
  6.0572932338E+014  1.0188722616E-013  2.7958958894E+033
  6.1227807563E+014  1.0188722616E-013  2.8175766734E+033
  6.1893185885E+014  1.0188722616E-013  2.8394246904E+033
  6.2569348980E+014  1.0188722616E-013  2.8614412302E+033
  6.3256590580E+014  1.0188722616E-013  2.8836275929E+033
  6.3955217200E+014  1.0188722616E-013  2.9059850882E+033
  6.4665548929E+014  1.0188722616E-013  2.9285150362E+033
  6.5387920280E+014  1.0188722616E-013  2.9512187670E+033
  6.6122681116E+014  1.0188722616E-013  2.9740976213E+033
  6.6870197643E+014  1.0188722616E-013  2.9971529497E+033
  6.7630853496E+014  1.0188722616E-013  3.0203861135E+033
  6.8405050916E+014  1.0188722616E-013  3.0437984843E+033
  6.9193212032E+014  1.0188722616E-013  3.0673914446E+033
  6.9995780250E+014  1.0188722616E-013  3.0911663872E+033
  7.0813221785E+014  1.0188722616E-013  3.1151247159E+033
  7.1646027320E+014  1.0188722616E-013  3.1392678451E+033
  7.2494713831E+014  1.0188722616E-013  3.1635972004E+033
  7.3359826593E+014  1.0188722616E-013  3.1881142182E+033
  7.4241941377E+014  1.0188722616E-013  3.2128203460E+033
  7.5141666874E+014  1.0188722616E-013  3.2377170424E+033
  7.6059647375E+014  1.0188722616E-013  3.2628057775E+033
  7.6996565733E+014  1.0188722616E-013  3.2880880324E+033
  7.7953146641E+014  1.0188722616E-013  3.3135653000E+033
  7.8930160289E+014  1.0188722616E-013  3.3392390843E+033
  7.9928426424E+014  1.0188722616E-013  3.3651109013E+033
  8.0948818899E+014  1.0188722616E-013  3.3911822784E+033
  8.1992270759E+014  1.0188722616E-013  3.4174547549E+033
  8.3059779956E+014  1.0188722616E-013  3.4439298820E+033
  8.4152415796E+014  1.0188722616E-013  3.4706092228E+033
  8.5271326215E+014  1.0188722616E-013  3.4974943525E+033
  8.6417746039E+014  1.0188722616E-013  3.5245868584E+033
  8.7593006382E+014  1.0188722616E-013  3.5518883401E+033
  8.8798545381E+014  1.0188722616E-013  3.5794004096E+033
  9.0035920513E+014  1.0188722616E-013  3.6071246911E+033
  9.1306822770E+014  1.0188722616E-013  3.6350628216E+033
  9.2613093068E+014  1.0188722616E-013  3.6632164506E+033
  9.3956741316E+014  1.0188722616E-013  3.6915872402E+033
  9.5339968688E+014  1.0188722616E-013  3.7201768657E+033
  9.6765193793E+014  1.0188722616E-013  3.7489870148E+033
  9.8235083578E+014  1.0188722616E-013  3.7780193886E+033
  9.9752590083E+014  1.0188722616E-013  3.8072757013E+033
  1.0132099441E+015  1.0188722616E-013  3.8367576801E+033
  1.0294395975E+015  1.0188722616E-013  3.8664670657E+033
  1.0462559579E+015  1.0188722616E-013  3.8964056122E+033
  1.0637053766E+015  1.0188722616E-013  3.9265750872E+033
  1.0818404359E+015  1.0188722616E-013  3.9569772720E+033
  1.1007211697E+015  1.0188722616E-013  3.9876139616E+033
  1.1204166061E+015  1.0188722616E-013  4.0184869647E+033
  1.1410067420E+015  1.0188722616E-013  4.0495981041E+033
  1.1625851062E+015  1.0188722616E-013  4.0809492168E+033
  1.1852621380E+015  1.0188722616E-013  4.1125421537E+033
  1.2091697208E+015  1.0188722616E-013  4.1443787801E+033
  1.2344673891E+015  1.0188722616E-013  4.1764609757E+033
  1.2613510231E+015  1.0188722616E-013  4.2087906347E+033
  1.2900653589E+015  1.0188722616E-013  4.2413696659E+033
  1.3209225633E+015  1.0188722616E-013  4.2741999927E+033
  1.3543308640E+015  1.0188722616E-013  4.3072835535E+033
  1.3908407323E+015  1.0188722616E-013  4.3406223016E+033
  1.4312237107E+015  1.0188722616E-013  4.3742182055E+033
  1.4766170386E+015  1.0188722616E-013  4.4080732485E+033
  1.5288157674E+015  1.0188722616E-013  4.4421894297E+033
  1.5909481790E+015  1.0188722616E-013  4.4765687632E+033
  1.6693985085E+015  1.0188722616E-013  4.5112132788E+033
  1.7818186467E+015  1.0188722616E-013  4.5461250221E+033
  2.2168813967E+015  1.0188722616E-013  4.5813060542E+033
  2.2168978729E+015  8.6982218172E-003  4.6167584523E+033
  2.2169057274E+015  2.2064434040E-002  4.6524843095E+033
  2.2169109818E+015  3.6926251393E-002  4.6884857352E+033
  2.2169150069E+015  5.2511294852E-002  4.7247648550E+033
  2.2169183656E+015  6.7623315939E-002  4.7613238107E+033
  2.2169211674E+015  8.6325113459E-002  4.7981647609E+033
  2.2169236637E+015  1.0251100708E-001  4.8352898808E+033
  2.2169258950E+015  1.2083354887E-001  4.8727013622E+033
  2.2169279123E+015  1.4029458416E-001  4.9104014140E+033
  2.2169297791E+015  1.5871390991E-001  4.9483922620E+033
  2.2169314897E+015  1.8088080664E-001  4.9866761493E+033
  2.2169331169E+015  1.9823078975E-001  5.0252553362E+033
  2.2169346241E+015  2.2278355367E-001  5.0641321005E+033
  2.2169360546E+015  2.4393293977E-001  5.1033087375E+033
  2.2169374195E+015  2.6540663597E-001  5.1427875602E+033
  2.2169387229E+015  2.8830820039E-001  5.1825708996E+033
  2.2169399611E+015  3.1444459402E-001  5.2226611045E+033
  2.2169411300E+015  3.4479554373E-001  5.2630605419E+033
  2.2169422563E+015  3.7002344201E-001  5.3037715970E+033
  2.2169433542E+015  3.9237934859E-001  5.3447966735E+033
  2.2169444262E+015  4.1520304112E-001  5.3861381936E+033
  2.2169454514E+015  4.4843276153E-001  5.4277985980E+033
  2.2169464441E+015  4.7792532306E-001  5.4697803465E+033
  2.2169474031E+015  5.1035816457E-001  5.5120859178E+033
  2.2169483364E+015  5.4074150809E-001  5.5547178097E+033
  2.2169492415E+015  5.7469155959E-001  5.5976785391E+033
  2.2169501296E+015  6.0346523740E-001  5.6409706425E+033
  2.2169510003E+015  6.3412969180E-001  5.6845966760E+033
  2.2169518445E+015  6.7355994314E-001  5.7285592154E+033
  2.2169526630E+015  7.1522974475E-001  5.7728608561E+033
  2.2169534587E+015  7.5695305804E-001  5.8175042139E+033
  2.2169542217E+015  8.1184992354E-001  5.8624919246E+033
  2.2169549734E+015  8.4737236199E-001  5.9078266442E+033
  2.2169557165E+015  8.8102284940E-001  5.9535110495E+033
  2.2169564463E+015  9.2220827990E-001  5.9995478377E+033
  2.2169571597E+015  9.6965710769E-001  6.0459397268E+033
  2.2169578575E+015  1.0184187392E+000  6.0926894560E+033
  2.2169585454E+015  1.0612452300E+000  6.1397997853E+033
  2.2169592271E+015  1.1003052545E+000  6.1872734963E+033
  2.2169599020E+015  1.1414278973E+000  6.2351133918E+033
  2.2169605590E+015  1.2044985336E+000  6.2833222964E+033
  2.2169612069E+015  1.2540703101E+000  6.3319030565E+033
  2.2169618524E+015  1.2925747031E+000  6.3808585402E+033
  2.2169624876E+015  1.3488924731E+000  6.4301916380E+033
  2.2169631099E+015  1.4135082739E+000  6.4799052626E+033
  2.2169637298E+015  1.4570450297E+000  6.5300023491E+033
  2.2169643476E+015  1.5009176027E+000  6.5804858554E+033
  2.2169649597E+015  1.5555514016E+000  6.6313587620E+033
  2.2169655652E+015  1.6145658687E+000  6.6826240726E+033
  2.2169661640E+015  1.6763095798E+000  6.7342848139E+033
  2.2169667604E+015  1.7282155935E+000  6.7863440362E+033
  2.2169673536E+015  1.7845201391E+000  6.8388048129E+033
  2.2169679411E+015  1.8499694415E+000  6.8916702415E+033
  2.2169685207E+015  1.9258421918E+000  6.9449434432E+033
  2.2169690942E+015  1.9983798619E+000  6.9986275634E+033
  2.2169696624E+015  2.0710992220E+000  7.0527257716E+033
  2.2169702261E+015  2.1439237883E+000  7.1072412619E+033
  2.2169707862E+015  2.2155854026E+000  7.1621772529E+033
  2.2169713436E+015  2.2864447734E+000  7.2175369882E+033
  2.2169719001E+015  2.3518800557E+000  7.2733237362E+033
  2.2169724574E+015  2.4128894612E+000  7.3295407907E+033
  2.2169730061E+015  2.5175792999E+000  7.3861914708E+033
  2.2169735528E+015  2.5956734810E+000  7.4432791213E+033
  2.2169741001E+015  2.6638263666E+000  7.5008071126E+033
  2.2169746393E+015  2.7788315304E+000  7.5587788414E+033
  2.2169751742E+015  2.8778189997E+000  7.6171977303E+033
  2.2169757065E+015  2.9719304513E+000  7.6760672284E+033
  2.2169762391E+015  3.0521950941E+000  7.7353908116E+033
  2.2169767730E+015  3.1304696319E+000  7.7951719824E+033
  2.2169773019E+015  3.2485448608E+000  7.8554142703E+033
  2.2169778276E+015  3.3598275641E+000  7.9161212321E+033
  2.2169783513E+015  3.4684516236E+000  7.9772964521E+033
  2.2169788701E+015  3.6007022770E+000  8.0389435421E+033
  2.2169793870E+015  3.7154811645E+000  8.1010661418E+033
  2.2169799060E+015  3.8071942983E+000  8.1636679191E+033
  2.2169804257E+015  3.9114302864E+000  8.2267525700E+033
  2.2169809392E+015  4.0740409921E+000  8.2903238192E+033
  2.2169814518E+015  4.1991729268E+000  8.3543854199E+033
  2.2169819638E+015  4.3277794887E+000  8.4189411546E+033
  2.2169824727E+015  4.4817846419E+000  8.4839948345E+033
  2.2169829809E+015  4.6201318021E+000  8.5495503007E+033
  2.2169834921E+015  4.7309403178E+000  8.6156114236E+033
  2.2169840051E+015  4.8573490416E+000  8.6821821034E+033
  2.2169845147E+015  5.0375931548E+000  8.7492662708E+033
  2.2169850193E+015  5.2432379366E+000  8.8168678863E+033
  2.2169855229E+015  5.4145717098E+000  8.8849909413E+033
  2.2169860260E+015  5.5870352665E+000  8.9536394578E+033
  2.2169865291E+015  5.7599230368E+000  9.0228174891E+033
  2.2169870332E+015  5.9309573562E+000  9.0925291193E+033
  2.2169875394E+015  6.0930303550E+000  9.1627784645E+033
  2.2169880443E+015  6.3036158721E+000  9.2335696723E+033
  2.2169885481E+015  6.5227361385E+000  9.3049069221E+033
  2.2169890555E+015  6.6884881627E+000  9.3767944260E+033
  2.2169895589E+015  6.9638770668E+000  9.4492364282E+033
  2.2169900596E+015  7.2322040462E+000  9.5222372058E+033
  2.2169905597E+015  7.4848809911E+000  9.5958010688E+033
  2.2169910612E+015  7.7130366668E+000  9.6699323607E+033
  2.2169915639E+015  7.9589941576E+000  9.7446354582E+033
  2.2169920644E+015  8.2697170218E+000  9.8199147718E+033
  2.2169925650E+015  8.5534487923E+000  9.8957747463E+033
  2.2169930671E+015  8.8292360383E+000  9.9722198603E+033
  2.2169935721E+015  9.0917723201E+000  1.0049254628E+034
  2.2169940778E+015  9.4077303247E+000  1.0126883596E+034
  2.2169945796E+015  9.8268906414E+000  1.0205111349E+034
  2.2169950851E+015  1.0114176759E+001  1.0283942506E+034
  2.2169955940E+015  1.0424235574E+001  1.0363381720E+034
  2.2169961042E+015  1.0794218187E+001  1.0443433682E+034
  2.2169966142E+015  1.1216681016E+001  1.0524103118E+034
  2.2169971254E+015  1.1626371603E+001  1.0605394791E+034
  2.2169976374E+015  1.2071695446E+001  1.0687313501E+034
  2.2169981484E+015  1.2578079762E+001  1.0769864084E+034
  2.2169986599E+015  1.3080166168E+001  1.0853051414E+034
  2.2169991713E+015  1.3624562469E+001  1.0936880403E+034
  2.2169996834E+015  1.4172062918E+001  1.1021355999E+034
  2.2170001978E+015  1.4712909401E+001  1.1106483191E+034
  2.2170007118E+015  1.5358283473E+001  1.1192267005E+034
  2.2170012265E+015  1.6012457357E+001  1.1278712506E+034
  2.2170017432E+015  1.6664636578E+001  1.1365824796E+034
  2.2170022626E+015  1.7331589130E+001  1.1453609020E+034
  2.2170027852E+015  1.8025958142E+001  1.1542070360E+034
  2.2170033108E+015  1.8775046938E+001  1.1631214040E+034
  2.2170038371E+015  1.9656859248E+001  1.1721045322E+034
  2.2170043638E+015  2.0611991813E+001  1.1811569510E+034
  2.2170048950E+015  2.1469083172E+001  1.1902791949E+034
  2.2170054332E+015  2.2285902792E+001  1.1994718025E+034
  2.2170059697E+015  2.3543011606E+001  1.2087353165E+034
  2.2170065053E+015  2.4852105665E+001  1.2180702838E+034
  2.2170070455E+015  2.6003652841E+001  1.2274772557E+034
  2.2170075943E+015  2.7057467651E+001  1.2369567874E+034
  2.2170081414E+015  2.8729164517E+001  1.2465094387E+034
  2.2170086944E+015  3.0129400326E+001  1.2561357737E+034
  2.2170092453E+015  3.2106009550E+001  1.2658363605E+034
  2.2170098014E+015  3.3824889721E+001  1.2756117721E+034
  2.2170103700E+015  3.5257122248E+001  1.2854625855E+034
  2.2170109321E+015  3.8082891457E+001  1.2953893823E+034
  2.2170114958E+015  4.0620221189E+001  1.3053927486E+034
  2.2170120613E+015  4.3386294659E+001  1.3154732751E+034
  2.2170126332E+015  4.6086604665E+001  1.3256315569E+034
  2.2170132013E+015  4.9947893015E+001  1.3358681937E+034
  2.2170137823E+015  5.2735929538E+001  1.3461837900E+034
  2.2170143718E+015  5.6333121142E+001  1.3565789549E+034
  2.2170149726E+015  6.0137467306E+001  1.3670543019E+034
  2.2170155797E+015  6.5054997848E+001  1.3776104497E+034
  2.2170161927E+015  7.0713444842E+001  1.3882480215E+034
  2.2170168147E+015  7.6869378353E+001  1.3989676453E+034
  2.2170174455E+015  8.4086827065E+001  1.4097699540E+034
  2.2170180814E+015  9.3083962760E+001  1.4206555854E+034
  2.2170187259E+015  1.0317618041E+002  1.4316251823E+034
  2.2170193809E+015  1.1498462592E+002  1.4426793923E+034
  2.2170200424E+015  1.3008423342E+002  1.4538188679E+034
  2.2170207137E+015  1.4795158329E+002  1.4650442670E+034
  2.2170213942E+015  1.7053114561E+002  1.4763562524E+034
  2.2170220834E+015  1.9946800064E+002  1.4877554917E+034
  2.2170227880E+015  2.3520058197E+002  1.4992426582E+034
  2.2170234990E+015  2.8478664760E+002  1.5107298246E+034
  2.2170241989E+015  3.5273302885E+002  1.5219502374E+034
  2.2170248812E+015  4.5114479389E+002  1.5329100909E+034
  2.2170253154E+015  8.6487065026E+002  1.5436154360E+034
  2.2170256699E+015  1.2303740230E+003  1.5540721827E+034
  2.2170259652E+015  1.6839322288E+003  1.5642861040E+034
  2.2170262115E+015  2.2656712318E+003  1.5742628387E+034
  2.2170264153E+015  3.0247345329E+003  1.5840078948E+034
  2.2170265905E+015  3.8363223034E+003  1.5935266522E+034
  2.2170267448E+015  4.7071544612E+003  1.6028243662E+034
  2.2170268847E+015  5.5696381689E+003  1.6119061696E+034
  2.2170270149E+015  6.4045685182E+003  1.6207770764E+034
  2.2170271360E+015  7.3480721621E+003  1.6294419840E+034
  2.2170272490E+015  8.3759659375E+003  1.6379056760E+034
  2.2170273551E+015  9.4792532260E+003  1.6461728252E+034
  2.2170274552E+015  1.0653921418E+004  1.6542479955E+034
  2.2170275500E+015  1.1918797367E+004  1.6621356450E+034
  2.2170276400E+015  1.3287247944E+004  1.6698401285E+034
  2.2170277246E+015  1.4929746937E+004  1.6773656993E+034
  2.2170278051E+015  1.6554547394E+004  1.6847165121E+034
  2.2170278817E+015  1.8342911147E+004  1.6918966251E+034
  2.2170279535E+015  2.0614575743E+004  1.6989100024E+034
  2.2170280225E+015  2.2553484274E+004  1.7057605158E+034
  2.2170280887E+015  2.4712257439E+004  1.7124519473E+034
  2.2170281528E+015  2.6832770538E+004  1.7189879911E+034
  2.2170282147E+015  2.9254304739E+004  1.7253722556E+034
  2.2170282742E+015  3.1954770865E+004  1.7316082655E+034
  2.2170283316E+015  3.4877062776E+004  1.7376994634E+034
  2.2170283868E+015  3.8067718430E+004  1.7436492122E+034
  2.2170284401E+015  4.1477752228E+004  1.7494607965E+034
  2.2170284913E+015  4.5439624668E+004  1.7551374249E+034
  2.2170285408E+015  4.9363837781E+004  1.7606822313E+034
  2.2170285888E+015  5.3625433616E+004  1.7660982768E+034
  2.2170286352E+015  5.8194664663E+004  1.7713885514E+034
  2.2170286804E+015  6.3006505407E+004  1.7765559759E+034
  2.2170287242E+015  6.8486069132E+004  1.7816034030E+034
  2.2170287666E+015  7.4508201342E+004  1.7865336194E+034
  2.2170288079E+015  8.0778697342E+004  1.7913493467E+034
  2.2170288480E+015  8.7659443501E+004  1.7960532438E+034
  2.2170288870E+015  9.5237618950E+004  1.8006479076E+034
  2.2170289252E+015  1.0291207958E+005  1.8051358745E+034
  2.2170289623E+015  1.1213177902E+005  1.8095196224E+034
  2.2170289984E+015  1.2199880374E+005  1.8138015713E+034
  2.2170290336E+015  1.3291392365E+005  1.8179840853E+034
  2.2170290680E+015  1.4455325182E+005  1.8220694735E+034
  2.2170291014E+015  1.5836709785E+005  1.8260599912E+034
  2.2170291340E+015  1.7306739769E+005  1.8299578415E+034
  2.2170291658E+015  1.8920166713E+005  1.8337651764E+034
  2.2170291967E+015  2.0793363867E+005  1.8374840977E+034
  2.2170292269E+015  2.2853613581E+005  1.8411166587E+034
  2.2170292562E+015  2.5195094882E+005  1.8446648648E+034
  2.2170292847E+015  2.7873044796E+005  1.8481306748E+034
  2.2170293125E+015  3.0875468749E+005  1.8515160021E+034
  2.2170293394E+015  3.4336484005E+005  1.8548227158E+034
  2.2170293657E+015  3.8022449471E+005  1.8580526413E+034
  2.2170293912E+015  4.2434329444E+005  1.8612075618E+034
  2.2170294160E+015  4.7598940703E+005  1.8642892191E+034
  2.2170294397E+015  5.4262184660E+005  1.8672993146E+034
  2.2170294631E+015  6.0154607232E+005  1.8702395099E+034
  2.2170294814E+015  8.3249992270E+005  1.8731114283E+034
  2.2170294982E+015  9.7136617155E+005  1.8759166553E+034
  2.2170295138E+015  1.1163570287E+006  1.8786567397E+034
  2.2170295282E+015  1.2930535632E+006  1.8813331941E+034
  2.2170295413E+015  1.4995514374E+006  1.8839474962E+034
  2.2170295534E+015  1.7337321916E+006  1.8865010893E+034
  2.2170295643E+015  2.0041854772E+006  1.8889953831E+034
  2.2170295745E+015  2.2687497513E+006  1.8914317547E+034
  2.2170295840E+015  2.5208987901E+006  1.8938115491E+034
  2.2170295930E+015  2.8036081505E+006  1.8961360802E+034
  2.2170296015E+015  3.0854108748E+006  1.8984066313E+034
  2.2170296096E+015  3.3809746760E+006  1.9006244559E+034
  2.2170296172E+015  3.7431492449E+006  1.9027907785E+034
  2.2170296245E+015  4.0630950151E+006  1.9049067949E+034
  2.2170296314E+015  4.4359635019E+006  1.9069736735E+034
  2.2170296380E+015  4.8448134867E+006  1.9089925552E+034
  2.2170296442E+015  5.2692814499E+006  1.9109645546E+034
  2.2170296502E+015  5.6957687934E+006  1.9128907605E+034
  2.2170296559E+015  6.1688322896E+006  1.9147722363E+034
  2.2170296613E+015  6.6649082707E+006  1.9166100206E+034
  2.2170296665E+015  7.1893078815E+006  1.9184051282E+034
  2.2170296715E+015  7.7644409166E+006  1.9201585499E+034
  2.2170296762E+015  8.3331343223E+006  1.9218712539E+034
  2.2170296808E+015  8.9177811210E+006  1.9235441856E+034
  2.2170296851E+015  9.5827236061E+006  1.9251782687E+034
  2.2170296893E+015  1.0256624769E+007  1.9267744053E+034
  2.2170296933E+015  1.1045462936E+007  1.9283334766E+034
  2.2170296971E+015  1.1755516600E+007  1.9298563433E+034
  2.2170297008E+015  1.2451696357E+007  1.9313438462E+034
  2.2170297043E+015  1.3312818612E+007  1.9327968064E+034
  2.2170297077E+015  1.4298570332E+007  1.9342160262E+034
  2.2170297109E+015  1.5193133284E+007  1.9356022890E+034
  2.2170297140E+015  1.6168047471E+007  1.9369563601E+034
  2.2170297169E+015  1.7291791914E+007  1.9382789872E+034
  2.2170297197E+015  1.8176342940E+007  1.9395709003E+034
  2.2170297224E+015  1.9271430710E+007  1.9408328128E+034
  2.2170297250E+015  2.0533800573E+007  1.9420654213E+034
  2.2170297275E+015  2.1840339880E+007  1.9432694063E+034
  2.2170297299E+015  2.2907857124E+007  1.9444454325E+034
  2.2170297322E+015  2.4020127615E+007  1.9455941492E+034
