 0001  0.2548168497759355E-022
 0002  0.2548168497759356E-022
 0003  0.2529092886491013E-022
 0004  0.2529092886491013E-022
 0005  0.2529092886491013E-022
 0006  0.2510171811457194E-022
 0007  0.2510171811457194E-022
 0008  0.2489313991672174E-022
 0009  0.2489313991672174E-022
 0010  0.2466509184225037E-022
 0011  0.2466509184225036E-022
 0012  0.2466509184225036E-022
 0013  0.2443828512112570E-022
 0014  0.2443828512112570E-022
 0015  0.2419001115530173E-022
 0016  0.2419001115530174E-022
 0017  0.2392199672914062E-022
 0018  0.2392199672914063E-022
 0019  0.2366020610447826E-022
 0020  0.2366020610447826E-022
 0021  0.2337663265855879E-022
 0022  0.2337663265855880E-022
 0023  0.2307124447293290E-022
 0024  0.2307124447293290E-022
 0025  0.2277294797813356E-022
 0026  0.2277294797813356E-022
 0027  0.2245246990979824E-022
 0028  0.2245246990979824E-022
 0029  0.2210958407228582E-022
 0030  0.2210958407228582E-022
 0031  0.2177466069194398E-022
 0032  0.2177466069194398E-022
 0033  0.2141451165259289E-022
 0034  0.2104066526005131E-022
 0035  0.2104066526005130E-022
 0036  0.2067550028728076E-022
 0037  0.2067550028728076E-022
 0038  0.2028293104591336E-022
 0039  0.2028293104591336E-022
 0040  0.1986526445781610E-022
 0041  0.1943790651490451E-022
 0042  0.1943790651490451E-022
 0043  0.1902047263109559E-022
 0044  0.1902047263109559E-022
 0045  0.1857495968276779E-022
 0046  0.1812024671444034E-022
 0047  0.1812024671444034E-022
 0048  0.1764095595321203E-022
 0049  0.1719257468422558E-022
 0050  0.1719257468422558E-022
 0051  0.1671626241227376E-022
 0052  0.1623483228861482E-022
 0053  0.1623483228861482E-022
 0054  0.1576458188228710E-022
 0055  0.1528713900032841E-022
 0056  0.1528713900032841E-022
 0057  0.1478014845301826E-022
 0058  0.1427393598223700E-022
 0059  0.1427393598223700E-022
 0060  0.1374195212365123E-022
 0061  0.1325155936417807E-022
 0062  0.1276052779541994E-022
 0063  0.1276052779541994E-022
 0064  0.1224158356247126E-022
 0065  0.1172831598494456E-022
 0066  0.1125756868566253E-022
 0067  0.1125756868566253E-022
 0068  0.1075684074060432E-022
 0069  0.1026391565846643E-022
 0070  0.1026391565846643E-022
 0071  0.9745541647665941E-023
 0072  0.9241366726928621E-023
 0073  0.8784845313106197E-023
 0074  0.8335584534554866E-023
 0075  0.8335584534554866E-023
 0076  0.7860980547037882E-023
 0077  0.7401796598437592E-023
 0078  0.6959111638457834E-023
 0079  0.6959111638457834E-023
 0080  0.6496433244225817E-023
 0081  0.6085065683105526E-023
 0082  0.5688449715400673E-023
 0083  0.5307973397504311E-023
 0084  0.5307973397504310E-023
 0085  0.4909301060251821E-023
 0086  0.4535335288531752E-023
 0087  0.4185712048434252E-023
 0088  0.3859701539042752E-023
 0089  0.3556334600086705E-023
 0090  0.3556334600086705E-023
 0091  0.3242844718292204E-023
 0092  0.2956254079944552E-023
 0093  0.2699575510908601E-023
 0094  0.2469873367105590E-023
 0095  0.2262863471213425E-023
 0096  0.2075161789036128E-023
 0097  0.1904057398850485E-023
 0098  0.1747350149916237E-023
 0099  0.1603232738104496E-023
 0100  0.1470203794059339E-023
 0101  0.1347381899861807E-023
 0102  0.1233946393080783E-023
 0103  0.1129309216647477E-023
 0104  0.1032898123415054E-023
 0105  0.9441604390822248E-024
 0106  0.8625657760137850E-024
 0107  0.7876078885754353E-024
 0108  0.7188058305102207E-024
 0109  0.6535730834724287E-024
 0110  0.5943271120140145E-024
 0111  0.5405058824973176E-024
 0112  0.4916021286208853E-024
 0113  0.4471577291217221E-024
 0114  0.4067586994810570E-024
 0115  0.3700307262991895E-024
 0116  0.3096943983903987E-024
 0117  0.2848282786832132E-024
 0118  0.2618715948587853E-024
 0119  0.2406885132510757E-024
 0120  0.2211514686615989E-024
 0121  0.2031408553483948E-024
 0122  0.1865446979448157E-024
 0123  0.1708685679839114E-024
 0124  0.1565224195178109E-024
 0125  0.1433915625700127E-024
 0126  0.1313714424556264E-024
 0127  0.1203625650158806E-024
 0128  0.1102795692728323E-024
 0129  0.1010442951103722E-024
 0130  0.9258520554900222E-025
 0131  0.7847376840748873E-025
 0132  0.7257401396668700E-025
 0133  0.6710534735728351E-025
 0134  0.6203762520694963E-025
 0135  0.5724575471572281E-025
 0136  0.5282690441756139E-025
 0137  0.4875063382230642E-025
 0138  0.4499026019016473E-025
 0139  0.4152118933710079E-025
 0140  0.3832075129707224E-025
 0141  0.3536804898684235E-025
 0142  0.3264381883860272E-025
 0143  0.3013030244849197E-025
 0144  0.2587330162750364E-025
 0145  0.2406751896236442E-025
 0146  0.2235556735254796E-025
 0147  0.2076589928181909E-025
 0148  0.1928974068587152E-025
 0149  0.1791895010502399E-025
 0150  0.1664597283779326E-025
 0151  0.1546379843534877E-025
 0152  0.1436592129197810E-025
 0153  0.1334630328104146E-025
 0154  0.1239934101005793E-025
 0155  0.1151983433312749E-025
 0156  0.9999383898188057E-026
 0157  0.9342349057736282E-026
 0158  0.8728646372350544E-026
 0159  0.8155406287471817E-026
 0160  0.7619950163392798E-026
 0161  0.7119777505202102E-026
 0162  0.6652554052236738E-026
 0163  0.6216047256483676E-026
 0164  0.5808238142292008E-026
 0165  0.5427239913632875E-026
 0166  0.5066642116418371E-026
 0167  0.4442279173980056E-026
 0168  0.4171698689884662E-026
 0169  0.3917626160167977E-026
 0170  0.3679054472962468E-026
 0171  0.3455037836854566E-026
 0172  0.3244688063342313E-026
 0173  0.3047171073035775E-026
 0174  0.2859561354089332E-026
 0175  0.2683704957682904E-026
 0176  0.2518866143121613E-026
 0177  0.2249098793394975E-026
 0178  0.3387267337017150E-026
 0179  0.2499308068232318E-025
 0180  0.8235984757182452E-023
 0181  0.8913648539383900E-020
 0182  0.9934662324434337E-019
 0183  0.8580677090958574E-018
 0184  0.2853377840998305E-016
 0185  0.2259266942949324E-015
 0186  0.6364658138622124E-014
 0187  0.8275354453900627E-013
 0188  0.6171334667153271E-012
 0189  0.1532321985434866E-011
 0190  0.2945278908877049E-011
 0191  0.4973609494876646E-011
 0192  0.7733303607447908E-011
 0193  0.1157858030433649E-010
 0194  0.2398327291838186E-010
 0195  0.3259791723997871E-010
 0196  0.4251334116890469E-010
 0197  0.5400633063370619E-010
 0198  0.6708998953614094E-010
 0199  0.8178014673065109E-010
 0200  0.9808457969617860E-010
 0201  0.1185180516588022E-009
 0202  0.1626666346657291E-009
 0203  0.1862996135560542E-009
 0204  0.2114105898515724E-009
 0205  0.2379651442981890E-009
 0206  0.2659252085211967E-009
 0207  0.2983375509066753E-009
 0208  0.3318996446724796E-009
 0209  0.4001630189927716E-009
 0210  0.4349466128492775E-009
 0211  0.4708446546385730E-009
 0212  0.5105407689228750E-009
 0213  0.5509192351395341E-009
 0214  0.5920430946091000E-009
 0215  0.6338520761621595E-009
 0216  0.7168757437935162E-009
 0217  0.7606029539520765E-009
 0218  0.8046903562898942E-009
 0219  0.8490936271794745E-009
 0220  0.8937699792792335E-009
 0221  0.9387499649939722E-009
 0222  0.9839835132308966E-009
 0223  0.1076770534319745E-008
 0224  0.1121903093164034E-008
 0225  0.1167064377033044E-008
 0226  0.1212220478763158E-008
 0227  0.1259320631955986E-008
 0228  0.1306183733731530E-008
 0229  0.1396741041526659E-008
 0230  0.1440556664287543E-008
 0231  0.1485872142125757E-008
 0232  0.1530825978974503E-008
 0233  0.1575438841397761E-008
 0234  0.1619696665488193E-008
 0235  0.1706369026996602E-008
 0236  0.1748749139869993E-008
 0237  0.1790719041026492E-008
 0238  0.1832271842405376E-008
 0239  0.1874682788710210E-008
 0240  0.1916555235214137E-008
 0241  0.1996813052471614E-008
 0242  0.2035298111804297E-008
 0243  0.2074438372436300E-008
 0244  0.2113060148095036E-008
 0245  0.2151165200701908E-008
 0246  0.2225086815904251E-008
 0247  0.2260917053881362E-008
 0248  0.2296261849373994E-008
 0249  0.2331123438911770E-008
 0250  0.2366324067461122E-008
 0251  0.2433608940562099E-008
 0252  0.2465791460110266E-008
 0253  0.2498224309624403E-008
 0254  0.2530158622064891E-008
 0255  0.2561600201089143E-008
 0256  0.2622357164370067E-008
 0257  0.2651700244748233E-008
 0258  0.2680596078531757E-008
 0259  0.2709055195219688E-008
 0260  0.2764555431708080E-008
 0261  0.2791092051296981E-008
 0262  0.2817699013308746E-008
 0263  0.2843874241842431E-008
 0264  0.2869627956450957E-008
 0265  0.2919715949485522E-008
 0266  0.2943656264989851E-008
 0267  0.2967219837805746E-008
 0268  0.2990781555404980E-008
 0269  0.3035859759521867E-008
 0270  0.3057758985196748E-008
 0271  0.3079302081615142E-008
 0272  0.3100496792969529E-008
 0273  0.3141666619514426E-008
 0274  0.3161370320434921E-008
 0275  0.3181028475344167E-008
 0276  0.3200362299446444E-008
 0277  0.3237642384917716E-008
 0278  0.3255613388812955E-008
 0279  0.3273297728639641E-008
 0280  0.3290916292910978E-008
 0281  0.3324881946706475E-008
 0282  0.3341252386961615E-008
 0283  0.3357360379989625E-008
 0284  0.3373391676646835E-008
 0285  0.3404134104190848E-008
 0286  0.3419039959084964E-008
 0287  0.3433706921281900E-008
 0288  0.3462158942554427E-008
 0289  0.3475811208376414E-008
 0290  0.3489388644970672E-008
 0291  0.3515596946810168E-008
 0292  0.3528245367643850E-008
 0293  0.3540816025189642E-008
 0294  0.3553188321659107E-008
 0295  0.3577077634489689E-008
 0296  0.3588610772353294E-008
 0297  0.3600068238365520E-008
 0298  0.3622198362533765E-008
 0299  0.3632885669453819E-008
 0300  0.3643498429896154E-008
 0301  0.3664005734082615E-008
 0302  0.3673913482919627E-008
 0303  0.3683749241825912E-008
 0304  0.3702763594997730E-008
 0305  0.3711954082696397E-008
 0306  0.3721075614985420E-008
 0307  0.3738717337473421E-008
 0308  0.3747248366951824E-008
 0309  0.3755714007315591E-008
 0310  0.3772095487282204E-008
 0311  0.3780072489054489E-008
 0312  0.3795515394290105E-008
 0313  0.3802990177543638E-008
 0314  0.3810405823725519E-008
 0315  0.3824811586409042E-008
 0316  0.3831806613125790E-008
 0317  0.3838704145176982E-008
 0318  0.3852145222165549E-008
 0319  0.3858655494511223E-008
 0320  0.3871344704329048E-008
 0321  0.3877493893071936E-008
 0322  0.3883591941044069E-008
 0323  0.3895447261410833E-008
 0324  0.3901208655160657E-008
 0325  0.3912439777755055E-008
 0326  0.3917886559857217E-008
 0327  0.3928507692346090E-008
 0328  0.3933684035641255E-008
 0329  0.3938793417396401E-008
 0330  0.3948756792401923E-008
 0331  0.3953612826842016E-008
 0332  0.3963082267637403E-008
 0333  0.3967679877207464E-008
 0334  0.3976648750801991E-008
 0335  0.3981021951675490E-008
 0336  0.3989553739297871E-008
 0337  0.3993714253032365E-008
 0338  0.4001832105717185E-008
 0339  0.4005791328226265E-008
 0340  0.4013517298099713E-008
 0341  0.4017285699072208E-008
 0342  0.4024639903114305E-008
 0343  0.4028227343252487E-008
 0344  0.4035229239483638E-008
 0345  0.4038645295688807E-008
 0346  0.4045313700702035E-008
 0347  0.4048575943882309E-008
 0348  0.4054944109316679E-008
 0349  0.4058051570476906E-008
 0350  0.4064132767680474E-008
 0351  0.4069986682170694E-008
 0352  0.4072847315582747E-008
 0353  0.4078439976328826E-008
 0354  0.4081173093610034E-008
 0355  0.4086521984562221E-008
 0356  0.4091679576089577E-008
 0357  0.4094202854234382E-008
 0358  0.4099137349488062E-008
 0359  0.4101553543974015E-008
 0360  0.4106278867856347E-008
 0361  0.4110844796533566E-008
 0362  0.4113080562903649E-008
 0363  0.4117457164600208E-008
 0364  0.4121686943283798E-008
 0365  0.4123759618987790E-008
 0366  0.4127820031150125E-008
 0367  0.4131747410203774E-008
 0368  0.4133671873876914E-008
 0369  0.4137444262057236E-008
 0370  0.4141095604998577E-008
 0371  0.4144633599907103E-008
 0372  0.4146367394522778E-008
 0373  0.4149770667586564E-008
 0374  0.4153069395973240E-008
 0375  0.4156266926529534E-008
 0376  0.4157835684991489E-008
 0377  0.4160916419831247E-008
 0378  0.4163905148013002E-008
 0379  0.4166806190954895E-008
 0380  0.4169622623419706E-008
 0381  0.4172357953298960E-008
 0382  0.4173701976908888E-008
 0383  0.4176343224190276E-008
 0384  0.4178909732450379E-008
 0385  0.4181404555016866E-008
 0386  0.4183830501537832E-008
 0387  0.4186190322303037E-008
 0388  0.4188486207623729E-008
 0389  0.4190720732280960E-008
 0390  0.4192896181230739E-008
 0391  0.4195014194175458E-008
 0392  0.4197069683846929E-008
 0393  0.4199063157451169E-008
 0394  0.4200997158944841E-008
 0395  0.4202874100913981E-008
 0396  0.4204696272705245E-008
 0397  0.4206465847972944E-008
 0398  0.4208184891689407E-008
 0399  0.4209855366662077E-008
 0400  0.4211479139596713E-008
 0401  0.4213057986742575E-008
 0402  0.4214593599152379E-008
 0403  0.4216811744476686E-008
 0404  0.4218236254713829E-008
 0405  0.4219623292819505E-008
 0406  0.4220974199926281E-008
 0407  0.4222929007740639E-008
 0408  0.4224186584183945E-008
 0409  0.4225412629198800E-008
 0410  0.4227189059214101E-008
 0411  0.4228333334877868E-008
 0412  0.4229449953781761E-008
 0413  0.4231069778437078E-008
 0414  0.4232114407620491E-008
 0415  0.4233631078565203E-008
 0416  0.4234609993675402E-008
 0417  0.4236032391011411E-008
 0418  0.4236951178572602E-008
 0419  0.4238287219076329E-008
 0420  0.4239150866919735E-008
 0421  0.4240407628974245E-008
 0422  0.4241616966035141E-008
 0423  0.4242399614577851E-008
 0424  0.4243539782377442E-008
 0425  0.4244638421706555E-008
 0426  0.4245697590078463E-008
 0427  0.4246719214443999E-008
 0428  0.4247705101245341E-008
 0429  0.4248344564491794E-008
 0430  0.4249278154062787E-008
 0431  0.4250471765459000E-008
 0432  0.4251330583892997E-008
 0433  0.4252161185254950E-008
 0434  0.4252964819190787E-008
 0435  0.4253742664396023E-008
 0436  0.4254739796463894E-008
 0437  0.4255459096522553E-008
 0438  0.4256156205023883E-008
 0439  0.4257051163947838E-008
 0440  0.4257697689765985E-008
 0441  0.4258528517631096E-008
 0442  0.4259324264993522E-008
 0443  0.4260086888460635E-008
 0444  0.4260638917789847E-008
 0445  0.4261349676895534E-008
 0446  0.4262197125720171E-008
 0447  0.4262844166696286E-008
 0448  0.4263465998231077E-008
 0449  0.4264063898312451E-008
 0450  0.4264778568409524E-008
 0451  0.4265325546861534E-008
 0452  0.4265980128964743E-008
 0453  0.4266603485585332E-008
 0454  0.4267197514728476E-008
 0455  0.4267763968076021E-008
 0456  0.4268408988416245E-008
 0457  0.4268919357662923E-008
 0458  0.4269501358768333E-008
 0459  0.4270051797295757E-008
 0460  0.4270572791964391E-008
 0461  0.4271145562457182E-008
 0462  0.4271682928390921E-008
 0463  0.4272187548155753E-008
 0464  0.4272661832551557E-008
 0465  0.4273169217756148E-008
 0466  0.4273642234591452E-008
 0467  0.4274136458773474E-008
 0468  0.4274593718276535E-008
 0469  0.4275062123953179E-008
 0470  0.4275533295575311E-008
 0471  0.4275999653305645E-008
 0472  0.4276421434313609E-008
 0473  0.4276863241983557E-008
 0474  0.4277283286534221E-008
 0475  0.4277723740272746E-008
 0476  0.4278123820650251E-008
 0477  0.4278549020814218E-008
 0478  0.4278952104971125E-008
 0479  0.4279344976585020E-008
 0480  0.4279679697686193E-008
 0481  0.4279679697686193E-008
 0482  0.4279679697686193E-008
 0483  0.4279679697686193E-008
 0484  0.4279679697686193E-008
 0485  0.4279679697686193E-008
 0486  0.4279679697686193E-008
 0487  0.4279679697686193E-008
 0488  0.4279679697686193E-008
 0489  0.4279679697686193E-008
 0490  0.4279679697686193E-008
 0491  0.4279679697686193E-008
 0492  0.4279679697686193E-008
 0493  0.4279679697686193E-008
 0494  0.4279679697686193E-008
 0495  0.4279679697686193E-008
 0496  0.4279679697686193E-008
 0497  0.4279679697686193E-008
 0498  0.4279679697686193E-008
 0499  0.4279679697686193E-008
 0500  0.4279679697686193E-008
 0501  0.4279679697686193E-008
 0502  0.4279679697686193E-008
 0503  0.4279679697686193E-008
 0504  0.4279679697686193E-008
 0505  0.4279679697686193E-008
 0506  0.4279679697686193E-008
 0507  0.4279679697686193E-008
 0508  0.4279679697686193E-008
 0509  0.4279679697686193E-008
 0510  0.4279679697686193E-008
 0511  0.4279679697686193E-008
 0512  0.4279679697686193E-008
 0513  0.4279679697686193E-008
 0514  0.4279679697686193E-008
 0515  0.4279679697686193E-008
 0516  0.4279679697686193E-008
 0517  0.4279679697686193E-008
 0518  0.4279679697686193E-008
 0519  0.4279679697686193E-008
 0520  0.4279679697686193E-008
 0521  0.4279679697686193E-008
 0522  0.4279679697686193E-008
 0523  0.4279679697686193E-008
 0524  0.4279679697686193E-008
 0525  0.4279679697686193E-008
 0526  0.4279679697686193E-008
 0527  0.4279679697686193E-008
 0528  0.4279679697686193E-008
 0529  0.4279679697686193E-008
 0530  0.4279679697686193E-008
 0531  0.4279679697686193E-008
 0532  0.4279679697686193E-008
 0533  0.4279679697686193E-008
 0534  0.4279679697686193E-008
 0535  0.4279679697686193E-008
 0536  0.4279679697686193E-008
 0537  0.4279679697686193E-008
 0538  0.4279679697686193E-008
 0539  0.4279679697686193E-008
 0540  0.4279679697686193E-008
 0541  0.4279679697686193E-008
 0542  0.4279679697686193E-008
 0543  0.4279679697686193E-008
 0544  0.4279679697686193E-008
 0545  0.4279679697686193E-008
 0546  0.4279679697686193E-008
 0547  0.4279679697686193E-008
 0548  0.4279679697686193E-008
 0549  0.4279679697686193E-008
 0550  0.4279679697686193E-008
 0551  0.4279679697686193E-008
 0552  0.4279679697686193E-008
 0553  0.4279679697686193E-008
 0554  0.4279679697686193E-008
 0555  0.4279679697686193E-008
 0556  0.4279679697686193E-008
 0557  0.4279679697686193E-008
 0558  0.4279679697686193E-008
 0559  0.4279679697686193E-008
 0560  0.4279679697686193E-008
 0561  0.4279679697686193E-008
 0562  0.4279679697686193E-008
 0563  0.4279679697686193E-008
 0564  0.4279679697686193E-008
 0565  0.4279679697686193E-008
 0566  0.4279679697686193E-008
 0567  0.4279679697686193E-008
 0568  0.4279679697686193E-008
 0569  0.4279679697686193E-008
 0570  0.4279679697686193E-008
 0571  0.4279679697686193E-008
 0572  0.4279679697686193E-008
 0573  0.4279679697686193E-008
 0574  0.4279679697686193E-008
 0575  0.4279679697686193E-008
 0576  0.4279679697686193E-008
 0577  0.4279679697686193E-008
 0578  0.4279679697686193E-008
 0579  0.4279679697686193E-008
 0580  0.4279679697686193E-008
 0581  0.4279679697686193E-008
 0582  0.4279679697686193E-008
 0583  0.4279679697686193E-008
 0584  0.4279679697686193E-008
 0585  0.4279679697686193E-008
 0586  0.4279679697686193E-008
 0587  0.4279679697686193E-008
 0588  0.4279679697686193E-008
 0589  0.4279679697686193E-008
 0590  0.4279679697686193E-008
 0591  0.4279679697686193E-008
 0592  0.4279679697686193E-008
 0593  0.4279679697686193E-008
 0594  0.4279679697686193E-008
 0595  0.4279679697686193E-008
 0596  0.4279679697686193E-008
 0597  0.4279679697686193E-008
 0598  0.4279679697686193E-008
 0599  0.4279679697686193E-008
 0600  0.4279679697686193E-008
 0601  0.4279679697686193E-008
 0602  0.4279679697686193E-008
 0603  0.4279679697686193E-008
 0604  0.4279679697686193E-008
 0605  0.4279679697686193E-008
 0606  0.4279679697686193E-008
 0607  0.4279679697686193E-008
 0608  0.4279679697686193E-008
 0609  0.4279679697686193E-008
 0610  0.4279679697686193E-008
 0611  0.4279679697686193E-008
 0612  0.4279679697686193E-008
 0613  0.4279679697686193E-008
 0614  0.4279679697686193E-008
 0615  0.4279679697686193E-008
 0616  0.4279679697686193E-008
 0617  0.4279679697686193E-008
 0618  0.4279679697686193E-008
 0619  0.4279679697686193E-008
 0620  0.4279679697686193E-008
 0621  0.4279679697686193E-008
 0622  0.4279679697686193E-008
 0623  0.4279679697686193E-008
 0624  0.4279679697686193E-008
 0625  0.4279679697686193E-008
 0626  0.4279679697686193E-008
 0627  0.4279679697686193E-008
 0628  0.4279679697686193E-008
 0629  0.4279679697686193E-008
 0630  0.4279679697686193E-008
 0631  0.4279679697686193E-008
 0632  0.4279679697686193E-008
 0633  0.4279679697686193E-008
 0634  0.4279679697686193E-008
 0635  0.4279679697686193E-008
 0636  0.4279679697686193E-008
 0637  0.4279679697686193E-008
 0638  0.4279679697686193E-008
 0639  0.4279679697686193E-008
 0640  0.4279679697686193E-008
 0641  0.4279679697686193E-008
 0642  0.4279679697686193E-008
 0643  0.4279679697686193E-008
 0644  0.4279679697686193E-008
 0645  0.4279679697686193E-008
 0646  0.4279679697686193E-008
 0647  0.4279679697686193E-008
 0648  0.4279679697686193E-008
 0649  0.4279679697686193E-008
 0650  0.4279679697686193E-008
 0651  0.4279679697686193E-008
 0652  0.4279679697686193E-008
 0653  0.4279679697686193E-008
 0654  0.4279679697686193E-008
 0655  0.4279679697686193E-008
 0656  0.4279679697686193E-008
 0657  0.4279679697686193E-008
 0658  0.4279679697686193E-008
 0659  0.4279679697686193E-008
 0660  0.4279679697686193E-008
 0661  0.4279679697686193E-008
 0662  0.4279679697686193E-008
 0663  0.4279679697686193E-008
 0664  0.4279679697686193E-008
 0665  0.4279679697686193E-008
 0666  0.4279679697686193E-008
 0667  0.4279679697686193E-008
 0668  0.4279679697686193E-008
 0669  0.4279679697686193E-008
 0670  0.4279679697686193E-008
 0671  0.4279679697686193E-008
 0672  0.4279679697686193E-008
 0673  0.4279679697686193E-008
 0674  0.4279679697686193E-008
 0675  0.4279679697686193E-008
 0676  0.4279679697686193E-008
 0677  0.4279679697686193E-008
 0678  0.4279679697686193E-008
 0679  0.4279679697686193E-008
 0680  0.4279679697686193E-008
 0681  0.4279679697686193E-008
 0682  0.4279679697686193E-008
 0683  0.4279679697686193E-008
 0684  0.4279679697686193E-008
 0685  0.4279679697686193E-008
 0686  0.4279679697686193E-008
 0687  0.4279679697686193E-008
 0688  0.4279679697686193E-008
 0689  0.4279679697686193E-008
 0690  0.4279679697686193E-008
 0691  0.4279679697686193E-008
 0692  0.4279679697686193E-008
 0693  0.4279679697686193E-008
 0694  0.4279679697686193E-008
 0695  0.4279679697686193E-008
 0696  0.4279679697686193E-008
 0697  0.4279679697686193E-008
 0698  0.4279679697686193E-008
 0699  0.4279679697686193E-008
 0700  0.4279679697686193E-008
 0701  0.4279679697686193E-008
 0702  0.4279679697686193E-008
 0703  0.4279679697686193E-008
 0704  0.4279679697686193E-008
 0705  0.4279679697686193E-008
 0706  0.4279679697686193E-008
 0707  0.4279679697686193E-008
 0708  0.4279679697686193E-008
 0709  0.4279679697686193E-008
 0710  0.4279679697686193E-008
 0711  0.4279679697686193E-008
 0712  0.4279679697686193E-008
 0713  0.4279679697686193E-008
 0714  0.4279679697686193E-008
 0715  0.4279679697686193E-008
 0716  0.4279679697686193E-008
 0717  0.4279679697686193E-008
 0718  0.4279679697686193E-008
 0719  0.4279679697686193E-008
 0720  0.4279679697686193E-008
 0721  0.4279679697686193E-008
 0722  0.4279679697686193E-008
 0723  0.4279679697686193E-008
 0724  0.4279679697686193E-008
 0725  0.4279679697686193E-008
 0726  0.4279679697686193E-008
 0727  0.4279679697686193E-008
 0728  0.4279679697686193E-008
 0729  0.4279679697686193E-008
 0730  0.4279679697686193E-008
 0731  0.4279679697686193E-008
 0732  0.4279679697686193E-008
 0733  0.4279679697686193E-008
 0734  0.4279679697686193E-008
 0735  0.4279679697686193E-008
 0736  0.4279679697686193E-008
 0737  0.4279679697686193E-008
 0738  0.4279679697686193E-008
 0739  0.4279679697686193E-008
 0740  0.4279679697686193E-008
 0741  0.4279679697686193E-008
 0742  0.4279679697686193E-008
 0743  0.4279679697686193E-008
 0744  0.4279679697686193E-008
 0745  0.4279679697686193E-008
 0746  0.4279679697686193E-008
 0747  0.4279679697686193E-008
 0748  0.4279679697686193E-008
 0749  0.4279679697686193E-008
 0750  0.4279679697686193E-008
 0751  0.4279679697686193E-008
 0752  0.4279679697686193E-008
 0753  0.4279679697686193E-008
 0754  0.4279679697686193E-008
 0755  0.4279679697686193E-008
 0756  0.4279679697686193E-008
 0757  0.4279679697686193E-008
 0758  0.4279679697686193E-008
 0759  0.4279679697686193E-008
 0760  0.4279679697686193E-008
 0761  0.4279679697686193E-008
 0762  0.4279679697686193E-008
 0763  0.4279679697686193E-008
 0764  0.4279679697686193E-008
 0765  0.4279679697686193E-008
 0766  0.4279679697686193E-008
 0767  0.4279679697686193E-008
 0768  0.4279679697686193E-008
 0769  0.4279679697686193E-008
 0770  0.4279679697686193E-008
 0771  0.4279679697686193E-008
 0772  0.4279679697686193E-008
 0773  0.4279679697686193E-008
 0774  0.4279679697686193E-008
 0775  0.4279679697686193E-008
 0776  0.4279679697686193E-008
 0777  0.4279679697686193E-008
 0778  0.4279679697686193E-008
 0779  0.4279679697686193E-008
 0780  0.4279679697686193E-008
 0781  0.4279679697686193E-008
 0782  0.4279679697686193E-008
 0783  0.4279679697686193E-008
 0784  0.4279679697686193E-008
 0785  0.4279679697686193E-008
 0786  0.4279679697686193E-008
 0787  0.4279679697686193E-008
 0788  0.4279679697686193E-008
 0789  0.4279679697686193E-008
 0790  0.4279679697686193E-008
 0791  0.4279679697686193E-008
 0792  0.4279679697686193E-008
 0793  0.4279679697686193E-008
 0794  0.4279679697686193E-008
 0795  0.4279679697686193E-008
 0796  0.4279679697686193E-008
 0797  0.4279679697686193E-008
 0798  0.4279679697686193E-008
 0799  0.4279679697686193E-008
 0800  0.4279679697686193E-008
 0801  0.4279679697686193E-008
 0802  0.4279679697686193E-008
 0803  0.4279679697686193E-008
 0804  0.4279679697686193E-008
 0805  0.4279679697686193E-008
 0806  0.4279679697686193E-008
 0807  0.4279679697686193E-008
 0808  0.4279679697686193E-008
 0809  0.4279679697686193E-008
 0810  0.4279679697686193E-008
 0811  0.4279679697686193E-008
 0812  0.4279679697686193E-008
 0813  0.4279679697686193E-008
 0814  0.4279679697686193E-008
 0815  0.4279679697686193E-008
 0816  0.4279679697686193E-008
 0817  0.4279679697686193E-008
 0818  0.4279679697686193E-008
 0819  0.4279679697686193E-008
 0820  0.4279679697686193E-008
 0821  0.4279679697686193E-008
 0822  0.4279679697686193E-008
 0823  0.4279679697686193E-008
 0824  0.4279679697686193E-008
 0825  0.4279679697686193E-008
 0826  0.4279679697686193E-008
 0827  0.4279679697686193E-008
 0828  0.4279679697686193E-008
 0829  0.4279679697686193E-008
 0830  0.4279679697686193E-008
 0831  0.4279679697686193E-008
 0832  0.4279679697686193E-008
 0833  0.4279679697686193E-008
 0834  0.4279679697686193E-008
 0835  0.4279679697686193E-008
 0836  0.4279679697686193E-008
 0837  0.4279679697686193E-008
 0838  0.4279679697686193E-008
 0839  0.4279679697686193E-008
 0840  0.4279679697686193E-008
 0841  0.4279679697686193E-008
 0842  0.4279679697686193E-008
 0843  0.4279679697686193E-008
 0844  0.4279679697686193E-008
 0845  0.4279679697686193E-008
 0846  0.4279679697686193E-008
 0847  0.4279679697686193E-008
 0848  0.4279679697686193E-008
 0849  0.4279679697686193E-008
 0850  0.4279679697686193E-008
 0851  0.4279679697686193E-008
 0852  0.4279679697686193E-008
 0853  0.4279679697686193E-008
 0854  0.4279679697686193E-008
 0855  0.4279679697686193E-008
 0856  0.4279679697686193E-008
 0857  0.4279679697686193E-008
 0858  0.4279679697686193E-008
 0859  0.4279679697686193E-008
 0860  0.4279679697686193E-008
 0861  0.4279679697686193E-008
 0862  0.4279679697686193E-008
 0863  0.4279679697686193E-008
 0864  0.4279679697686193E-008
 0865  0.4279679697686193E-008
 0866  0.4279679697686193E-008
 0867  0.4279679697686193E-008
 0868  0.4279679697686193E-008
 0869  0.4279679697686193E-008
 0870  0.4279679697686193E-008
 0871  0.4279679697686193E-008
 0872  0.4279679697686193E-008
 0873  0.4279679697686193E-008
 0874  0.4279679697686193E-008
 0875  0.4279679697686193E-008
 0876  0.4279679697686193E-008
 0877  0.4279679697686193E-008
 0878  0.4279679697686193E-008
 0879  0.4279679697686193E-008
 0880  0.4279679697686193E-008
 0881  0.4279679697686193E-008
 0882  0.4279679697686193E-008
 0883  0.4279679697686193E-008
 0884  0.4279679697686193E-008
 0885  0.4279679697686193E-008
 0886  0.4279679697686193E-008
 0887  0.4279679697686193E-008
 0888  0.4279679697686193E-008
 0889  0.4279679697686193E-008
 0890  0.4279679697686193E-008
 0891  0.4279679697686193E-008
 0892  0.4279679697686193E-008
 0893  0.4279679697686193E-008
 0894  0.4279679697686193E-008
 0895  0.4279679697686193E-008
 0896  0.4279679697686193E-008
 0897  0.4279679697686193E-008
 0898  0.4279679697686193E-008
 0899  0.4279679697686193E-008
 0900  0.4279679697686193E-008
 0901  0.4279679697686193E-008
 0902  0.4279679697686193E-008
 0903  0.4279679697686193E-008
 0904  0.4279679697686193E-008
 0905  0.4279679697686193E-008
 0906  0.4279679697686193E-008
 0907  0.4279679697686193E-008
 0908  0.4279679697686193E-008
 0909  0.4279679697686193E-008
 0910  0.4279679697686193E-008
 0911  0.4279679697686193E-008
 0912  0.4279679697686193E-008
 0913  0.4279679697686193E-008
 0914  0.4279679697686193E-008
 0915  0.4279679697686193E-008
 0916  0.4279679697686193E-008
 0917  0.4279679697686193E-008
 0918  0.4279679697686193E-008
 0919  0.4279679697686193E-008
 0920  0.4279679697686193E-008
 0921  0.4279679697686193E-008
 0922  0.4279679697686193E-008
 0923  0.4279679697686193E-008
 0924  0.4279679697686193E-008
 0925  0.4279679697686193E-008
 0926  0.4279679697686193E-008
 0927  0.4279679697686193E-008
 0928  0.4279679697686193E-008
 0929  0.4279679697686193E-008
 0930  0.4279679697686193E-008
 0931  0.4279679697686193E-008
 0932  0.4279679697686193E-008
 0933  0.4279679697686193E-008
 0934  0.4279679697686193E-008
 0935  0.4279679697686193E-008
 0936  0.4279679697686193E-008
 0937  0.4279679697686193E-008
 0938  0.4279679697686193E-008
 0939  0.4279679697686193E-008
 0940  0.4279679697686193E-008
 0941  0.4279679697686193E-008
 0942  0.4279679697686193E-008
 0943  0.4279679697686193E-008
 0944  0.4279679697686193E-008
 0945  0.4279679697686193E-008
 0946  0.4279679697686193E-008
 0947  0.4279679697686193E-008
 0948  0.4279679697686193E-008
 0949  0.4279679697686193E-008
 0950  0.4279679697686193E-008
 0951  0.4279679697686193E-008
 0952  0.4279679697686193E-008
 0953  0.4279679697686193E-008
 0954  0.4279679697686193E-008
 0955  0.4279679697686193E-008
 0956  0.4279679697686193E-008
 0957  0.4279679697686193E-008
 0958  0.4279679697686193E-008
 0959  0.4279679697686193E-008
 0960  0.4279679697686193E-008
 0961  0.4279679697686193E-008
 0962  0.4279679697686193E-008
 0963  0.4279679697686193E-008
 0964  0.4279679697686193E-008
 0965  0.4279679697686193E-008
 0966  0.4279679697686193E-008
 0967  0.4279679697686193E-008
 0968  0.4279679697686193E-008
 0969  0.4279679697686193E-008
 0970  0.4279679697686193E-008
 0971  0.4279679697686193E-008
 0972  0.4279679697686193E-008
 0973  0.4279679697686193E-008
 0974  0.4279679697686193E-008
 0975  0.4279679697686193E-008
 0976  0.4279679697686193E-008
 0977  0.4279679697686193E-008
 0978  0.4279679697686193E-008
 0979  0.4279679697686193E-008
 0980  0.4279679697686193E-008
 0981  0.4279679697686193E-008
 0982  0.4279679697686193E-008
 0983  0.4279679697686193E-008
 0984  0.4279679697686193E-008
 0985  0.4279679697686193E-008
 0986  0.4279679697686193E-008
 0987  0.4279679697686193E-008
 0988  0.4279679697686193E-008
 0989  0.4279679697686193E-008
 0990  0.4279679697686193E-008
 0991  0.4279679697686193E-008
 0992  0.4279679697686193E-008
 0993  0.4279679697686193E-008
 0994  0.4279679697686193E-008
 0995  0.4279679697686193E-008
 0996  0.4279679697686193E-008
 0997  0.4279679697686193E-008
 0998  0.4279679697686193E-008
 0999  0.4279679697686193E-008
 1000  0.4279679697686193E-008
