 0001  0.2192260281117594E-002
 0002  0.2192260281117594E-002
 0003  0.2175849011545238E-002
 0004  0.2175849011545238E-002
 0005  0.2175849011545238E-002
 0006  0.2159570693717798E-002
 0007  0.2159570693717798E-002
 0008  0.2141626143073185E-002
 0009  0.2141626143073186E-002
 0010  0.2122006548113444E-002
 0011  0.2122006548113444E-002
 0012  0.2122006548113444E-002
 0013  0.2102493750152189E-002
 0014  0.2102493750152190E-002
 0015  0.2081134069740101E-002
 0016  0.2081134069740101E-002
 0017  0.2058076066623853E-002
 0018  0.2058076066623854E-002
 0019  0.2035553513917528E-002
 0020  0.2035553513917528E-002
 0021  0.2011156929933899E-002
 0022  0.2011156929933899E-002
 0023  0.1984883599914605E-002
 0024  0.1984883599914605E-002
 0025  0.1959220386272602E-002
 0026  0.1959220386272602E-002
 0027  0.1931648866975332E-002
 0028  0.1931648866975332E-002
 0029  0.1902150389145427E-002
 0030  0.1902150389145427E-002
 0031  0.1873336921720216E-002
 0032  0.1873336921720216E-002
 0033  0.1842359679746865E-002
 0034  0.1810214707001667E-002
 0035  0.1810214707001668E-002
 0036  0.1778816201274735E-002
 0037  0.1778816201274735E-002
 0038  0.1745095776218210E-002
 0039  0.1745095776218210E-002
 0040  0.1709249389440748E-002
 0041  0.1673726524399305E-002
 0042  0.1673726524399304E-002
 0043  0.1639028567419159E-002
 0044  0.1639028567419159E-002
 0045  0.1605852940422537E-002
 0046  0.1580367153103945E-002
 0047  0.1580367153103945E-002
 0048  0.1560854788106286E-002
 0049  0.1542600776791409E-002
 0050  0.1542600776791409E-002
 0051  0.1603813690147293E-002
 0052  0.1798371455085719E-002
 0053  0.1798371455085719E-002
 0054  0.1988411221025509E-002
 0055  0.2445996386086352E-002
 0056  0.2445996386086351E-002
 0057  0.3359614625541412E-002
 0058  0.4628077738219245E-002
 0059  0.4628077738219244E-002
 0060  0.6543086892412365E-002
 0061  0.8308378467306539E-002
 0062  0.1091513495513755E-001
 0063  0.1091513495513755E-001
 0064  0.1474569318035823E-001
 0065  0.1976914758629643E-001
 0066  0.2437644736170220E-001
 0067  0.2437644736170220E-001
 0068  0.3085833608760883E-001
 0069  0.3853016659501769E-001
 0070  0.3853016659501769E-001
 0071  0.4818075513794301E-001
 0072  0.5929378954569488E-001
 0073  0.6935644433277688E-001
 0074  0.8125322662254396E-001
 0075  0.8125322662254396E-001
 0076  0.9597515852561679E-001
 0077  0.1123468298523320E+000
 0078  0.1302110139495008E+000
 0079  0.1302110139495008E+000
 0080  0.1510778238316411E+000
 0081  0.1696305135543263E+000
 0082  0.1898735054086824E+000
 0083  0.2114915477893539E+000
 0084  0.2114915477893539E+000
 0085  0.2363564189423035E+000
 0086  0.2617097905891849E+000
 0087  0.2872868342589405E+000
 0088  0.3128754644895065E+000
 0089  0.3383061910490102E+000
 0090  0.3383061910490102E+000
 0091  0.3662670662953900E+000
 0092  0.3934013746607267E+000
 0093  0.4191455042156844E+000
 0094  0.4434974782806458E+000
 0095  0.4666451243670161E+000
 0096  0.4887319111351864E+000
 0097  0.5098695951861271E+000
 0098  0.5301470615310725E+000
 0099  0.5496365810464072E+000
 0100  0.5683982912193657E+000
 0101  0.5864278147014885E+000
 0102  0.6037718198190618E+000
 0103  0.6203896277229886E+000
 0104  0.6362555283258222E+000
 0105  0.6513561446749503E+000
 0106  0.6656881888295685E+000
 0107  0.6792565543820224E+000
 0108  0.6920726983456851E+000
 0109  0.7048231089093472E+000
 0110  0.7166449639274042E+000
 0111  0.7276073577049776E+000
 0112  0.7377735578319782E+000
 0113  0.7472016334560633E+000
 0114  0.7559449978413317E+000
 0115  0.7640528782581519E+000
 0116  0.7777698956844232E+000
 0117  0.7835956015912007E+000
 0118  0.7890735538005962E+000
 0119  0.7942184552199294E+000
 0120  0.7990452471446605E+000
 0121  0.8035689407410593E+000
 0122  0.8078044775459591E+000
 0123  0.8119171475232804E+000
 0124  0.8157266451071542E+000
 0125  0.8192556684839937E+000
 0126  0.8225251297381572E+000
 0127  0.8255567664324119E+000
 0128  0.8283674210658593E+000
 0129  0.8309728165792435E+000
 0130  0.8333875967097343E+000
 0131  0.8374843114482274E+000
 0132  0.8392272521489853E+000
 0133  0.8408605415558070E+000
 0134  0.8423902645239857E+000
 0135  0.8438640704070576E+000
 0136  0.8452345144626495E+000
 0137  0.8465095725991401E+000
 0138  0.8476958207450560E+000
 0139  0.8487993871046200E+000
 0140  0.8498259821338273E+000
 0141  0.8507809265562641E+000
 0142  0.8516691775424248E+000
 0143  0.8524953531688567E+000
 0144  0.8539108992862648E+000
 0145  0.8545186366069581E+000
 0146  0.8551029224156858E+000
 0147  0.8556489331330542E+000
 0148  0.8561591657182043E+000
 0149  0.8566359550395535E+000
 0150  0.8570814843343625E+000
 0151  0.8574977949983341E+000
 0152  0.8578867957477680E+000
 0153  0.8582502719320096E+000
 0154  0.8585898925402651E+000
 0155  0.8589072177734864E+000
 0156  0.8594619711830838E+000
 0157  0.8597043209780566E+000
 0158  0.8599318106205610E+000
 0159  0.8601453496857460E+000
 0160  0.8603457921433844E+000
 0161  0.8605339397603918E+000
 0162  0.8607105491987597E+000
 0163  0.8608764038515043E+000
 0164  0.8610321872891720E+000
 0165  0.8611790736537193E+000
 0166  0.8613245162839226E+000
 0167  0.8615965249258867E+000
 0168  0.8617303918037660E+000
 0169  0.8618792556985199E+000
 0170  0.8620486674601426E+000
 0171  0.8622441090622055E+000
 0172  0.8624708623729516E+000
 0173  0.8627339069647936E+000
 0174  0.8631004778233546E+000
 0175  0.8635103888887651E+000
 0176  0.8639786791708466E+000
 0177  0.8650505042908844E+000
 0178  0.8656535925359535E+000
 0179  0.8663158693757508E+000
 0180  0.8670375439183202E+000
 0181  0.8679314162559756E+000
 0182  0.8688796407380059E+000
 0183  0.8698802962477739E+000
 0184  0.8709316063337513E+000
 0185  0.8720316147670253E+000
 0186  0.8742854347541041E+000
 0187  0.8754437622509409E+000
 0188  0.8767621948778770E+000
 0189  0.8781097670104622E+000
 0190  0.8794842743302864E+000
 0191  0.8808835135204067E+000
 0192  0.8823052922218448E+000
 0193  0.8837525819991678E+000
 0194  0.8867101973790478E+000
 0195  0.8882065699142302E+000
 0196  0.8897098039576787E+000
 0197  0.8912217940671859E+000
 0198  0.8927403312813037E+000
 0199  0.8942633768634294E+000
 0200  0.8957889982079642E+000
 0201  0.8973993668227910E+000
 0202  0.9004905009656087E+000
 0203  0.9019753781934811E+000
 0204  0.9034534183263095E+000
 0205  0.9049234850085676E+000
 0206  0.9063845118876002E+000
 0207  0.9079044637700916E+000
 0208  0.9094060596585475E+000
 0209  0.9122659505445460E+000
 0210  0.9136306164373683E+000
 0211  0.9149821348279110E+000
 0212  0.9163720195816364E+000
 0213  0.9177407163415501E+000
 0214  0.9190892522508803E+000
 0215  0.9204174463899780E+000
 0216  0.9229397591365441E+000
 0217  0.9241796907017492E+000
 0218  0.9253990691375239E+000
 0219  0.9265979422431432E+000
 0220  0.9277763756251804E+000
 0221  0.9289351013210594E+000
 0222  0.9300741176720881E+000
 0223  0.9322956156635055E+000
 0224  0.9333453652667139E+000
 0225  0.9343764337516525E+000
 0226  0.9353889440238077E+000
 0227  0.9364100417374329E+000
 0228  0.9374100846037408E+000
 0229  0.9392991218614438E+000
 0230  0.9401923149570373E+000
 0231  0.9410905469747562E+000
 0232  0.9419701270875088E+000
 0233  0.9428316466705677E+000
 0234  0.9436753998556657E+000
 0235  0.9452882391593238E+000
 0236  0.9460587297398956E+000
 0237  0.9468134292313578E+000
 0238  0.9475526135295188E+000
 0239  0.9482916040379469E+000
 0240  0.9490141809553378E+000
 0241  0.9503792902874266E+000
 0242  0.9510245031923811E+000
 0243  0.9516689052656805E+000
 0244  0.9522993880426457E+000
 0245  0.9529162417149013E+000
 0246  0.9540936209434855E+000
 0247  0.9546553687545074E+000
 0248  0.9552053390276459E+000
 0249  0.9557437667971475E+000
 0250  0.9562796886473528E+000
 0251  0.9572938056199704E+000
 0252  0.9577739040766403E+000
 0253  0.9582515477783285E+000
 0254  0.9587189638126031E+000
 0255  0.9591763733804102E+000
 0256  0.9600498289882820E+000
 0257  0.9604668012740000E+000
 0258  0.9608751429286876E+000
 0259  0.9612750720847866E+000
 0260  0.9620448416919430E+000
 0261  0.9624100605928049E+000
 0262  0.9627726635536235E+000
 0263  0.9631277137884225E+000
 0264  0.9634754015130489E+000
 0265  0.9641440802892953E+000
 0266  0.9644615674373797E+000
 0267  0.9647726991969671E+000
 0268  0.9650812061091546E+000
 0269  0.9656678977080259E+000
 0270  0.9659500986221573E+000
 0271  0.9662266628885519E+000
 0272  0.9664977229826582E+000
 0273  0.9670194993429014E+000
 0274  0.9672678793310993E+000
 0275  0.9675139875552062E+000
 0276  0.9677552323615257E+000
 0277  0.9682173945304804E+000
 0278  0.9684387542304231E+000
 0279  0.9686559002157143E+000
 0280  0.9688709274000530E+000
 0281  0.9692830698654510E+000
 0282  0.9694805734400623E+000
 0283  0.9696743660007306E+000
 0284  0.9698661838513741E+000
 0285  0.9702325705429017E+000
 0286  0.9704090564943249E+000
 0287  0.9705822764747860E+000
 0288  0.9709162537034823E+000
 0289  0.9710759248554667E+000
 0290  0.9712339756473204E+000
 0291  0.9715376893378574E+000
 0292  0.9716836091725993E+000
 0293  0.9718280110890292E+000
 0294  0.9719698359024269E+000
 0295  0.9722425578659440E+000
 0296  0.9723736804312649E+000
 0297  0.9725034290321749E+000
 0298  0.9727530937242288E+000
 0299  0.9728732091823590E+000
 0300  0.9729920537023530E+000
 0301  0.9732208972308182E+000
 0302  0.9733310720912445E+000
 0303  0.9734400780041532E+000
 0304  0.9736501229946035E+000
 0305  0.9737513173375336E+000
 0306  0.9738514382171176E+000
 0307  0.9740444955205173E+000
 0308  0.9741375700860635E+000
 0309  0.9742296615518123E+000
 0310  0.9744073610259862E+000
 0311  0.9744935319970799E+000
 0312  0.9746599130898710E+000
 0313  0.9747402331664621E+000
 0314  0.9748197138701906E+000
 0315  0.9749736405287582E+000
 0316  0.9750481570594635E+000
 0317  0.9751215479549091E+000
 0318  0.9752640714900616E+000
 0319  0.9753329472591084E+000
 0320  0.9754667581186822E+000
 0321  0.9755314642421528E+000
 0322  0.9755954990036358E+000
 0323  0.9757196785452270E+000
 0324  0.9757798775596566E+000
 0325  0.9758968970664713E+000
 0326  0.9759535425619386E+000
 0327  0.9760637041831054E+000
 0328  0.9761172523648338E+000
 0329  0.9761700629054790E+000
 0330  0.9762727882131239E+000
 0331  0.9763227336081107E+000
 0332  0.9764199042328164E+000
 0333  0.9764670104924150E+000
 0334  0.9765587009048003E+000
 0335  0.9766033121380159E+000
 0336  0.9766901659407838E+000
 0337  0.9767324343955573E+000
 0338  0.9768147480234022E+000
 0339  0.9768548177378761E+000
 0340  0.9769328686103576E+000
 0341  0.9769708717675933E+000
 0342  0.9770449134857927E+000
 0343  0.9770809730463345E+000
 0344  0.9771512450360678E+000
 0345  0.9771854773996099E+000
 0346  0.9772522058652082E+000
 0347  0.9772847897022412E+000
 0348  0.9773483130111105E+000
 0349  0.9773792706472799E+000
 0350  0.9774397560226903E+000
 0351  0.9774978801164722E+000
 0352  0.9775262467805168E+000
 0353  0.9775816368883572E+000
 0354  0.9776086734346222E+000
 0355  0.9776615173840181E+000
 0356  0.9777123927604919E+000
 0357  0.9777372534048835E+000
 0358  0.9777858229835233E+000
 0359  0.9778095761368574E+000
 0360  0.9778559881426796E+000
 0361  0.9779007682701406E+000
 0362  0.9779226723263619E+000
 0363  0.9779655124105334E+000
 0364  0.9780068628004247E+000
 0365  0.9780271048530970E+000
 0366  0.9780667256130221E+000
 0367  0.9781050032612467E+000
 0368  0.9781237436063395E+000
 0369  0.9781604492661879E+000
 0370  0.9781959388340431E+000
 0371  0.9782302872887015E+000
 0372  0.9782471083150002E+000
 0373  0.9782800991720553E+000
 0374  0.9783120441517675E+000
 0375  0.9783429801324012E+000
 0376  0.9783581475412737E+000
 0377  0.9783879118782617E+000
 0378  0.9784167614012625E+000
 0379  0.9784447393308572E+000
 0380  0.9784718781363315E+000
 0381  0.9784982134362846E+000
 0382  0.9785111451668704E+000
 0383  0.9785365436714226E+000
 0384  0.9785612044528638E+000
 0385  0.9785851582226406E+000
 0386  0.9786084333653199E+000
 0387  0.9786310574818078E+000
 0388  0.9786530532764590E+000
 0389  0.9786744463721037E+000
 0390  0.9786952597604324E+000
 0391  0.9787155108834280E+000
 0392  0.9787351614413442E+000
 0393  0.9787542191233447E+000
 0394  0.9787727082497505E+000
 0395  0.9787906518849737E+000
 0396  0.9788080719152540E+000
 0397  0.9788249891208073E+000
 0398  0.9788414232428464E+000
 0399  0.9788573930458835E+000
 0400  0.9788729163756953E+000
 0401  0.9788880102132910E+000
 0402  0.9789026907251974E+000
 0403  0.9789238962772208E+000
 0404  0.9789375146482135E+000
 0405  0.9789507747842315E+000
 0406  0.9789636895065529E+000
 0407  0.9789823775421601E+000
 0408  0.9789944000198577E+000
 0409  0.9790061210559239E+000
 0410  0.9790231037931205E+000
 0411  0.9790340431111412E+000
 0412  0.9790447180295053E+000
 0413  0.9790602036136196E+000
 0414  0.9790701903075709E+000
 0415  0.9790846897383647E+000
 0416  0.9790940482033256E+000
 0417  0.9791076463749042E+000
 0418  0.9791164300182543E+000
 0419  0.9791292026152965E+000
 0420  0.9791374591208879E+000
 0421  0.9791494738129982E+000
 0422  0.9791610351204009E+000
 0423  0.9791685172696573E+000
 0424  0.9791794173163432E+000
 0425  0.9791899203493013E+000
 0426  0.9792000460384376E+000
 0427  0.9792098128054733E+000
 0428  0.9792192379200617E+000
 0429  0.9792253512125459E+000
 0430  0.9792342763636622E+000
 0431  0.9792456873331243E+000
 0432  0.9792538976693815E+000
 0433  0.9792618382493777E+000
 0434  0.9792695210197745E+000
 0435  0.9792769572489456E+000
 0436  0.9792864898687005E+000
 0437  0.9792933664040868E+000
 0438  0.9793000307873568E+000
 0439  0.9793085866280470E+000
 0440  0.9793147674389797E+000
 0441  0.9793227101843539E+000
 0442  0.9793303175588157E+000
 0443  0.9793376082676020E+000
 0444  0.9793428856885767E+000
 0445  0.9793496805721340E+000
 0446  0.9793577822145020E+000
 0447  0.9793639679503644E+000
 0448  0.9793699126830278E+000
 0449  0.9793756286301032E+000
 0450  0.9793824609028842E+000
 0451  0.9793876900372842E+000
 0452  0.9793939478666029E+000
 0453  0.9793999071791437E+000
 0454  0.9794055861199050E+000
 0455  0.9794110014350322E+000
 0456  0.9794171678535410E+000
 0457  0.9794220470025734E+000
 0458  0.9794276109548468E+000
 0459  0.9794328731676967E+000
 0460  0.9794378538961590E+000
 0461  0.9794433296034315E+000
 0462  0.9794484668417981E+000
 0463  0.9794532910255689E+000
 0464  0.9794578252020799E+000
 0465  0.9794626758235586E+000
 0466  0.9794671978821445E+000
 0467  0.9794719226837565E+000
 0468  0.9794762941016578E+000
 0469  0.9794807720773963E+000
 0470  0.9794852764956742E+000
 0471  0.9794897348929681E+000
 0472  0.9794937671351344E+000
 0473  0.9794979908329359E+000
 0474  0.9795020064745052E+000
 0475  0.9795062172286714E+000
 0476  0.9795100420120003E+000
 0477  0.9795141069414254E+000
 0478  0.9795179604409964E+000
 0479  0.9795217163082758E+000
 0480  0.9795249162544846E+000
 0481  0.9795249162544846E+000
 0482  0.9795249162544846E+000
 0483  0.9795249162544846E+000
 0484  0.9795249162544846E+000
 0485  0.9795249162544846E+000
 0486  0.9795249162544846E+000
 0487  0.9795249162544846E+000
 0488  0.9795249162544846E+000
 0489  0.9795249162544846E+000
 0490  0.9795249162544846E+000
 0491  0.9795249162544846E+000
 0492  0.9795249162544846E+000
 0493  0.9795249162544846E+000
 0494  0.9795249162544846E+000
 0495  0.9795249162544846E+000
 0496  0.9795249162544846E+000
 0497  0.9795249162544846E+000
 0498  0.9795249162544846E+000
 0499  0.9795249162544846E+000
 0500  0.9795249162544846E+000
 0501  0.9795249162544846E+000
 0502  0.9795249162544846E+000
 0503  0.9795249162544846E+000
 0504  0.9795249162544846E+000
 0505  0.9795249162544846E+000
 0506  0.9795249162544846E+000
 0507  0.9795249162544846E+000
 0508  0.9795249162544846E+000
 0509  0.9795249162544846E+000
 0510  0.9795249162544846E+000
 0511  0.9795249162544846E+000
 0512  0.9795249162544846E+000
 0513  0.9795249162544846E+000
 0514  0.9795249162544846E+000
 0515  0.9795249162544846E+000
 0516  0.9795249162544846E+000
 0517  0.9795249162544846E+000
 0518  0.9795249162544846E+000
 0519  0.9795249162544846E+000
 0520  0.9795249162544846E+000
 0521  0.9795249162544846E+000
 0522  0.9795249162544846E+000
 0523  0.9795249162544846E+000
 0524  0.9795249162544846E+000
 0525  0.9795249162544846E+000
 0526  0.9795249162544846E+000
 0527  0.9795249162544846E+000
 0528  0.9795249162544846E+000
 0529  0.9795249162544846E+000
 0530  0.9795249162544846E+000
 0531  0.9795249162544846E+000
 0532  0.9795249162544846E+000
 0533  0.9795249162544846E+000
 0534  0.9795249162544846E+000
 0535  0.9795249162544846E+000
 0536  0.9795249162544846E+000
 0537  0.9795249162544846E+000
 0538  0.9795249162544846E+000
 0539  0.9795249162544846E+000
 0540  0.9795249162544846E+000
 0541  0.9795249162544846E+000
 0542  0.9795249162544846E+000
 0543  0.9795249162544846E+000
 0544  0.9795249162544846E+000
 0545  0.9795249162544846E+000
 0546  0.9795249162544846E+000
 0547  0.9795249162544846E+000
 0548  0.9795249162544846E+000
 0549  0.9795249162544846E+000
 0550  0.9795249162544846E+000
 0551  0.9795249162544846E+000
 0552  0.9795249162544846E+000
 0553  0.9795249162544846E+000
 0554  0.9795249162544846E+000
 0555  0.9795249162544846E+000
 0556  0.9795249162544846E+000
 0557  0.9795249162544846E+000
 0558  0.9795249162544846E+000
 0559  0.9795249162544846E+000
 0560  0.9795249162544846E+000
 0561  0.9795249162544846E+000
 0562  0.9795249162544846E+000
 0563  0.9795249162544846E+000
 0564  0.9795249162544846E+000
 0565  0.9795249162544846E+000
 0566  0.9795249162544846E+000
 0567  0.9795249162544846E+000
 0568  0.9795249162544846E+000
 0569  0.9795249162544846E+000
 0570  0.9795249162544846E+000
 0571  0.9795249162544846E+000
 0572  0.9795249162544846E+000
 0573  0.9795249162544846E+000
 0574  0.9795249162544846E+000
 0575  0.9795249162544846E+000
 0576  0.9795249162544846E+000
 0577  0.9795249162544846E+000
 0578  0.9795249162544846E+000
 0579  0.9795249162544846E+000
 0580  0.9795249162544846E+000
 0581  0.9795249162544846E+000
 0582  0.9795249162544846E+000
 0583  0.9795249162544846E+000
 0584  0.9795249162544846E+000
 0585  0.9795249162544846E+000
 0586  0.9795249162544846E+000
 0587  0.9795249162544846E+000
 0588  0.9795249162544846E+000
 0589  0.9795249162544846E+000
 0590  0.9795249162544846E+000
 0591  0.9795249162544846E+000
 0592  0.9795249162544846E+000
 0593  0.9795249162544846E+000
 0594  0.9795249162544846E+000
 0595  0.9795249162544846E+000
 0596  0.9795249162544846E+000
 0597  0.9795249162544846E+000
 0598  0.9795249162544846E+000
 0599  0.9795249162544846E+000
 0600  0.9795249162544846E+000
 0601  0.9795249162544846E+000
 0602  0.9795249162544846E+000
 0603  0.9795249162544846E+000
 0604  0.9795249162544846E+000
 0605  0.9795249162544846E+000
 0606  0.9795249162544846E+000
 0607  0.9795249162544846E+000
 0608  0.9795249162544846E+000
 0609  0.9795249162544846E+000
 0610  0.9795249162544846E+000
 0611  0.9795249162544846E+000
 0612  0.9795249162544846E+000
 0613  0.9795249162544846E+000
 0614  0.9795249162544846E+000
 0615  0.9795249162544846E+000
 0616  0.9795249162544846E+000
 0617  0.9795249162544846E+000
 0618  0.9795249162544846E+000
 0619  0.9795249162544846E+000
 0620  0.9795249162544846E+000
 0621  0.9795249162544846E+000
 0622  0.9795249162544846E+000
 0623  0.9795249162544846E+000
 0624  0.9795249162544846E+000
 0625  0.9795249162544846E+000
 0626  0.9795249162544846E+000
 0627  0.9795249162544846E+000
 0628  0.9795249162544846E+000
 0629  0.9795249162544846E+000
 0630  0.9795249162544846E+000
 0631  0.9795249162544846E+000
 0632  0.9795249162544846E+000
 0633  0.9795249162544846E+000
 0634  0.9795249162544846E+000
 0635  0.9795249162544846E+000
 0636  0.9795249162544846E+000
 0637  0.9795249162544846E+000
 0638  0.9795249162544846E+000
 0639  0.9795249162544846E+000
 0640  0.9795249162544846E+000
 0641  0.9795249162544846E+000
 0642  0.9795249162544846E+000
 0643  0.9795249162544846E+000
 0644  0.9795249162544846E+000
 0645  0.9795249162544846E+000
 0646  0.9795249162544846E+000
 0647  0.9795249162544846E+000
 0648  0.9795249162544846E+000
 0649  0.9795249162544846E+000
 0650  0.9795249162544846E+000
 0651  0.9795249162544846E+000
 0652  0.9795249162544846E+000
 0653  0.9795249162544846E+000
 0654  0.9795249162544846E+000
 0655  0.9795249162544846E+000
 0656  0.9795249162544846E+000
 0657  0.9795249162544846E+000
 0658  0.9795249162544846E+000
 0659  0.9795249162544846E+000
 0660  0.9795249162544846E+000
 0661  0.9795249162544846E+000
 0662  0.9795249162544846E+000
 0663  0.9795249162544846E+000
 0664  0.9795249162544846E+000
 0665  0.9795249162544846E+000
 0666  0.9795249162544846E+000
 0667  0.9795249162544846E+000
 0668  0.9795249162544846E+000
 0669  0.9795249162544846E+000
 0670  0.9795249162544846E+000
 0671  0.9795249162544846E+000
 0672  0.9795249162544846E+000
 0673  0.9795249162544846E+000
 0674  0.9795249162544846E+000
 0675  0.9795249162544846E+000
 0676  0.9795249162544846E+000
 0677  0.9795249162544846E+000
 0678  0.9795249162544846E+000
 0679  0.9795249162544846E+000
 0680  0.9795249162544846E+000
 0681  0.9795249162544846E+000
 0682  0.9795249162544846E+000
 0683  0.9795249162544846E+000
 0684  0.9795249162544846E+000
 0685  0.9795249162544846E+000
 0686  0.9795249162544846E+000
 0687  0.9795249162544846E+000
 0688  0.9795249162544846E+000
 0689  0.9795249162544846E+000
 0690  0.9795249162544846E+000
 0691  0.9795249162544846E+000
 0692  0.9795249162544846E+000
 0693  0.9795249162544846E+000
 0694  0.9795249162544846E+000
 0695  0.9795249162544846E+000
 0696  0.9795249162544846E+000
 0697  0.9795249162544846E+000
 0698  0.9795249162544846E+000
 0699  0.9795249162544846E+000
 0700  0.9795249162544846E+000
 0701  0.9795249162544846E+000
 0702  0.9795249162544846E+000
 0703  0.9795249162544846E+000
 0704  0.9795249162544846E+000
 0705  0.9795249162544846E+000
 0706  0.9795249162544846E+000
 0707  0.9795249162544846E+000
 0708  0.9795249162544846E+000
 0709  0.9795249162544846E+000
 0710  0.9795249162544846E+000
 0711  0.9795249162544846E+000
 0712  0.9795249162544846E+000
 0713  0.9795249162544846E+000
 0714  0.9795249162544846E+000
 0715  0.9795249162544846E+000
 0716  0.9795249162544846E+000
 0717  0.9795249162544846E+000
 0718  0.9795249162544846E+000
 0719  0.9795249162544846E+000
 0720  0.9795249162544846E+000
 0721  0.9795249162544846E+000
 0722  0.9795249162544846E+000
 0723  0.9795249162544846E+000
 0724  0.9795249162544846E+000
 0725  0.9795249162544846E+000
 0726  0.9795249162544846E+000
 0727  0.9795249162544846E+000
 0728  0.9795249162544846E+000
 0729  0.9795249162544846E+000
 0730  0.9795249162544846E+000
 0731  0.9795249162544846E+000
 0732  0.9795249162544846E+000
 0733  0.9795249162544846E+000
 0734  0.9795249162544846E+000
 0735  0.9795249162544846E+000
 0736  0.9795249162544846E+000
 0737  0.9795249162544846E+000
 0738  0.9795249162544846E+000
 0739  0.9795249162544846E+000
 0740  0.9795249162544846E+000
 0741  0.9795249162544846E+000
 0742  0.9795249162544846E+000
 0743  0.9795249162544846E+000
 0744  0.9795249162544846E+000
 0745  0.9795249162544846E+000
 0746  0.9795249162544846E+000
 0747  0.9795249162544846E+000
 0748  0.9795249162544846E+000
 0749  0.9795249162544846E+000
 0750  0.9795249162544846E+000
 0751  0.9795249162544846E+000
 0752  0.9795249162544846E+000
 0753  0.9795249162544846E+000
 0754  0.9795249162544846E+000
 0755  0.9795249162544846E+000
 0756  0.9795249162544846E+000
 0757  0.9795249162544846E+000
 0758  0.9795249162544846E+000
 0759  0.9795249162544846E+000
 0760  0.9795249162544846E+000
 0761  0.9795249162544846E+000
 0762  0.9795249162544846E+000
 0763  0.9795249162544846E+000
 0764  0.9795249162544846E+000
 0765  0.9795249162544846E+000
 0766  0.9795249162544846E+000
 0767  0.9795249162544846E+000
 0768  0.9795249162544846E+000
 0769  0.9795249162544846E+000
 0770  0.9795249162544846E+000
 0771  0.9795249162544846E+000
 0772  0.9795249162544846E+000
 0773  0.9795249162544846E+000
 0774  0.9795249162544846E+000
 0775  0.9795249162544846E+000
 0776  0.9795249162544846E+000
 0777  0.9795249162544846E+000
 0778  0.9795249162544846E+000
 0779  0.9795249162544846E+000
 0780  0.9795249162544846E+000
 0781  0.9795249162544846E+000
 0782  0.9795249162544846E+000
 0783  0.9795249162544846E+000
 0784  0.9795249162544846E+000
 0785  0.9795249162544846E+000
 0786  0.9795249162544846E+000
 0787  0.9795249162544846E+000
 0788  0.9795249162544846E+000
 0789  0.9795249162544846E+000
 0790  0.9795249162544846E+000
 0791  0.9795249162544846E+000
 0792  0.9795249162544846E+000
 0793  0.9795249162544846E+000
 0794  0.9795249162544846E+000
 0795  0.9795249162544846E+000
 0796  0.9795249162544846E+000
 0797  0.9795249162544846E+000
 0798  0.9795249162544846E+000
 0799  0.9795249162544846E+000
 0800  0.9795249162544846E+000
 0801  0.9795249162544846E+000
 0802  0.9795249162544846E+000
 0803  0.9795249162544846E+000
 0804  0.9795249162544846E+000
 0805  0.9795249162544846E+000
 0806  0.9795249162544846E+000
 0807  0.9795249162544846E+000
 0808  0.9795249162544846E+000
 0809  0.9795249162544846E+000
 0810  0.9795249162544846E+000
 0811  0.9795249162544846E+000
 0812  0.9795249162544846E+000
 0813  0.9795249162544846E+000
 0814  0.9795249162544846E+000
 0815  0.9795249162544846E+000
 0816  0.9795249162544846E+000
 0817  0.9795249162544846E+000
 0818  0.9795249162544846E+000
 0819  0.9795249162544846E+000
 0820  0.9795249162544846E+000
 0821  0.9795249162544846E+000
 0822  0.9795249162544846E+000
 0823  0.9795249162544846E+000
 0824  0.9795249162544846E+000
 0825  0.9795249162544846E+000
 0826  0.9795249162544846E+000
 0827  0.9795249162544846E+000
 0828  0.9795249162544846E+000
 0829  0.9795249162544846E+000
 0830  0.9795249162544846E+000
 0831  0.9795249162544846E+000
 0832  0.9795249162544846E+000
 0833  0.9795249162544846E+000
 0834  0.9795249162544846E+000
 0835  0.9795249162544846E+000
 0836  0.9795249162544846E+000
 0837  0.9795249162544846E+000
 0838  0.9795249162544846E+000
 0839  0.9795249162544846E+000
 0840  0.9795249162544846E+000
 0841  0.9795249162544846E+000
 0842  0.9795249162544846E+000
 0843  0.9795249162544846E+000
 0844  0.9795249162544846E+000
 0845  0.9795249162544846E+000
 0846  0.9795249162544846E+000
 0847  0.9795249162544846E+000
 0848  0.9795249162544846E+000
 0849  0.9795249162544846E+000
 0850  0.9795249162544846E+000
 0851  0.9795249162544846E+000
 0852  0.9795249162544846E+000
 0853  0.9795249162544846E+000
 0854  0.9795249162544846E+000
 0855  0.9795249162544846E+000
 0856  0.9795249162544846E+000
 0857  0.9795249162544846E+000
 0858  0.9795249162544846E+000
 0859  0.9795249162544846E+000
 0860  0.9795249162544846E+000
 0861  0.9795249162544846E+000
 0862  0.9795249162544846E+000
 0863  0.9795249162544846E+000
 0864  0.9795249162544846E+000
 0865  0.9795249162544846E+000
 0866  0.9795249162544846E+000
 0867  0.9795249162544846E+000
 0868  0.9795249162544846E+000
 0869  0.9795249162544846E+000
 0870  0.9795249162544846E+000
 0871  0.9795249162544846E+000
 0872  0.9795249162544846E+000
 0873  0.9795249162544846E+000
 0874  0.9795249162544846E+000
 0875  0.9795249162544846E+000
 0876  0.9795249162544846E+000
 0877  0.9795249162544846E+000
 0878  0.9795249162544846E+000
 0879  0.9795249162544846E+000
 0880  0.9795249162544846E+000
 0881  0.9795249162544846E+000
 0882  0.9795249162544846E+000
 0883  0.9795249162544846E+000
 0884  0.9795249162544846E+000
 0885  0.9795249162544846E+000
 0886  0.9795249162544846E+000
 0887  0.9795249162544846E+000
 0888  0.9795249162544846E+000
 0889  0.9795249162544846E+000
 0890  0.9795249162544846E+000
 0891  0.9795249162544846E+000
 0892  0.9795249162544846E+000
 0893  0.9795249162544846E+000
 0894  0.9795249162544846E+000
 0895  0.9795249162544846E+000
 0896  0.9795249162544846E+000
 0897  0.9795249162544846E+000
 0898  0.9795249162544846E+000
 0899  0.9795249162544846E+000
 0900  0.9795249162544846E+000
 0901  0.9795249162544846E+000
 0902  0.9795249162544846E+000
 0903  0.9795249162544846E+000
 0904  0.9795249162544846E+000
 0905  0.9795249162544846E+000
 0906  0.9795249162544846E+000
 0907  0.9795249162544846E+000
 0908  0.9795249162544846E+000
 0909  0.9795249162544846E+000
 0910  0.9795249162544846E+000
 0911  0.9795249162544846E+000
 0912  0.9795249162544846E+000
 0913  0.9795249162544846E+000
 0914  0.9795249162544846E+000
 0915  0.9795249162544846E+000
 0916  0.9795249162544846E+000
 0917  0.9795249162544846E+000
 0918  0.9795249162544846E+000
 0919  0.9795249162544846E+000
 0920  0.9795249162544846E+000
 0921  0.9795249162544846E+000
 0922  0.9795249162544846E+000
 0923  0.9795249162544846E+000
 0924  0.9795249162544846E+000
 0925  0.9795249162544846E+000
 0926  0.9795249162544846E+000
 0927  0.9795249162544846E+000
 0928  0.9795249162544846E+000
 0929  0.9795249162544846E+000
 0930  0.9795249162544846E+000
 0931  0.9795249162544846E+000
 0932  0.9795249162544846E+000
 0933  0.9795249162544846E+000
 0934  0.9795249162544846E+000
 0935  0.9795249162544846E+000
 0936  0.9795249162544846E+000
 0937  0.9795249162544846E+000
 0938  0.9795249162544846E+000
 0939  0.9795249162544846E+000
 0940  0.9795249162544846E+000
 0941  0.9795249162544846E+000
 0942  0.9795249162544846E+000
 0943  0.9795249162544846E+000
 0944  0.9795249162544846E+000
 0945  0.9795249162544846E+000
 0946  0.9795249162544846E+000
 0947  0.9795249162544846E+000
 0948  0.9795249162544846E+000
 0949  0.9795249162544846E+000
 0950  0.9795249162544846E+000
 0951  0.9795249162544846E+000
 0952  0.9795249162544846E+000
 0953  0.9795249162544846E+000
 0954  0.9795249162544846E+000
 0955  0.9795249162544846E+000
 0956  0.9795249162544846E+000
 0957  0.9795249162544846E+000
 0958  0.9795249162544846E+000
 0959  0.9795249162544846E+000
 0960  0.9795249162544846E+000
 0961  0.9795249162544846E+000
 0962  0.9795249162544846E+000
 0963  0.9795249162544846E+000
 0964  0.9795249162544846E+000
 0965  0.9795249162544846E+000
 0966  0.9795249162544846E+000
 0967  0.9795249162544846E+000
 0968  0.9795249162544846E+000
 0969  0.9795249162544846E+000
 0970  0.9795249162544846E+000
 0971  0.9795249162544846E+000
 0972  0.9795249162544846E+000
 0973  0.9795249162544846E+000
 0974  0.9795249162544846E+000
 0975  0.9795249162544846E+000
 0976  0.9795249162544846E+000
 0977  0.9795249162544846E+000
 0978  0.9795249162544846E+000
 0979  0.9795249162544846E+000
 0980  0.9795249162544846E+000
 0981  0.9795249162544846E+000
 0982  0.9795249162544846E+000
 0983  0.9795249162544846E+000
 0984  0.9795249162544846E+000
 0985  0.9795249162544846E+000
 0986  0.9795249162544846E+000
 0987  0.9795249162544846E+000
 0988  0.9795249162544846E+000
 0989  0.9795249162544846E+000
 0990  0.9795249162544846E+000
 0991  0.9795249162544846E+000
 0992  0.9795249162544846E+000
 0993  0.9795249162544846E+000
 0994  0.9795249162544846E+000
 0995  0.9795249162544846E+000
 0996  0.9795249162544846E+000
 0997  0.9795249162544846E+000
 0998  0.9795249162544846E+000
 0999  0.9795249162544846E+000
 1000  0.9795249162544846E+000
