  0.0000000000E+000 0000
  0.1702290371E+004 0255
  0.3404248001E+004 0256
  0.5105368114E+004 0256
  0.6806586830E+004 0256
  0.8507893788E+004 0257
  0.1021629222E+005 0257
  0.1191791439E+005 0257
  0.1363328831E+005 0257
  0.1533928022E+005 0258
  0.1704435963E+005 0258
  0.1874714462E+005 0258
  0.2044000755E+005 0258
  0.2216593501E+005 0258
  0.2388856242E+005 0258
  0.2558811898E+005 0259
  0.2727276267E+005 0259
  0.2903187537E+005 0259
  0.3075888125E+005 0259
  0.3240709527E+005 0260
  0.3411709527E+005 0260
  0.3582709527E+005 0260
  0.3753709527E+005 0260
  0.3924709527E+005 0261
  0.4095709527E+005 0261
  0.4266709527E+005 0261
  0.4437709527E+005 0261
  0.4608709527E+005 0261
  0.4770209527E+005 0262
  0.4941209527E+005 0262
  0.5112209527E+005 0262
  0.5283209527E+005 0262
  0.5454209527E+005 0263
  0.5625209527E+005 0263
  0.5796209527E+005 0263
  0.5967209527E+005 0263
  0.6131005992E+005 0264
  0.6308526932E+005 0264
  0.6470026932E+005 0264
  0.6641026932E+005 0264
  0.6812026932E+005 0265
  0.6983026932E+005 0265
  0.7154026932E+005 0265
  0.7325026932E+005 0265
  0.7496026932E+005 0266
  0.7667026932E+005 0266
  0.7838026932E+005 0266
  0.7999526932E+005 0266
  0.8170526932E+005 0267
  0.8341526932E+005 0267
  0.8512526932E+005 0267
  0.8683526932E+005 0268
  0.8854526932E+005 0268
  0.9025526932E+005 0268
  0.9196526932E+005 0268
  0.9364953781E+005 0269
  0.9529515975E+005 0269
  0.9697102116E+005 0269
  0.9868049188E+005 0270
  0.1003496668E+006 0270
  0.1020279537E+006 0270
  0.1037331807E+006 0270
  0.1054210469E+006 0271
  0.1071136564E+006 0271
  0.1088079461E+006 0271
  0.1105031653E+006 0272
  0.1122017510E+006 0272
  0.1139023160E+006 0272
  0.1156019574E+006 0272
  0.1173017333E+006 0273
  0.1190028681E+006 0273
  0.1207021841E+006 0273
  0.1224020278E+006 0274
  0.1241018138E+006 0274
  0.1258023021E+006 0274
  0.1275024092E+006 0274
  0.1292022394E+006 0275
  0.1309019431E+006 0275
  0.1326025184E+006 0275
  0.1343016295E+006 0275
  0.1360019942E+006 0276
  0.1377017609E+006 0276
  0.1394025010E+006 0276
  0.1411014981E+006 0276
  0.1428019473E+006 0276
  0.1445023358E+006 0277
  0.1462017116E+006 0277
  0.1479025693E+006 0277
  0.1496018191E+006 0277
  0.1513015294E+006 0278
  0.1530016622E+006 0278
  0.1547018472E+006 0278
  0.1564014130E+006 0278
  0.1581014255E+006 0278
  0.1598020808E+006 0278
  0.1615017267E+006 0279
  0.1632016666E+006 0279
  0.1649019110E+006 0279
  0.1666018418E+006 0279
  0.1683021148E+006 0279
  0.1700017657E+006 0280
  0.1717016950E+006 0280
  0.1734013067E+006 0280
  0.1751019071E+006 0280
  0.1768017644E+006 0280
  0.1785016802E+006 0280
  0.1802016203E+006 0280
  0.1819012004E+006 0281
  0.1836019783E+006 0281
  0.1853016202E+006 0281
  0.1870011627E+006 0281
  0.1887010896E+006 0281
  0.1904016697E+006 0281
  0.1921017624E+006 0282
  0.1938013541E+006 0282
  0.1955012947E+006 0282
  0.1972017075E+006 0282
  0.1989010436E+006 0282
  0.2006017301E+006 0282
  0.2023018961E+006 0282
  0.2040010775E+006 0282
  0.2057013156E+006 0283
  0.2074010683E+006 0283
  0.2091014465E+006 0283
  0.2108017352E+006 0283
  0.2125011926E+006 0283
  0.2142019155E+006 0283
  0.2159012653E+006 0283
  0.2176012799E+006 0283
  0.2193012670E+006 0284
  0.2210013320E+006 0284
  0.2227016942E+006 0284
  0.2244015491E+006 0284
  0.2261010565E+006 0284
  0.2278013954E+006 0284
  0.2295017396E+006 0284
  0.2312013612E+006 0284
  0.2329013666E+006 0284
  0.2346010196E+006 0285
  0.2363014500E+006 0285
  0.2380019064E+006 0285
  0.2397016389E+006 0285
  0.2414018034E+006 0285
  0.2431016983E+006 0285
  0.2448015917E+006 0285
  0.2465017714E+006 0285
  0.2482015687E+006 0285
  0.2499012930E+006 0286
  0.2516012522E+006 0286
  0.2533017772E+006 0286
  0.2550012988E+006 0286
  0.2567011264E+006 0286
  0.2584016354E+006 0286
  0.2601013081E+006 0286
  0.2618015248E+006 0286
  0.2635018048E+006 0286
  0.2652017847E+006 0287
  0.2669012434E+006 0287
  0.2686011652E+006 0287
  0.2703019405E+006 0287
  0.2720016024E+006 0287
  0.2737016127E+006 0287
  0.2754019891E+006 0287
  0.2771011432E+006 0287
  0.2788016101E+006 0287
  0.2805016802E+006 0287
  0.2822020727E+006 0288
  0.2839016118E+006 0288
  0.2856019904E+006 0288
  0.2873017433E+006 0288
  0.2890016493E+006 0288
  0.2907012232E+006 0288
  0.2924013489E+006 0288
  0.2941023430E+006 0288
  0.2958017173E+006 0288
  0.2975022168E+006 0289
  0.2992020795E+006 0289
  0.3009012706E+006 0289
  0.3026011636E+006 0289
  0.3043021906E+006 0289
  0.3060017671E+006 0289
  0.3077013438E+006 0289
  0.3094011711E+006 0289
  0.3111021917E+006 0289
  0.3128014331E+006 0290
  0.3145015018E+006 0290
  0.3162017002E+006 0290
  0.3179019847E+006 0290
  0.3196017517E+006 0290
  0.3213015127E+006 0290
  0.3230016190E+006 0290
  0.3247022442E+006 0290
  0.3264018226E+006 0291
  0.3281013032E+006 0291
  0.3298017752E+006 0291
  0.3315019267E+006 0291
  0.3332023632E+006 0291
  0.3349022472E+006 0291
  0.3366021628E+006 0291
  0.3383012583E+006 0291
  0.3400016506E+006 0292
  0.3417018394E+006 0292
  0.3434017015E+006 0292
  0.3451012755E+006 0292
  0.3468013766E+006 0292
  0.3485021384E+006 0292
  0.3502018810E+006 0292
  0.3519023716E+006 0293
  0.3536012676E+006 0293
  0.3553012429E+006 0293
  0.3570022595E+006 0293
  0.3587019827E+006 0293
  0.3604016884E+006 0293
  0.3621015636E+006 0293
  0.3638014264E+006 0294
  0.3655022479E+006 0294
  0.3672015342E+006 0294
  0.3689022235E+006 0294
  0.3706022649E+006 0294
  0.3723020479E+006 0294
  0.3740018305E+006 0294
  0.3757023457E+006 0295
  0.3774018156E+006 0295
  0.3791012026E+006 0295
  0.3808014285E+006 0295
  0.3825019188E+006 0295
  0.3842018235E+006 0295
  0.3859016025E+006 0295
  0.3876013648E+006 0296
  0.3893020123E+006 0296
  0.3910013688E+006 0296
  0.3927015777E+006 0296
  0.3944022689E+006 0296
  0.3961012172E+006 0296
  0.3978015219E+006 0296
  0.3995014485E+006 0297
  0.4012021961E+006 0297
  0.4029011538E+006 0297
  0.4046019225E+006 0297
  0.4063021692E+006 0297
  0.4080011516E+006 0297
  0.4097018432E+006 0297
  0.4114018333E+006 0298
  0.4131020004E+006 0298
  0.4148019661E+006 0298
  0.4165018378E+006 0298
  0.4182011837E+006 0298
  0.4199020949E+006 0298
  0.4216013985E+006 0298
  0.4233015391E+006 0299
  0.4250016235E+006 0299
  0.4267019803E+006 0299
  0.4284013177E+006 0299
  0.4301020043E+006 0299
  0.4318010737E+006 0299
  0.4335017712E+006 0299
  0.4352020526E+006 0300
  0.4369017153E+006 0300
  0.4386012960E+006 0300
  0.4403011062E+006 0300
  0.4420014337E+006 0300
  0.4437019400E+006 0300
  0.4454013628E+006 0300
  0.4471013114E+006 0301
  0.4488011853E+006 0301
  0.4505013227E+006 0301
  0.4522019498E+006 0301
  0.4539012036E+006 0301
  0.4556015196E+006 0301
  0.4573011326E+006 0301
  0.4590012250E+006 0301
  0.4607014764E+006 0302
  0.4624013924E+006 0302
  0.4641014377E+006 0302
  0.4658017163E+006 0302
  0.4675011432E+006 0302
  0.4692011782E+006 0302
  0.4709018206E+006 0302
  0.4726016032E+006 0303
  0.4743011562E+006 0303
  0.4760013074E+006 0303
  0.4777015066E+006 0303
  0.4794013147E+006 0303
  0.4811019418E+006 0303
  0.4828011645E+006 0303
  0.4845013458E+006 0303
  0.4862017346E+006 0304
  0.4879013874E+006 0304
  0.4896017546E+006 0304
  0.4913010901E+006 0304
  0.4930019682E+006 0304
  0.4947013591E+006 0304
  0.4964017879E+006 0304
  0.4981016132E+006 0304
  0.4998015731E+006 0305
  0.5015016120E+006 0305
  0.5032019586E+006 0305
  0.5049019440E+006 0305
  0.5066014720E+006 0305
  0.5083023636E+006 0305
  0.5100019049E+006 0305
  0.5117022675E+006 0305
  0.5134017061E+006 0306
  0.5151023996E+006 0306
  0.5168023065E+006 0306
  0.5185018314E+006 0306
  0.5202022874E+006 0306
  0.5219023595E+006 0306
  0.5236024755E+006 0306
  0.5253024034E+006 0306
  0.5270023307E+006 0306
  0.5287016316E+006 0307
  0.5304012514E+006 0307
  0.5321023409E+006 0307
  0.5338019416E+006 0307
  0.5355018090E+006 0307
  0.5372017522E+006 0307
  0.5389014828E+006 0307
  0.5406015519E+006 0307
  0.5423023599E+006 0307
  0.5440019735E+006 0308
  0.5457016024E+006 0308
  0.5474013460E+006 0308
  0.5491024655E+006 0308
  0.5508015765E+006 0308
  0.5525018844E+006 0308
  0.5542022716E+006 0308
  0.5559019498E+006 0308
  0.5576013964E+006 0308
  0.5593019412E+006 0309
  0.5610020599E+006 0309
  0.5627014387E+006 0309
  0.5644021049E+006 0309
  0.5661017449E+006 0309
  0.5678012941E+006 0309
  0.5695020412E+006 0309
  0.5712013711E+006 0309
  0.5729013203E+006 0309
  0.5746017044E+006 0310
  0.5763015316E+006 0310
  0.5780017133E+006 0310
  0.5797016872E+006 0310
  0.5814019905E+006 0310
  0.5831016165E+006 0310
  0.5848014003E+006 0310
  0.5865013836E+006 0310
  0.5882021252E+006 0310
  0.5899017020E+006 0311
  0.5916021638E+006 0311
  0.5933017682E+006 0311
  0.5950015582E+006 0311
  0.5967020385E+006 0311
  0.5984018586E+006 0311
  0.6001016854E+006 0311
  0.6018015809E+006 0312
  0.6035017049E+006 0312
  0.6052012055E+006 0312
  0.6069014153E+006 0312
  0.6086021976E+006 0312
  0.6103011770E+006 0313
  0.6120016401E+006 0313
  0.6137017472E+006 0313
  0.6154019061E+006 0313
  0.6171022190E+006 0313
  0.6188012808E+006 0314
  0.6205019545E+006 0314
  0.6222018386E+006 0314
  0.6239015608E+006 0315
  0.6256016478E+006 0315
  0.6273016229E+006 0315
  0.6290021132E+006 0316
  0.6307020443E+006 0316
  0.6324012620E+006 0316
  0.6341020336E+006 0317
  0.6358010607E+006 0317
  0.6375012646E+006 0317
  0.6392016631E+006 0318
  0.6409012457E+006 0318
  0.6426011167E+006 0318
  0.6443019907E+006 0319
  0.6460010528E+006 0319
  0.6477013796E+006 0320
  0.6494018322E+006 0320
  0.6511012476E+006 0321
  0.6528017516E+006 0321
  0.6545013458E+006 0321
  0.6562011938E+006 0322
  0.6579017707E+006 0322
  0.6596009870E+006 0323
  0.6613015509E+006 0323
  0.6630014063E+006 0324
  0.6647014611E+006 0324
  0.6664015718E+006 0325
  0.6681013876E+006 0325
  0.6698013165E+006 0326
  0.6715011383E+006 0326
  0.6732008627E+006 0327
  0.6749008757E+006 0327
  0.6766011564E+006 0328
  0.6783015188E+006 0328
  0.6800014278E+006 0329
  0.6817009623E+006 0329
  0.6834011056E+006 0330
  0.6851012498E+006 0330
  0.6868013561E+006 0331
  0.6885011209E+006 0331
  0.6902011313E+006 0332
  0.6919010474E+006 0332
  0.6936009340E+006 0333
  0.6953008897E+006 0333
  0.6970009107E+006 0334
  0.6987012211E+006 0334
  0.7004006828E+006 0335
  0.7021007619E+006 0335
  0.7038009206E+006 0336
  0.7055010561E+006 0336
  0.7072006684E+006 0337
  0.7089009509E+006 0337
  0.7106008051E+006 0338
  0.7123008629E+006 0338
  0.7140012431E+006 0339
  0.7157008646E+006 0339
  0.7174008020E+006 0340
  0.7191008255E+006 0340
  0.7208012143E+006 0341
  0.7225007801E+006 0342
  0.7242010774E+006 0342
  0.7259012108E+006 0343
  0.7276009965E+006 0343
  0.7293011737E+006 0344
  0.7310008392E+006 0344
  0.7327010501E+006 0345
  0.7344008964E+006 0345
  0.7361008618E+006 0346
  0.7378011061E+006 0346
  0.7395008288E+006 0347
  0.7412011385E+006 0347
  0.7429011010E+006 0348
  0.7446006897E+006 0348
  0.7463006207E+006 0349
  0.7480009079E+006 0350
  0.7497009369E+006 0350
  0.7514007369E+006 0351
  0.7531008192E+006 0351
  0.7548007212E+006 0352
  0.7565012686E+006 0352
  0.7582010938E+006 0353
  0.7599011140E+006 0353
  0.7616012693E+006 0354
  0.7633011778E+006 0354
  0.7650011901E+006 0355
  0.7667011734E+006 0355
  0.7684009450E+006 0356
  0.7701009728E+006 0356
  0.7718006742E+006 0357
  0.7735008232E+006 0358
  0.7752007673E+006 0358
  0.7769006563E+006 0359
  0.7786008347E+006 0359
  0.7803010860E+006 0360
  0.7820012171E+006 0360
  0.7837006836E+006 0361
  0.7854008141E+006 0361
  0.7871009282E+006 0362
  0.7888006641E+006 0362
  0.7905011117E+006 0363
  0.7922009728E+006 0363
  0.7939007864E+006 0364
  0.7956010113E+006 0364
  0.7973008026E+006 0365
  0.7990005529E+006 0365
  0.8007008250E+006 0366
  0.8024009348E+006 0366
  0.8041008479E+006 0367
  0.8058006259E+006 0367
  0.8075005828E+006 0368
  0.8092006985E+006 0368
  0.8109006174E+006 0369
  0.8126008008E+006 0369
  0.8143008591E+006 0370
  0.8160009836E+006 0370
  0.8177008628E+006 0371
  0.8194010447E+006 0372
  0.8211011178E+006 0372
  0.8228009528E+006 0373
  0.8245007930E+006 0373
  0.8262006072E+006 0374
  0.8279007879E+006 0374
  0.8296010516E+006 0374
  0.8313008228E+006 0375
  0.8330007201E+006 0375
  0.8347006642E+006 0376
  0.8364008840E+006 0376
  0.8381008949E+006 0377
  0.8398008580E+006 0377
  0.8415007548E+006 0378
  0.8432008968E+006 0378
  0.8449008504E+006 0379
  0.8466009827E+006 0379
  0.8483009831E+006 0380
  0.8500010660E+006 0380
  0.8517007938E+006 0381
  0.8534006283E+006 0381
  0.8551006385E+006 0382
  0.8568009265E+006 0382
  0.8585006207E+006 0383
  0.8602010157E+006 0383
  0.8619005721E+006 0384
  0.8636008531E+006 0384
  0.8653007570E+006 0385
  0.8670007096E+006 0385
  0.8687005234E+006 0386
  0.8704007520E+006 0386
  0.8721004938E+006 0386
  0.8738005039E+006 0387
  0.8755006513E+006 0387
  0.8772005978E+006 0388
  0.8789007274E+006 0388
  0.8806008738E+006 0389
  0.8823007271E+006 0389
  0.8840009606E+006 0390
  0.8857007770E+006 0390
  0.8874008943E+006 0391
  0.8891009381E+006 0391
  0.8908005174E+006 0392
  0.8925008332E+006 0392
  0.8942009709E+006 0393
  0.8959006516E+006 0393
  0.8976006079E+006 0393
  0.8993008317E+006 0394
  0.9010010022E+006 0394
  0.9027005979E+006 0395
  0.9044008111E+006 0395
  0.9061008345E+006 0396
  0.9078009956E+006 0396
  0.9095006732E+006 0397
  0.9112008359E+006 0397
  0.9129009642E+006 0397
  0.9146008503E+006 0398
  0.9163007860E+006 0398
  0.9180009958E+006 0399
  0.9197009551E+006 0399
  0.9214008656E+006 0400
  0.9231005744E+006 0400
  0.9248008535E+006 0401
  0.9265005606E+006 0401
  0.9282007795E+006 0401
  0.9299007352E+006 0402
  0.9316004939E+006 0402
  0.9333005860E+006 0403
  0.9350007642E+006 0403
  0.9367007571E+006 0404
  0.9384006408E+006 0404
  0.9401007358E+006 0405
  0.9418006488E+006 0405
  0.9435006643E+006 0406
  0.9452006889E+006 0406
  0.9469004728E+006 0406
  0.9486007149E+006 0407
  0.9503005323E+006 0407
  0.9520005710E+006 0408
  0.9537007707E+006 0408
  0.9554007149E+006 0409
  0.9571008837E+006 0409
  0.9588006230E+006 0410
  0.9605006160E+006 0410
  0.9622005522E+006 0411
  0.9639008846E+006 0411
  0.9656005990E+006 0411
  0.9673005692E+006 0412
  0.9690008967E+006 0412
  0.9707007816E+006 0413
  0.9724008428E+006 0413
  0.9741006158E+006 0414
  0.9758006133E+006 0414
  0.9775007528E+006 0414
  0.9792006528E+006 0415
  0.9809005760E+006 0415
  0.9826006072E+006 0416
  0.9843006517E+006 0416
  0.9860005206E+006 0417
  0.9877005268E+006 0417
  0.9894005186E+006 0418
  0.9911008342E+006 0418
  0.9928005288E+006 0419
  0.9945004356E+006 0419
  0.9962005921E+006 0419
  0.9979004652E+006 0420
  0.9996007453E+006 0420
  0.1001300735E+007 0421
  0.1003000490E+007 0421
  0.1004700723E+007 0422
  0.1006400407E+007 0422
  0.1008100444E+007 0423
  0.1009800666E+007 0423
  0.1011500411E+007 0424
  0.1013200547E+007 0424
  0.1014900774E+007 0425
  0.1016600588E+007 0425
  0.1018300394E+007 0426
  0.1020000763E+007 0426
  0.1021700571E+007 0427
  0.1023400550E+007 0427
  0.1025100640E+007 0428
  0.1026800524E+007 0428
  0.1028500616E+007 0429
  0.1030200600E+007 0429
  0.1031900398E+007 0430
  0.1033600506E+007 0430
  0.1035300694E+007 0431
  0.1037000617E+007 0431
  0.1038700612E+007 0431
  0.1040400641E+007 0432
  0.1042100586E+007 0432
  0.1043800579E+007 0433
  0.1045500526E+007 0433
  0.1047200665E+007 0434
  0.1048900477E+007 0434
  0.1050600454E+007 0435
  0.1052300610E+007 0435
  0.1054000476E+007 0436
  0.1055700368E+007 0436
  0.1057400557E+007 0437
  0.1059100453E+007 0438
  0.1060800290E+007 0438
  0.1062500556E+007 0439
  0.1064200388E+007 0439
  0.1065900421E+007 0440
  0.1067600457E+007 0440
  0.1069300370E+007 0441
  0.1071000400E+007 0441
  0.1072700378E+007 0442
  0.1074400597E+007 0442
  0.1076100418E+007 0443
  0.1077800305E+007 0443
  0.1079500546E+007 0444
  0.1081200444E+007 0444
  0.1082900450E+007 0445
  0.1084600327E+007 0446
  0.1086300439E+007 0446
  0.1088000470E+007 0447
  0.1089700356E+007 0447
  0.1091400337E+007 0448
  0.1093100305E+007 0448
  0.1094800145E+007 0449
  0.1096500224E+007 0449
  0.1098200409E+007 0450
  0.1099900474E+007 0450
  0.1101600230E+007 0451
  0.1103300344E+007 0451
  0.1105000304E+007 0452
  0.1106700305E+007 0453
  0.1108400176E+007 0453
  0.1110100453E+007 0454
  0.1111800259E+007 0454
  0.1113500347E+007 0455
  0.1115200347E+007 0455
  0.1116900314E+007 0456
  0.1118600236E+007 0457
  0.1120300459E+007 0457
  0.1122000415E+007 0458
  0.1123700419E+007 0458
  0.1125400531E+007 0459
  0.1127100362E+007 0459
  0.1128800378E+007 0460
  0.1130500486E+007 0461
  0.1132200382E+007 0461
  0.1133900463E+007 0462
  0.1135600373E+007 0462
  0.1137300523E+007 0463
  0.1139000396E+007 0463
  0.1140700299E+007 0464
  0.1142400281E+007 0465
  0.1144100478E+007 0465
  0.1145800367E+007 0466
  0.1147500464E+007 0466
  0.1149200301E+007 0467
  0.1150900315E+007 0467
  0.1152600261E+007 0468
  0.1154300350E+007 0469
  0.1156000284E+007 0469
  0.1157700415E+007 0470
  0.1159400285E+007 0470
  0.1161100258E+007 0471
  0.1162800266E+007 0472
  0.1164500380E+007 0472
  0.1166200402E+007 0473
  0.1167900412E+007 0473
  0.1169600342E+007 0474
  0.1171300499E+007 0474
  0.1173000311E+007 0475
  0.1174700485E+007 0476
  0.1176400479E+007 0476
  0.1178100303E+007 0477
  0.1179800344E+007 0477
  0.1181500386E+007 0478
  0.1183200389E+007 0479
  0.1184900369E+007 0479
  0.1186600412E+007 0480
  0.1188300537E+007 0480
  0.1190000415E+007 0481
  0.1191700431E+007 0482
  0.1193400471E+007 0482
  0.1195100275E+007 0483
  0.1196800422E+007 0483
  0.1198500323E+007 0484
  0.1200200452E+007 0484
  0.1201900305E+007 0485
  0.1203600389E+007 0486
  0.1205300363E+007 0486
  0.1207000299E+007 0487
  0.1208700398E+007 0487
  0.1210400215E+007 0488
  0.1212100360E+007 0489
  0.1213800326E+007 0489
  0.1215500374E+007 0490
  0.1217200490E+007 0490
  0.1218900383E+007 0491
  0.1220600540E+007 0491
  0.1222300301E+007 0492
  0.1224000334E+007 0493
  0.1225700351E+007 0493
  0.1227400508E+007 0494
  0.1229100473E+007 0494
  0.1230800483E+007 0495
  0.1232500422E+007 0495
  0.1234200414E+007 0496
  0.1235900451E+007 0497
  0.1237600445E+007 0497
  0.1239300503E+007 0498
  0.1241000293E+007 0498
  0.1242700390E+007 0499
  0.1244400369E+007 0499
  0.1246100370E+007 0500
  0.1247800355E+007 0500
  0.1249500424E+007 0501
  0.1251200219E+007 0502
  0.1252900323E+007 0502
  0.1254600207E+007 0503
  0.1256300277E+007 0503
  0.1258000280E+007 0504
  0.1259700478E+007 0504
  0.1261400295E+007 0505
  0.1263100293E+007 0505
  0.1264800385E+007 0506
  0.1266500285E+007 0506
  0.1268200292E+007 0507
  0.1269900309E+007 0507
  0.1271600470E+007 0508
  0.1273300336E+007 0509
  0.1275000293E+007 0509
  0.1276700382E+007 0510
  0.1278400392E+007 0510
  0.1280100406E+007 0511
  0.1281800453E+007 0511
  0.1283500280E+007 0512
  0.1285200400E+007 0512
  0.1286900420E+007 0513
  0.1288600250E+007 0513
  0.1290300218E+007 0514
  0.1292000264E+007 0514
  0.1293700279E+007 0515
  0.1295400291E+007 0515
  0.1297100305E+007 0516
  0.1298800430E+007 0516
  0.1300500395E+007 0517
  0.1302200496E+007 0517
  0.1303900428E+007 0517
  0.1305600505E+007 0518
  0.1307300308E+007 0518
  0.1309000331E+007 0519
  0.1310700376E+007 0519
  0.1312400466E+007 0520
  0.1314100402E+007 0520
  0.1315800371E+007 0521
  0.1317500494E+007 0521
  0.1319200468E+007 0522
  0.1320900312E+007 0522
  0.1322600285E+007 0523
  0.1324300302E+007 0523
  0.1326000417E+007 0524
  0.1327700324E+007 0524
  0.1329400234E+007 0524
  0.1331100347E+007 0525
  0.1332800337E+007 0525
  0.1334500354E+007 0526
  0.1336200339E+007 0526
  0.1337900438E+007 0527
  0.1339600419E+007 0527
  0.1341300475E+007 0528
  0.1343000370E+007 0528
  0.1344700330E+007 0529
  0.1346400316E+007 0529
  0.1348100452E+007 0529
  0.1349800514E+007 0530
  0.1351500429E+007 0530
  0.1353200488E+007 0531
  0.1354900477E+007 0531
  0.1356600417E+007 0532
  0.1358300378E+007 0532
  0.1360000430E+007 0533
  0.1361700371E+007 0533
  0.1363400238E+007 0533
  0.1365100413E+007 0534
  0.1366800269E+007 0534
  0.1368500218E+007 0535
  0.1370200279E+007 0535
  0.1371900280E+007 0536
  0.1373600345E+007 0536
  0.1375300251E+007 0536
  0.1377000382E+007 0537
  0.1378700407E+007 0537
  0.1380400316E+007 0538
  0.1382100261E+007 0538
  0.1383800375E+007 0539
  0.1385500330E+007 0539
  0.1387200402E+007 0540
  0.1388900312E+007 0540
  0.1390600266E+007 0540
  0.1392300337E+007 0541
  0.1394000323E+007 0541
  0.1395700398E+007 0542
  0.1397400421E+007 0542
  0.1399100230E+007 0543
  0.1400800385E+007 0543
  0.1402500231E+007 0543
  0.1404200273E+007 0544
  0.1405900209E+007 0544
  0.1407600317E+007 0545
  0.1409300315E+007 0545
  0.1411000384E+007 0545
  0.1412700458E+007 0546
  0.1414400244E+007 0546
  0.1416100362E+007 0547
  0.1417800355E+007 0547
  0.1419500419E+007 0547
  0.1421200281E+007 0548
  0.1422900489E+007 0548
  0.1424600400E+007 0549
  0.1426300442E+007 0549
  0.1428000369E+007 0549
  0.1429700285E+007 0550
  0.1431400423E+007 0550
  0.1433100233E+007 0550
  0.1434800257E+007 0551
  0.1436500311E+007 0551
  0.1438200289E+007 0552
  0.1439900300E+007 0552
  0.1441600264E+007 0552
  0.1443300311E+007 0553
  0.1445000345E+007 0553
  0.1446700295E+007 0553
  0.1448400384E+007 0554
  0.1450100328E+007 0554
  0.1451800243E+007 0554
  0.1453500278E+007 0555
  0.1455200439E+007 0555
  0.1456900420E+007 0555
  0.1458600373E+007 0556
  0.1460300279E+007 0556
  0.1462000283E+007 0556
  0.1463700401E+007 0557
  0.1465400254E+007 0557
  0.1467100319E+007 0557
  0.1468800254E+007 0558
  0.1470500385E+007 0558
  0.1472200232E+007 0558
  0.1473900391E+007 0558
  0.1475600346E+007 0559
  0.1477300199E+007 0559
  0.1479000242E+007 0559
  0.1480700327E+007 0560
  0.1482400420E+007 0560
  0.1484100432E+007 0560
  0.1485800288E+007 0560
  0.1487500253E+007 0561
  0.1489200463E+007 0561
  0.1490900418E+007 0561
  0.1492600381E+007 0562
  0.1494300259E+007 0562
  0.1496000299E+007 0562
  0.1497700254E+007 0562
  0.1499400305E+007 0563
  0.1501100341E+007 0563
  0.1502800225E+007 0563
  0.1504500400E+007 0563
  0.1506200294E+007 0563
  0.1507900220E+007 0564
  0.1509600214E+007 0564
  0.1511300258E+007 0564
  0.1513000280E+007 0564
  0.1514700218E+007 0565
  0.1516400365E+007 0565
  0.1518100421E+007 0565
  0.1519800371E+007 0565
  0.1521500290E+007 0565
  0.1523200474E+007 0566
  0.1524900429E+007 0566
  0.1526600301E+007 0566
  0.1528300288E+007 0566
  0.1530000441E+007 0566
  0.1531700422E+007 0567
  0.1533400326E+007 0567
  0.1535100310E+007 0567
  0.1536800294E+007 0567
  0.1538500340E+007 0567
  0.1540200381E+007 0567
  0.1541900292E+007 0568
  0.1543600243E+007 0568
  0.1545300250E+007 0568
  0.1547000209E+007 0568
  0.1548700337E+007 0568
  0.1550400405E+007 0568
  0.1552100400E+007 0569
  0.1553800368E+007 0569
  0.1555500311E+007 0569
  0.1557200383E+007 0569
  0.1558900339E+007 0569
  0.1560600287E+007 0569
  0.1562300262E+007 0570
  0.1564000447E+007 0570
  0.1565700347E+007 0570
  0.1567400277E+007 0570
  0.1569100214E+007 0570
  0.1570800258E+007 0570
  0.1572500387E+007 0570
  0.1574200256E+007 0570
  0.1575900240E+007 0571
  0.1577600297E+007 0571
  0.1579300248E+007 0571
  0.1581000232E+007 0571
  0.1582700232E+007 0571
  0.1584400344E+007 0571
  0.1586100320E+007 0571
  0.1587800417E+007 0571
  0.1589500250E+007 0571
  0.1591200252E+007 0572
  0.1592900308E+007 0572
  0.1594600359E+007 0572
  0.1596300299E+007 0572
  0.1598000379E+007 0572
  0.1599700410E+007 0572
  0.1601400364E+007 0572
  0.1603100227E+007 0572
  0.1604800286E+007 0572
  0.1606500282E+007 0572
  0.1608200184E+007 0573
  0.1609900262E+007 0573
  0.1611600303E+007 0573
  0.1613300419E+007 0573
  0.1615000247E+007 0573
  0.1616700438E+007 0573
  0.1618400231E+007 0573
  0.1620100271E+007 0573
  0.1621800276E+007 0573
  0.1623500297E+007 0573
  0.1625200230E+007 0573
  0.1626900344E+007 0573
  0.1628600280E+007 0574
  0.1630300256E+007 0574
  0.1632000412E+007 0574
  0.1633700211E+007 0574
  0.1635400271E+007 0574
  0.1637100322E+007 0574
  0.1638800199E+007 0574
  0.1640500196E+007 0574
  0.1642200349E+007 0574
  0.1643900334E+007 0574
  0.1645600330E+007 0574
  0.1647300234E+007 0574
  0.1649000255E+007 0574
  0.1650700405E+007 0574
  0.1652400385E+007 0574
  0.1654100364E+007 0575
  0.1655800297E+007 0575
  0.1657500253E+007 0575
  0.1659200338E+007 0575
  0.1660900201E+007 0575
  0.1662600337E+007 0575
  0.1664300230E+007 0575
  0.1666000301E+007 0575
  0.1667700184E+007 0575
  0.1669400195E+007 0575
  0.1671100167E+007 0575
  0.1672800344E+007 0575
  0.1674500296E+007 0575
  0.1676200394E+007 0575
  0.1677900284E+007 0575
  0.1679600412E+007 0575
  0.1681300299E+007 0575
  0.1683000267E+007 0575
  0.1684700295E+007 0575
  0.1686400311E+007 0576
  0.1688100293E+007 0576
  0.1689800390E+007 0576
  0.1691500345E+007 0576
  0.1693200344E+007 0576
  0.1694900226E+007 0576
  0.1696600224E+007 0576
  0.1698300310E+007 0576
  0.1700000264E+007 0576
  0.1701700350E+007 0576
  0.1703400376E+007 0576
  0.1705100248E+007 0576
  0.1706800297E+007 0576
  0.1708500374E+007 0576
  0.1710200407E+007 0576
  0.1711900367E+007 0576
  0.1713600223E+007 0576
  0.1715300305E+007 0576
  0.1717000289E+007 0576
  0.1718700229E+007 0576
  0.1720400199E+007 0576
  0.1722100265E+007 0576
  0.1723800223E+007 0577
  0.1725500214E+007 0577
  0.1727200214E+007 0577
  0.1728900272E+007 0577
  0.1730600366E+007 0577
  0.1732300207E+007 0577
  0.1734000344E+007 0577
  0.1735700254E+007 0577
  0.1737400292E+007 0577
  0.1739100233E+007 0577
  0.1740800252E+007 0577
  0.1742500287E+007 0577
  0.1744200217E+007 0577
  0.1745900214E+007 0577
  0.1747600361E+007 0577
  0.1749300242E+007 0577
  0.1751000184E+007 0577
  0.1752700272E+007 0577
  0.1754400261E+007 0577
  0.1756100257E+007 0578
  0.1757800218E+007 0578
  0.1759500375E+007 0578
  0.1761200256E+007 0578
  0.1762900407E+007 0578
  0.1764600334E+007 0578
  0.1766300299E+007 0578
  0.1768000220E+007 0578
  0.1769700393E+007 0578
  0.1771400329E+007 0578
  0.1773100277E+007 0578
  0.1774800194E+007 0578
  0.1776500276E+007 0578
  0.1778200264E+007 0578
  0.1779900295E+007 0579
  0.1781600302E+007 0579
  0.1783300216E+007 0579
  0.1785000274E+007 0579
  0.1786700281E+007 0579
  0.1788400272E+007 0579
  0.1790100372E+007 0579
  0.1791800239E+007 0579
  0.1793500265E+007 0579
  0.1795200412E+007 0579
  0.1796900370E+007 0579
  0.1798600303E+007 0579
  0.1800300292E+007 0579
  0.1802000209E+007 0579
  0.1803700220E+007 0579
  0.1805400231E+007 0580
  0.1807100266E+007 0580
  0.1808800257E+007 0580
  0.1810500232E+007 0580
  0.1812200297E+007 0580
  0.1813900300E+007 0580
  0.1815600346E+007 0580
  0.1817300285E+007 0580
  0.1819000406E+007 0580
  0.1820700230E+007 0580
  0.1822400286E+007 0580
  0.1824100257E+007 0580
  0.1825800327E+007 0580
  0.1827500163E+007 0580
  0.1829200243E+007 0580
  0.1830900231E+007 0581
  0.1832600184E+007 0581
  0.1834300210E+007 0581
  0.1836000233E+007 0581
  0.1837700241E+007 0581
  0.1839400227E+007 0581
  0.1841100321E+007 0581
  0.1842800254E+007 0581
  0.1844500222E+007 0581
  0.1846200267E+007 0581
  0.1847900267E+007 0581
  0.1849600313E+007 0581
  0.1851300371E+007 0581
  0.1853000293E+007 0581
  0.1854700244E+007 0581
  0.1856400196E+007 0581
  0.1858100212E+007 0581
  0.1859800211E+007 0581
  0.1861500162E+007 0581
  0.1863200183E+007 0582
  0.1864900246E+007 0582
  0.1866600321E+007 0582
  0.1868300191E+007 0582
  0.1870000249E+007 0582
  0.1871700208E+007 0582
  0.1873400268E+007 0582
  0.1875100249E+007 0582
  0.1876800394E+007 0582
  0.1878500365E+007 0582
  0.1880200195E+007 0582
  0.1881900223E+007 0582
  0.1883600288E+007 0582
  0.1885300177E+007 0582
  0.1887000157E+007 0582
  0.1888700207E+007 0582
  0.1890400228E+007 0582
  0.1892100318E+007 0582
  0.1893800247E+007 0582
  0.1895500261E+007 0582
  0.1897200235E+007 0582
  0.1898900341E+007 0582
  0.1900600317E+007 0582
  0.1902300263E+007 0582
  0.1904000216E+007 0582
  0.1905700277E+007 0582
  0.1907400224E+007 0582
  0.1909100282E+007 0582
  0.1910800271E+007 0582
  0.1912500264E+007 0582
  0.1914200224E+007 0583
  0.1915900205E+007 0583
  0.1917600337E+007 0583
  0.1919300289E+007 0583
  0.1921000308E+007 0583
  0.1922700232E+007 0583
  0.1924400335E+007 0583
  0.1926100303E+007 0583
  0.1927800375E+007 0583
  0.1929500339E+007 0583
  0.1931200187E+007 0583
  0.1932900244E+007 0583
  0.1934600207E+007 0583
  0.1936300238E+007 0583
  0.1938000187E+007 0583
  0.1939700190E+007 0583
  0.1941400218E+007 0583
  0.1943100216E+007 0583
  0.1944800234E+007 0583
  0.1946500309E+007 0583
  0.1948200303E+007 0583
  0.1949900318E+007 0583
  0.1951600332E+007 0583
  0.1953300355E+007 0583
  0.1955000260E+007 0583
  0.1956700306E+007 0583
  0.1958400211E+007 0583
  0.1960100168E+007 0583
  0.1961800156E+007 0583
  0.1963500205E+007 0583
  0.1965200187E+007 0583
  0.1966900206E+007 0583
  0.1968600349E+007 0583
  0.1970300205E+007 0583
  0.1972000356E+007 0583
  0.1973700281E+007 0583
  0.1975400264E+007 0583
  0.1977100240E+007 0583
  0.1978800314E+007 0583
  0.1980500169E+007 0583
  0.1982200308E+007 0583
  0.1983900194E+007 0583
  0.1985600178E+007 0583
  0.1987300248E+007 0583
  0.1989000200E+007 0583
  0.1990700234E+007 0583
  0.1992400296E+007 0583
  0.1994100190E+007 0583
  0.1995800295E+007 0583
  0.1997500244E+007 0583
  0.1999200351E+007 0583
  0.2000900197E+007 0583
  0.2002600195E+007 0583
  0.2004300276E+007 0583
  0.2006000200E+007 0583
  0.2007700290E+007 0583
  0.2009400137E+007 0583
  0.2011100194E+007 0583
  0.2012800273E+007 0583
  0.2014500253E+007 0583
  0.2016200223E+007 0583
  0.2017900365E+007 0583
  0.2019600322E+007 0583
  0.2021300249E+007 0583
  0.2023000279E+007 0583
  0.2024700290E+007 0583
  0.2026400310E+007 0583
  0.2028100164E+007 0583
  0.2029800234E+007 0583
  0.2031500150E+007 0583
  0.2033200246E+007 0583
  0.2034900281E+007 0583
  0.2036600245E+007 0583
  0.2038300343E+007 0583
  0.2040000286E+007 0583
  0.2041700257E+007 0583
  0.2043400194E+007 0583
  0.2045100282E+007 0583
  0.2046800267E+007 0583
  0.2048500266E+007 0583
  0.2050200169E+007 0583
  0.2051900260E+007 0583
  0.2053600278E+007 0583
  0.2055300219E+007 0583
  0.2057000131E+007 0583
  0.2058700178E+007 0583
  0.2060400278E+007 0583
  0.2062100346E+007 0583
  0.2063800220E+007 0583
  0.2065500253E+007 0583
  0.2067200241E+007 0583
  0.2068900335E+007 0583
  0.2070600269E+007 0583
  0.2072300255E+007 0583
  0.2074000150E+007 0583
  0.2075700177E+007 0583
  0.2077400144E+007 0583
  0.2079100246E+007 0583
  0.2080800198E+007 0583
  0.2082500221E+007 0583
  0.2084200226E+007 0583
  0.2085900256E+007 0583
  0.2087600218E+007 0583
  0.2089300199E+007 0583
  0.2091000181E+007 0583
  0.2092700282E+007 0583
  0.2094400210E+007 0583
  0.2096100222E+007 0583
  0.2097800228E+007 0583
  0.2099500234E+007 0583
  0.2101200184E+007 0583
  0.2102900281E+007 0583
  0.2104600234E+007 0583
  0.2106300265E+007 0583
  0.2108000202E+007 0583
  0.2109700213E+007 0583
  0.2111400296E+007 0583
  0.2113100228E+007 0583
  0.2114800181E+007 0583
  0.2116500203E+007 0583
  0.2118200193E+007 0583
  0.2119900248E+007 0583
  0.2121600132E+007 0583
  0.2123300243E+007 0583
  0.2125000220E+007 0583
  0.2126700302E+007 0583
  0.2128400235E+007 0583
  0.2130100177E+007 0584
  0.2131800331E+007 0584
  0.2133500265E+007 0584
  0.2135200283E+007 0584
  0.2136900230E+007 0584
  0.2138600249E+007 0584
  0.2140300233E+007 0584
  0.2142000186E+007 0584
  0.2143700229E+007 0584
  0.2145400302E+007 0584
  0.2147100327E+007 0584
  0.2148800191E+007 0584
  0.2150500313E+007 0584
  0.2152200291E+007 0584
  0.2153900179E+007 0584
  0.2155600248E+007 0584
  0.2157300292E+007 0584
  0.2159000177E+007 0584
  0.2160700145E+007 0584
  0.2162400192E+007 0584
  0.2164100203E+007 0584
  0.2165800279E+007 0584
  0.2167500181E+007 0584
  0.2169200174E+007 0584
  0.2170900304E+007 0584
  0.2172600254E+007 0584
  0.2174300285E+007 0584
  0.2176000315E+007 0584
  0.2177700160E+007 0584
  0.2179400235E+007 0584
  0.2181100243E+007 0584
  0.2182800196E+007 0584
  0.2184500126E+007 0584
  0.2186200159E+007 0584
  0.2187900299E+007 0584
  0.2189600226E+007 0584
  0.2191300191E+007 0584
  0.2193000179E+007 0584
  0.2194700235E+007 0584
  0.2196400169E+007 0584
  0.2198100173E+007 0584
  0.2199800269E+007 0584
  0.2201500137E+007 0584
  0.2203200234E+007 0584
  0.2204900178E+007 0584
  0.2206600220E+007 0584
  0.2208300245E+007 0584
  0.2210000280E+007 0584
  0.2211700243E+007 0584
  0.2213400286E+007 0584
  0.2215100218E+007 0584
  0.2216800246E+007 0584
  0.2218500276E+007 0584
  0.2220200262E+007 0584
  0.2221900205E+007 0584
  0.2223600181E+007 0584
  0.2225300144E+007 0584
  0.2227000294E+007 0584
  0.2228700185E+007 0584
  0.2230400317E+007 0584
  0.2232100317E+007 0584
  0.2233800307E+007 0584
  0.2235500261E+007 0584
  0.2237200222E+007 0584
  0.2238900253E+007 0584
  0.2240600224E+007 0584
  0.2242300244E+007 0584
  0.2244000166E+007 0584
  0.2245700229E+007 0584
  0.2247400242E+007 0584
  0.2249100192E+007 0584
  0.2250800217E+007 0584
  0.2252500233E+007 0584
  0.2254200223E+007 0584
  0.2255900222E+007 0584
  0.2257600255E+007 0584
  0.2259300255E+007 0584
  0.2261000152E+007 0584
  0.2262700177E+007 0584
  0.2264400186E+007 0584
  0.2266100190E+007 0584
  0.2267800258E+007 0584
  0.2269500304E+007 0584
  0.2271200305E+007 0584
  0.2272900180E+007 0584
  0.2274600196E+007 0584
  0.2276300205E+007 0584
  0.2278000144E+007 0584
  0.2279700139E+007 0584
  0.2281400122E+007 0584
  0.2283100155E+007 0584
  0.2284800125E+007 0584
  0.2286500239E+007 0584
  0.2288200193E+007 0584
  0.2289900159E+007 0584
  0.2291600171E+007 0584
  0.2293300259E+007 0584
  0.2295000223E+007 0584
  0.2296700166E+007 0584
  0.2298400196E+007 0584
  0.2300100191E+007 0584
  0.2301800072E+007 0584
  0.2303500143E+007 0584
  0.2305200195E+007 0584
  0.2306900220E+007 0584
  0.2308600212E+007 0584
  0.2310300238E+007 0584
  0.2312000235E+007 0584
  0.2313700176E+007 0584
  0.2315400149E+007 0584
  0.2317100175E+007 0584
  0.2318800147E+007 0584
  0.2320500142E+007 0584
  0.2322200109E+007 0584
  0.2323900112E+007 0584
  0.2325600183E+007 0584
  0.2327300238E+007 0584
  0.2329000248E+007 0584
  0.2330700214E+007 0584
  0.2332400173E+007 0584
  0.2334100202E+007 0584
  0.2335800202E+007 0584
  0.2337500150E+007 0584
  0.2339200157E+007 0584
  0.2340900192E+007 0584
  0.2342600123E+007 0584
  0.2344300098E+007 0584
  0.2346000226E+007 0584
  0.2347700222E+007 0584
  0.2349400151E+007 0584
  0.2351100239E+007 0584
  0.2352800184E+007 0584
  0.2354500123E+007 0584
  0.2356200173E+007 0584
  0.2357900190E+007 0584
  0.2359600169E+007 0584
  0.2361300162E+007 0584
  0.2363000271E+007 0584
  0.2364700230E+007 0584
  0.2366400152E+007 0584
  0.2368100135E+007 0584
  0.2369800172E+007 0584
  0.2371500220E+007 0584
  0.2373200199E+007 0584
  0.2374900123E+007 0584
  0.2376600191E+007 0584
  0.2378300271E+007 0584
  0.2380000161E+007 0584
  0.2381700195E+007 0584
  0.2383400159E+007 0584
  0.2385100188E+007 0584
  0.2386800212E+007 0584
  0.2388500133E+007 0584
  0.2390200158E+007 0584
  0.2391900115E+007 0584
  0.2393600175E+007 0584
  0.2395300186E+007 0584
  0.2397000220E+007 0584
  0.2398700231E+007 0584
  0.2400400217E+007 0584
  0.2402100188E+007 0584
  0.2403800171E+007 0584
  0.2405500153E+007 0584
  0.2407200144E+007 0584
  0.2408900179E+007 0584
  0.2410600152E+007 0584
  0.2412300153E+007 0584
  0.2414000145E+007 0584
  0.2415700167E+007 0584
  0.2417400160E+007 0584
  0.2419100133E+007 0584
  0.2420800184E+007 0584
  0.2422500121E+007 0584
  0.2424200190E+007 0584
  0.2425900166E+007 0583
  0.2427600230E+007 0583
  0.2429300224E+007 0583
  0.2431000259E+007 0583
  0.2432700220E+007 0583
  0.2434400187E+007 0583
  0.2436100172E+007 0583
  0.2437800214E+007 0583
  0.2439500120E+007 0583
  0.2441200138E+007 0583
  0.2442900134E+007 0583
  0.2444600172E+007 0583
  0.2446300152E+007 0583
  0.2448000188E+007 0583
  0.2449700257E+007 0583
  0.2451400157E+007 0583
  0.2453100147E+007 0583
  0.2454800197E+007 0583
  0.2456500185E+007 0583
  0.2458200135E+007 0583
  0.2459900193E+007 0583
  0.2461600180E+007 0583
  0.2463300150E+007 0583
  0.2465000195E+007 0583
  0.2466700158E+007 0583
  0.2468400131E+007 0583
  0.2470100132E+007 0583
  0.2471800160E+007 0583
  0.2473500108E+007 0583
  0.2475200164E+007 0583
  0.2476900203E+007 0583
  0.2478600134E+007 0583
  0.2480300153E+007 0583
  0.2482000135E+007 0583
  0.2483700188E+007 0583
  0.2485400131E+007 0583
  0.2487100198E+007 0583
  0.2488800138E+007 0583
  0.2490500117E+007 0583
  0.2492200140E+007 0583
  0.2493900192E+007 0583
  0.2495600243E+007 0583
  0.2497300193E+007 0583
  0.2499000147E+007 0583
  0.2500700158E+007 0583
  0.2502400184E+007 0583
  0.2504100202E+007 0583
  0.2505800111E+007 0583
  0.2507500143E+007 0583
  0.2509200141E+007 0583
  0.2510900174E+007 0583
  0.2512600238E+007 0583
  0.2514300149E+007 0583
  0.2516000204E+007 0583
  0.2517700211E+007 0583
  0.2519400166E+007 0583
  0.2521100116E+007 0583
  0.2522800180E+007 0583
  0.2524500184E+007 0583
  0.2526200167E+007 0583
  0.2527900167E+007 0583
  0.2529600187E+007 0583
  0.2531300212E+007 0583
  0.2533000166E+007 0583
  0.2534700156E+007 0583
  0.2536400123E+007 0583
  0.2538100136E+007 0583
  0.2539800149E+007 0583
  0.2541500171E+007 0583
  0.2543200141E+007 0583
  0.2544900152E+007 0583
  0.2546600205E+007 0583
  0.2548300196E+007 0583
  0.2550000209E+007 0583
  0.2551700184E+007 0583
  0.2553400169E+007 0583
  0.2555100121E+007 0583
  0.2556800225E+007 0583
  0.2558500140E+007 0583
  0.2560200149E+007 0583
  0.2561900119E+007 0583
  0.2563600154E+007 0583
  0.2565300155E+007 0583
  0.2567000098E+007 0583
  0.2568700099E+007 0583
  0.2570400120E+007 0583
  0.2572100205E+007 0583
  0.2573800205E+007 0583
  0.2575500228E+007 0583
  0.2577200111E+007 0583
  0.2578900184E+007 0583
  0.2580600177E+007 0583
  0.2582300140E+007 0583
  0.2584000125E+007 0583
  0.2585700182E+007 0583
  0.2587400150E+007 0583
  0.2589100192E+007 0583
  0.2590800217E+007 0583
  0.2592500109E+007 0583
  0.2594200194E+007 0583
  0.2595900134E+007 0583
  0.2597600115E+007 0583
  0.2599300123E+007 0582
  0.2601000150E+007 0582
  0.2602700134E+007 0582
  0.2604400180E+007 0582
  0.2606100103E+007 0582
  0.2607800157E+007 0582
  0.2609500136E+007 0582
  0.2611200104E+007 0582
  0.2612900125E+007 0582
  0.2614600163E+007 0582
  0.2616300202E+007 0582
  0.2618000202E+007 0582
  0.2619700203E+007 0582
  0.2621400169E+007 0582
  0.2623100139E+007 0582
  0.2624800100E+007 0582
  0.2626500086E+007 0582
  0.2628200140E+007 0582
  0.2629900128E+007 0582
  0.2631600118E+007 0582
  0.2633300144E+007 0582
  0.2635000193E+007 0582
  0.2636700152E+007 0582
  0.2638400168E+007 0582
  0.2640100163E+007 0582
  0.2641800088E+007 0581
  0.2643500139E+007 0581
  0.2645200155E+007 0581
  0.2646900117E+007 0581
  0.2648600133E+007 0581
  0.2650300119E+007 0581
  0.2652000118E+007 0581
  0.2653700105E+007 0581
  0.2655400084E+007 0581
  0.2657100123E+007 0581
  0.2658800168E+007 0581
  0.2660500156E+007 0581
  0.2662200121E+007 0581
  0.2663900145E+007 0581
  0.2665600115E+007 0581
  0.2667300133E+007 0581
  0.2669000098E+007 0581
  0.2670700163E+007 0581
  0.2672400187E+007 0581
  0.2674100133E+007 0580
  0.2675800165E+007 0580
  0.2677500137E+007 0580
  0.2679200134E+007 0580
  0.2680900088E+007 0580
  0.2682600135E+007 0580
  0.2684300129E+007 0580
  0.2686000167E+007 0580
  0.2687700160E+007 0580
  0.2689400176E+007 0580
  0.2691100115E+007 0580
  0.2692800133E+007 0580
  0.2694500099E+007 0580
  0.2696200081E+007 0580
  0.2697900094E+007 0580
  0.2699600107E+007 0579
  0.2701300114E+007 0579
  0.2703000115E+007 0579
  0.2704700122E+007 0579
  0.2706400134E+007 0579
  0.2708100105E+007 0579
  0.2709800096E+007 0579
  0.2711500123E+007 0579
  0.2713200124E+007 0579
  0.2714900141E+007 0579
  0.2716600158E+007 0579
  0.2718300106E+007 0579
  0.2720000098E+007 0579
  0.2721700129E+007 0579
  0.2723400112E+007 0579
  0.2725100165E+007 0579
  0.2726800169E+007 0578
  0.2728500162E+007 0578
  0.2730200181E+007 0578
  0.2731900125E+007 0578
  0.2733600125E+007 0578
  0.2735300137E+007 0578
  0.2737000120E+007 0578
  0.2738700126E+007 0578
  0.2740400096E+007 0578
  0.2742100126E+007 0578
  0.2743800099E+007 0578
  0.2745500115E+007 0578
  0.2747200081E+007 0578
  0.2748900101E+007 0578
  0.2750600123E+007 0578
  0.2752300132E+007 0578
  0.2754000178E+007 0578
  0.2755700104E+007 0577
  0.2757400145E+007 0577
  0.2759100080E+007 0577
  0.2760800131E+007 0577
  0.2762500118E+007 0577
  0.2764200168E+007 0577
  0.2765900153E+007 0577
  0.2767600119E+007 0577
  0.2769300169E+007 0577
  0.2771000104E+007 0577
  0.2772700092E+007 0577
  0.2774400076E+007 0577
  0.2776100146E+007 0577
  0.2777800126E+007 0577
  0.2779500140E+007 0577
  0.2781200120E+007 0577
  0.2782900135E+007 0577
  0.2784600076E+007 0577
  0.2786300069E+007 0577
  0.2788000135E+007 0577
  0.2789700125E+007 0577
  0.2791400123E+007 0577
  0.2793100163E+007 0577
  0.2794800083E+007 0577
  0.2796500110E+007 0577
  0.2798200093E+007 0577
  0.2799900127E+007 0577
  0.2801600093E+007 0576
  0.2803300141E+007 0576
  0.2805000129E+007 0576
  0.2806700091E+007 0576
  0.2808400122E+007 0576
  0.2810100118E+007 0576
  0.2811800073E+007 0576
  0.2813500116E+007 0576
  0.2815200100E+007 0576
  0.2816900117E+007 0576
  0.2818600096E+007 0576
  0.2820300107E+007 0576
  0.2822000090E+007 0576
  0.2823700137E+007 0576
  0.2825400152E+007 0576
  0.2827100164E+007 0576
  0.2828800123E+007 0576
  0.2830500105E+007 0576
  0.2832200092E+007 0576
  0.2833900094E+007 0576
  0.2835600124E+007 0576
  0.2837300112E+007 0576
  0.2839000115E+007 0576
  0.2840700084E+007 0576
  0.2842400073E+007 0576
  0.2844100088E+007 0576
  0.2845800072E+007 0576
  0.2847500131E+007 0576
  0.2849200141E+007 0576
  0.2850900100E+007 0576
  0.2852600110E+007 0576
  0.2854300122E+007 0576
  0.2856000068E+007 0576
  0.2857700137E+007 0576
  0.2859400137E+007 0576
  0.2861100078E+007 0576
  0.2862800125E+007 0576
  0.2864500102E+007 0576
  0.2866200078E+007 0576
  0.2867900079E+007 0576
  0.2869600082E+007 0576
  0.2871300123E+007 0576
  0.2873000098E+007 0576
  0.2874700078E+007 0576
  0.2876400089E+007 0576
  0.2878100096E+007 0576
  0.2879800131E+007 0576
  0.2881500088E+007 0576
  0.2883200120E+007 0576
  0.2884900084E+007 0576
  0.2886600063E+007 0576
  0.2888300079E+007 0576
  0.2890000080E+007 0576
  0.2891700132E+007 0576
  0.2893400100E+007 0576
  0.2895100078E+007 0576
  0.2896800073E+007 0576
  0.2898500069E+007 0576
  0.2900200091E+007 0576
  0.2901900114E+007 0576
  0.2903600095E+007 0576
  0.2905300104E+007 0576
  0.2907000125E+007 0576
  0.2908700106E+007 0576
  0.2910400075E+007 0576
  0.2912100121E+007 0576
  0.2913800104E+007 0576
  0.2915500073E+007 0576
  0.2917200114E+007 0576
  0.2918900075E+007 0576
  0.2920600087E+007 0576
  0.2922300078E+007 0576
  0.2924000099E+007 0576
  0.2925700071E+007 0576
  0.2927400092E+007 0576
  0.2929100082E+007 0576
  0.2930800100E+007 0576
  0.2932500068E+007 0576
  0.2934200113E+007 0576
  0.2935900065E+007 0576
  0.2937600053E+007 0576
  0.2939300106E+007 0576
  0.2941000068E+007 0576
  0.2942700076E+007 0576
  0.2944400082E+007 0576
  0.2946100084E+007 0576
  0.2947800063E+007 0576
  0.2949500097E+007 0576
  0.2951200067E+007 0576
  0.2952900076E+007 0576
  0.2954600066E+007 0576
  0.2956300058E+007 0577
  0.2958000075E+007 0577
  0.2959700098E+007 0577
  0.2961400072E+007 0577
  0.2963100099E+007 0577
  0.2964800109E+007 0577
  0.2966500101E+007 0577
  0.2968200068E+007 0577
  0.2969900058E+007 0577
  0.2971600075E+007 0577
  0.2973300077E+007 0577
  0.2975000117E+007 0577
  0.2976700095E+007 0577
  0.2978400080E+007 0577
  0.2980100081E+007 0578
  0.2981800122E+007 0578
  0.2983500122E+007 0578
  0.2985200106E+007 0578
  0.2986900069E+007 0578
  0.2988600073E+007 0578
  0.2990300084E+007 0578
  0.2992000073E+007 0578
  0.2993700124E+007 0578
  0.2995400120E+007 0578
  0.2997100086E+007 0578
  0.2998800091E+007 0577
  0.3000500091E+007 0577
  0.3002200100E+007 0577
  0.3003900093E+007 0577
  0.3005600086E+007 0577
  0.3007300111E+007 0577
  0.3009000072E+007 0577
  0.3010700086E+007 0577
  0.3012400104E+007 0577
  0.3014100095E+007 0577
  0.3015800103E+007 0577
  0.3017500092E+007 0576
  0.3019200081E+007 0576
  0.3020900048E+007 0576
  0.3022600069E+007 0576
  0.3024300131E+007 0576
  0.3026000128E+007 0576
  0.3027700068E+007 0576
  0.3029400105E+007 0576
  0.3031100067E+007 0576
  0.3032800106E+007 0575
  0.3034500091E+007 0575
  0.3036200117E+007 0575
  0.3037900064E+007 0575
  0.3039600087E+007 0575
  0.3041300108E+007 0575
  0.3043000098E+007 0575
  0.3044700083E+007 0575
  0.3046400121E+007 0574
  0.3048100106E+007 0574
  0.3049800069E+007 0574
  0.3051500092E+007 0574
  0.3053200084E+007 0574
  0.3054900093E+007 0574
  0.3056600086E+007 0574
  0.3058300075E+007 0574
  0.3060000063E+007 0574
  0.3061700088E+007 0573
  0.3063400122E+007 0573
  0.3065100075E+007 0573
  0.3066800093E+007 0573
  0.3068500076E+007 0573
  0.3070200108E+007 0573
  0.3071900080E+007 0573
  0.3073600115E+007 0573
  0.3075300113E+007 0572
  0.3077000075E+007 0572
  0.3078700075E+007 0572
  0.3080400087E+007 0572
  0.3082100073E+007 0572
  0.3083800096E+007 0572
  0.3085500070E+007 0572
  0.3087200067E+007 0572
  0.3088900072E+007 0571
  0.3090600101E+007 0571
  0.3092300077E+007 0571
  0.3094000103E+007 0571
  0.3095700059E+007 0571
  0.3097400057E+007 0571
  0.3099100115E+007 0571
  0.3100800060E+007 0571
  0.3102500064E+007 0571
  0.3104200075E+007 0570
  0.3105900052E+007 0570
  0.3107600089E+007 0570
  0.3109300090E+007 0570
  0.3111000079E+007 0570
  0.3112700091E+007 0570
  0.3114400075E+007 0570
  0.3116100103E+007 0570
  0.3117800069E+007 0570
  0.3119500090E+007 0570
  0.3121200059E+007 0569
  0.3122900067E+007 0569
  0.3124600042E+007 0569
  0.3126300105E+007 0569
  0.3128000079E+007 0569
  0.3129700097E+007 0569
  0.3131400055E+007 0569
  0.3133100076E+007 0569
  0.3134800081E+007 0569
  0.3136500096E+007 0569
  0.3138200067E+007 0569
  0.3139900059E+007 0569
  0.3141600051E+007 0568
  0.3143300104E+007 0568
  0.3145000093E+007 0568
  0.3146700094E+007 0568
  0.3148400096E+007 0568
  0.3150100052E+007 0568
  0.3151800074E+007 0568
  0.3153500062E+007 0568
  0.3155200087E+007 0568
  0.3156900080E+007 0568
  0.3158600065E+007 0568
  0.3160300087E+007 0568
  0.3162000095E+007 0568
  0.3163700078E+007 0568
  0.3165400067E+007 0568
  0.3167100078E+007 0568
  0.3168800072E+007 0568
  0.3170500090E+007 0568
  0.3172200086E+007 0567
  0.3173900059E+007 0567
  0.3175600074E+007 0567
  0.3177300056E+007 0567
  0.3179000068E+007 0567
  0.3180700081E+007 0567
  0.3182400079E+007 0567
  0.3184100057E+007 0567
  0.3185800052E+007 0567
  0.3187500093E+007 0567
  0.3189200051E+007 0567
  0.3190900043E+007 0567
  0.3192600039E+007 0567
  0.3194300075E+007 0567
  0.3196000076E+007 0567
  0.3197700077E+007 0567
  0.3199400042E+007 0567
  0.3201100052E+007 0567
  0.3202800052E+007 0567
  0.3204500055E+007 0567
  0.3206200087E+007 0567
  0.3207900068E+007 0567
  0.3209600038E+007 0567
  0.3211300061E+007 0567
  0.3213000059E+007 0567
  0.3214700057E+007 0567
  0.3216400040E+007 0567
  0.3218100068E+007 0567
  0.3219800050E+007 0567
  0.3221500055E+007 0567
  0.3223200071E+007 0567
  0.3224900052E+007 0567
  0.3226600058E+007 0567
  0.3228300055E+007 0566
  0.3230000053E+007 0566
  0.3231700039E+007 0566
  0.3233400040E+007 0566
  0.3235100051E+007 0566
  0.3236800051E+007 0566
  0.3238500050E+007 0566
  0.3240200051E+007 0566
  0.3241900057E+007 0566
  0.3243600087E+007 0566
  0.3245300054E+007 0566
  0.3247000048E+007 0566
  0.3248700048E+007 0566
  0.3250400052E+007 0566
  0.3252100079E+007 0566
  0.3253800063E+007 0566
  0.3255500045E+007 0566
  0.3257200061E+007 0566
  0.3258900087E+007 0566
  0.3260600045E+007 0566
  0.3262300063E+007 0566
  0.3264000037E+007 0566
  0.3265700080E+007 0566
  0.3267400071E+007 0566
  0.3269100044E+007 0566
  0.3270800068E+007 0566
  0.3272500055E+007 0566
  0.3274200080E+007 0566
  0.3275900053E+007 0566
  0.3277600062E+007 0566
  0.3279300053E+007 0566
  0.3281000065E+007 0566
  0.3282700078E+007 0566
  0.3284400045E+007 0566
  0.3286100063E+007 0566
  0.3287800060E+007 0566
  0.3289500077E+007 0565
  0.3291200069E+007 0565
  0.3292900051E+007 0565
  0.3294600070E+007 0565
  0.3296300062E+007 0565
  0.3298000069E+007 0565
  0.3299700060E+007 0565
  0.3301400051E+007 0565
  0.3303100060E+007 0565
  0.3304800059E+007 0565
  0.3306500054E+007 0565
  0.3308200039E+007 0565
  0.3309900059E+007 0565
  0.3311600071E+007 0565
  0.3313300067E+007 0565
  0.3315000037E+007 0565
  0.3316700063E+007 0565
  0.3318400072E+007 0565
  0.3320100046E+007 0565
  0.3321800034E+007 0565
  0.3323500066E+007 0565
  0.3325200053E+007 0565
  0.3326900052E+007 0565
  0.3328600058E+007 0564
  0.3330300049E+007 0564
  0.3332000071E+007 0564
  0.3333700037E+007 0564
  0.3335400056E+007 0564
  0.3337100037E+007 0564
  0.3338800056E+007 0564
  0.3340500069E+007 0564
  0.3342200044E+007 0564
  0.3343900037E+007 0564
  0.3345600062E+007 0564
  0.3347300040E+007 0564
  0.3349000061E+007 0564
  0.3350700027E+007 0564
  0.3352400049E+007 0563
  0.3354100068E+007 0563
  0.3355800035E+007 0563
  0.3357500037E+007 0563
  0.3359200036E+007 0563
  0.3360900051E+007 0563
  0.3362600054E+007 0563
  0.3364300026E+007 0563
  0.3366000069E+007 0563
  0.3367700035E+007 0563
  0.3369400033E+007 0563
  0.3371100028E+007 0563
  0.3372800047E+007 0563
  0.3374500051E+007 0562
  0.3376200050E+007 0562
  0.3377900033E+007 0562
  0.3379600061E+007 0562
  0.3381300037E+007 0562
  0.3383000050E+007 0562
  0.3384700049E+007 0562
  0.3386400059E+007 0562
  0.3388100056E+007 0562
  0.3389800029E+007 0562
  0.3391500035E+007 0562
  0.3393200036E+007 0561
  0.3394900060E+007 0561
  0.3396600034E+007 0561
  0.3398300058E+007 0561
  0.3400000053E+007 0561
  0.3401700046E+007 0561
  0.3403400028E+007 0561
  0.3405100049E+007 0561
  0.3406800050E+007 0560
  0.3408500034E+007 0560
  0.3410200035E+007 0560
  0.3411900034E+007 0560
  0.3413600057E+007 0560
  0.3415300049E+007 0560
  0.3417000048E+007 0560
  0.3418700038E+007 0560
  0.3420400050E+007 0560
  0.3422100029E+007 0559
  0.3423800045E+007 0559
  0.3425500044E+007 0559
  0.3427200033E+007 0559
  0.3428900033E+007 0559
  0.3430600037E+007 0559
  0.3432300053E+007 0559
  0.3434000045E+007 0559
  0.3435700044E+007 0558
  0.3437400055E+007 0558
  0.3439100042E+007 0558
  0.3440800032E+007 0558
  0.3442500029E+007 0558
  0.3444200046E+007 0558
  0.3445900030E+007 0558
  0.3447600036E+007 0557
  0.3449300028E+007 0557
  0.3451000044E+007 0557
  0.3452700027E+007 0557
  0.3454400037E+007 0557
  0.3456100036E+007 0557
  0.3457800040E+007 0557
  0.3459500033E+007 0556
  0.3461200043E+007 0556
  0.3462900036E+007 0556
  0.3464600019E+007 0556
  0.3466300038E+007 0556
  0.3468000041E+007 0556
  0.3469700026E+007 0555
  0.3471400047E+007 0555
  0.3473100027E+007 0555
  0.3474800026E+007 0555
  0.3476500026E+007 0555
  0.3478200038E+007 0555
  0.3479900036E+007 0555
  0.3481600019E+007 0555
  0.3483300030E+007 0554
  0.3485000033E+007 0554
  0.3486700022E+007 0554
  0.3488400044E+007 0554
  0.3490100037E+007 0554
  0.3491800039E+007 0554
  0.3493500026E+007 0553
  0.3495200026E+007 0553
  0.3496900040E+007 0553
  0.3498600031E+007 0553
  0.3500300045E+007 0553
  0.3502000040E+007 0553
  0.3503700021E+007 0553
  0.3505400025E+007 0552
  0.3507100033E+007 0552
  0.3508800030E+007 0552
  0.3510500029E+007 0552
  0.3512200029E+007 0552
  0.3513900023E+007 0552
  0.3515600036E+007 0552
  0.3517300043E+007 0551
  0.3519000024E+007 0551
  0.3520700038E+007 0551
  0.3522400026E+007 0551
  0.3524100024E+007 0551
  0.3525800016E+007 0551
  0.3527500030E+007 0551
  0.3529200036E+007 0550
  0.3530900018E+007 0550
  0.3532600040E+007 0550
