  0.0000000000E+000  0.0000000000E+000
  1.7022903710E+003  2.9952043192E+043
  3.4042480008E+003  5.8038218965E+043
  5.1053681142E+003  4.3703741116E+043
  6.8065868297E+003  2.8807496157E+043
  8.5078937876E+003  2.5916192949E+043
  1.0216292220E+004  2.2594994322E+043
  1.1917914388E+004  2.0119074808E+043
  1.3633288307E+004  1.9330703838E+043
  1.5339280223E+004  1.6508739446E+043
  1.7044359634E+004  1.4657913980E+043
  1.8747144616E+004  1.4055048519E+043
  2.0440007546E+004  1.4101116848E+043
  2.2165935009E+004  1.4446040510E+043
  2.3888562425E+004  1.5011468307E+043
  2.5588118977E+004  1.5776291651E+043
  2.7272762668E+004  1.6318925847E+043
  2.9031875365E+004  1.6563799810E+043
  3.0758881251E+004  1.6766445692E+043
  3.2407095267E+004  1.7204928249E+043
  3.4117095267E+004  1.7612968616E+043
  3.5827095267E+004  1.7619909227E+043
  3.7537095267E+004  1.7457216207E+043
  3.9247095267E+004  1.7269497583E+043
  4.0957095267E+004  1.6906997515E+043
  4.2667095267E+004  1.6549019188E+043
  4.4377095267E+004  1.6265445256E+043
  4.6087095267E+004  1.6165123093E+043
  4.7702095267E+004  1.6146574070E+043
  4.9412095267E+004  1.6157634369E+043
  5.1122095267E+004  1.6183843530E+043
  5.2832095267E+004  1.6187770445E+043
  5.4542095267E+004  1.6256643338E+043
  5.6252095267E+004  1.6392931285E+043
  5.7962095267E+004  1.6543058754E+043
  5.9672095267E+004  1.6665051940E+043
  6.1310059917E+004  1.6754510081E+043
  6.3085269316E+004  1.6923726711E+043
  6.4700269316E+004  1.7093094378E+043
  6.6410269316E+004  1.7199920617E+043
  6.8120269316E+004  1.7206155769E+043
  6.9830269316E+004  1.7202557467E+043
  7.1540269316E+004  1.7228323241E+043
  7.3250269316E+004  1.7256320290E+043
  7.4960269316E+004  1.7265133613E+043
  7.6670269316E+004  1.7296857052E+043
  7.8380269316E+004  1.7360691628E+043
  7.9995269316E+004  1.7430121830E+043
  8.1705269316E+004  1.7473604137E+043
  8.3415269316E+004  1.7545435796E+043
  8.5125269316E+004  1.7620276244E+043
  8.6835269316E+004  1.7694965752E+043
  8.8545269316E+004  1.7740758547E+043
  9.0255269316E+004  1.7812341939E+043
  9.1965269316E+004  1.7883403672E+043
  9.3649537811E+004  1.7927036215E+043
  9.5295159747E+004  1.7966593931E+043
  9.6971021164E+004  1.8026507550E+043
  9.8680491880E+004  1.8083992509E+043
  1.0034966678E+005  1.8103135984E+043
  1.0202795370E+005  1.8129971666E+043
  1.0373318072E+005  1.8173728745E+043
  1.0542104686E+005  1.8197895248E+043
  1.0711365644E+005  1.8201579894E+043
  1.0880794608E+005  1.8210693383E+043
  1.1050316525E+005  1.8230825793E+043
  1.1220175102E+005  1.8228339184E+043
  1.1390231605E+005  1.8217783525E+043
  1.1560195742E+005  1.8209560439E+043
  1.1730173326E+005  1.8197792015E+043
  1.1900286812E+005  1.8175674993E+043
  1.2070218408E+005  1.8147238217E+043
  1.2240202780E+005  1.8119505328E+043
  1.2410181377E+005  1.8081417893E+043
  1.2580230214E+005  1.8040743495E+043
  1.2750240922E+005  1.7996272213E+043
  1.2920223943E+005  1.7947639557E+043
  1.3090194306E+005  1.7894549909E+043
  1.3260251840E+005  1.7841404186E+043
  1.3430162948E+005  1.7787788828E+043
  1.3600199424E+005  1.7730613911E+043
  1.3770176087E+005  1.7669422541E+043
  1.3940250097E+005  1.7611617388E+043
  1.4110149811E+005  1.7558499761E+043
  1.4280194734E+005  1.7508817097E+043
  1.4450233577E+005  1.7455647566E+043
  1.4620171155E+005  1.7405473429E+043
  1.4790256929E+005  1.7357770369E+043
  1.4960181909E+005  1.7313697759E+043
  1.5130152938E+005  1.7274802476E+043
  1.5300166218E+005  1.7235566250E+043
  1.5470184716E+005  1.7199505804E+043
  1.5640141301E+005  1.7167263418E+043
  1.5810142545E+005  1.7137201707E+043
  1.5980208085E+005  1.7109725827E+043
  1.6150172668E+005  1.7083681425E+043
  1.6320166664E+005  1.7060336260E+043
  1.6490191095E+005  1.7039580177E+043
  1.6660184183E+005  1.7021951066E+043
  1.6830211475E+005  1.7006769073E+043
  1.7000176572E+005  1.6993149732E+043
  1.7170169501E+005  1.6980438374E+043
  1.7340130673E+005  1.6970246368E+043
  1.7510190707E+005  1.6961522663E+043
  1.7680176438E+005  1.6955254831E+043
  1.7850168015E+005  1.6951597161E+043
  1.8020162032E+005  1.6949987278E+043
  1.8190120041E+005  1.6948569054E+043
  1.8360197825E+005  1.6948593184E+043
  1.8530162024E+005  1.6950544061E+043
  1.8700116270E+005  1.6953994286E+043
  1.8870108958E+005  1.6958355965E+043
  1.9040166973E+005  1.6964482620E+043
  1.9210176236E+005  1.6972804189E+043
  1.9380135410E+005  1.6982078025E+043
  1.9550129471E+005  1.6992153206E+043
  1.9720170747E+005  1.7003474027E+043
  1.9890104364E+005  1.7016233182E+043
  2.0060173005E+005  1.7030396223E+043
  2.0230189613E+005  1.7045144994E+043
  2.0400107752E+005  1.7060633997E+043
  2.0570131562E+005  1.7077117630E+043
  2.0740106828E+005  1.7095089889E+043
  2.0910144649E+005  1.7114369380E+043
  2.1080173522E+005  1.7134207306E+043
  2.1250119255E+005  1.7154917097E+043
  2.1420191546E+005  1.7176701634E+043
  2.1590126531E+005  1.7199543354E+043
  2.1760127986E+005  1.7223245097E+043
  2.1930126704E+005  1.7247024173E+043
  2.2100133197E+005  1.7271247769E+043
  2.2270169419E+005  1.7296504080E+043
  2.2440154914E+005  1.7322860100E+043
  2.2610105646E+005  1.7350200790E+043
  2.2780139543E+005  1.7377927031E+043
  2.2950173960E+005  1.7406091618E+043
  2.3120136116E+005  1.7434912563E+043
  2.3290136658E+005  1.7464453376E+043
  2.3460101961E+005  1.7494486753E+043
  2.3630145001E+005  1.7525012837E+043
  2.3800190644E+005  1.7555550870E+043
  2.3970163895E+005  1.7586606640E+043
  2.4140180341E+005  1.7618340546E+043
  2.4310169831E+005  1.7650691183E+043
  2.4480159169E+005  1.7683620645E+043
  2.4650177137E+005  1.7717002641E+043
  2.4820156870E+005  1.7750341379E+043
  2.4990129301E+005  1.7783751631E+043
  2.5160125223E+005  1.7817439376E+043
  2.5330177715E+005  1.7851478943E+043
  2.5500129883E+005  1.7885840899E+043
  2.5670112642E+005  1.7920718502E+043
  2.5840163540E+005  1.7955642446E+043
  2.6010130806E+005  1.7990583381E+043
  2.6180152477E+005  1.8025733548E+043
  2.6350180476E+005  1.8061098059E+043
  2.6520178474E+005  1.8096654097E+043
  2.6690124336E+005  1.8132340160E+043
  2.6860116523E+005  1.8167992989E+043
  2.7030194053E+005  1.8203359439E+043
  2.7200160236E+005  1.8238668107E+043
  2.7370161265E+005  1.8274250586E+043
  2.7540198911E+005  1.8310168335E+043
  2.7710114316E+005  1.8346310434E+043
  2.7880161007E+005  1.8382581605E+043
  2.8050168015E+005  1.8418486236E+043
  2.8220207272E+005  1.8454167049E+043
  2.8390161177E+005  1.8489790994E+043
  2.8560199040E+005  1.8525524933E+043
  2.8730174334E+005  1.8561401354E+043
  2.8900164927E+005  1.8597449021E+043
  2.9070122316E+005  1.8633447780E+043
  2.9240134887E+005  1.8669506555E+043
  2.9410234303E+005  1.8705787719E+043
  2.9580171730E+005  1.8742298177E+043
  2.9750221683E+005  1.8779075584E+043
  2.9920207953E+005  1.8816022980E+043
  3.0090127061E+005  1.8852793915E+043
  3.0260116364E+005  1.8889437012E+043
  3.0430219063E+005  1.8926246586E+043
  3.0600176709E+005  1.8963345954E+043
  3.0770134380E+005  1.9001029643E+043
  3.0940117108E+005  1.9039222528E+043
  3.1110219169E+005  1.9077458888E+043
  3.1280143308E+005  1.9115786077E+043
  3.1450150181E+005  1.9154492649E+043
  3.1620170019E+005  1.9193695570E+043
  3.1790198473E+005  1.9233438464E+043
  3.1960175172E+005  1.9273415544E+043
  3.2130151265E+005  1.9313514206E+043
  3.2300161902E+005  1.9354379252E+043
  3.2470224421E+005  1.9396141352E+043
  3.2640182262E+005  1.9438725513E+043
  3.2810130320E+005  1.9481942601E+043
  3.2980177517E+005  1.9525490747E+043
  3.3150192673E+005  1.9569616418E+043
  3.3320236316E+005  1.9614415387E+043
  3.3490224717E+005  1.9659846654E+043
  3.3660216277E+005  1.9705910058E+043
  3.3830125834E+005  1.9752221541E+043
  3.4000165057E+005  1.9798902406E+043
  3.4170183941E+005  1.9845960850E+043
  3.4340170147E+005  1.9893305725E+043
  3.4510127549E+005  1.9940440423E+043
  3.4680137656E+005  1.9987106464E+043
  3.4850213836E+005  2.0033614934E+043
  3.5020188097E+005  2.0080285897E+043
  3.5190237163E+005  2.0126979849E+043
  3.5360126762E+005  2.0173122421E+043
  3.5530124290E+005  2.0218885890E+043
  3.5700225946E+005  2.0264445640E+043
  3.5870198272E+005  2.0309805774E+043
  3.6040168840E+005  2.0354782422E+043
  3.6210156362E+005  2.0399354686E+043
  3.6380142637E+005  2.0443770108E+043
  3.6550224787E+005  2.0488173682E+043
  3.6720153424E+005  2.0532502947E+043
  3.6890222355E+005  2.0576397131E+043
  3.7060226486E+005  2.0619924000E+043
  3.7230204787E+005  2.0663343949E+043
  3.7400183054E+005  2.0706944366E+043
  3.7570234566E+005  2.0750605398E+043
  3.7740181559E+005  2.0793889587E+043
  3.7910120265E+005  2.0837077822E+043
  3.8080142852E+005  2.0880348558E+043
  3.8250191880E+005  2.0923750643E+043
  3.8420182353E+005  2.0966863724E+043
  3.8590160254E+005  2.1009810975E+043
  3.8760136477E+005  2.1052946442E+043
  3.8930201226E+005  2.1096353409E+043
  3.9100136883E+005  2.1139823885E+043
  3.9270157768E+005  2.1182955885E+043
  3.9440226889E+005  2.1225945630E+043
  3.9610121719E+005  2.1268919292E+043
  3.9780152194E+005  2.1312009300E+043
  3.9950144848E+005  2.1355030088E+043
  4.0120219608E+005  2.1397837055E+043
  4.0290115382E+005  2.1440545050E+043
  4.0460192250E+005  2.1483280936E+043
  4.0630216923E+005  2.1525937889E+043
  4.0800115163E+005  2.1568053427E+043
  4.0970184324E+005  2.1609671740E+043
  4.1140183327E+005  2.1650998071E+043
  4.1310200039E+005  2.1692299262E+043
  4.1480196615E+005  2.1733373977E+043
  4.1650183776E+005  2.1773733345E+043
  4.1820118367E+005  2.1813508444E+043
  4.1990209491E+005  2.1852833715E+043
  4.2160139855E+005  2.1891618184E+043
  4.2330153906E+005  2.1929606710E+043
  4.2500162349E+005  2.1966826303E+043
  4.2670198028E+005  2.2003580055E+043
  4.2840131769E+005  2.2039880051E+043
  4.3010200428E+005  2.2075735562E+043
  4.3180107375E+005  2.2110644528E+043
  4.3350177122E+005  2.2144767141E+043
  4.3520205262E+005  2.2178211405E+043
  4.3690171534E+005  2.2211121700E+043
  4.3860129599E+005  2.2243627368E+043
  4.4030110617E+005  2.2275416894E+043
  4.4200143368E+005  2.2306743067E+043
  4.4370193996E+005  2.2337716871E+043
  4.4540136281E+005  2.2368369075E+043
  4.4710131141E+005  2.2398379980E+043
  4.4880118526E+005  2.2427721195E+043
  4.5050132272E+005  2.2456849105E+043
  4.5220194976E+005  2.2486009311E+043
  4.5390120360E+005  2.2515017504E+043
  4.5560151961E+005  2.2543595698E+043
  4.5730113264E+005  2.2571991190E+043
  4.5900122504E+005  2.2600404725E+043
  4.6070147639E+005  2.2628781425E+043
  4.6240139243E+005  2.2656997498E+043
  4.6410143772E+005  2.2685088034E+043
  4.6580171634E+005  2.2713418206E+043
  4.6750114318E+005  2.2742028210E+043
  4.6920117823E+005  2.2770930510E+043
  4.7090182055E+005  2.2799803424E+043
  4.7260160320E+005  2.2828724004E+043
  4.7430115623E+005  2.2857898909E+043
  4.7600130735E+005  2.2887494768E+043
  4.7770150655E+005  2.2917453003E+043
  4.7940131466E+005  2.2947650924E+043
  4.8110194183E+005  2.2978297941E+043
  4.8280116446E+005  2.3009468210E+043
  4.8450134576E+005  2.3041247461E+043
  4.8620173464E+005  2.3073463570E+043
  4.8790138741E+005  2.3105859155E+043
  4.8960175460E+005  2.3138642833E+043
  4.9130109009E+005  2.3171862659E+043
  4.9300196825E+005  2.3205678221E+043
  4.9470135909E+005  2.3239901750E+043
  4.9640178795E+005  2.3274190880E+043
  4.9810161322E+005  2.3308571386E+043
  4.9980157305E+005  2.3343025742E+043
  5.0150161196E+005  2.3377498177E+043
  5.0320195859E+005  2.3411916090E+043
  5.0490194405E+005  2.3445924097E+043
  5.0660147197E+005  2.3479626065E+043
  5.0830236363E+005  2.3513272723E+043
  5.1000190487E+005  2.3546770998E+043
  5.1170226753E+005  2.3580113292E+043
  5.1340170609E+005  2.3613012716E+043
  5.1510239956E+005  2.3645321725E+043
  5.1680230649E+005  2.3677204881E+043
  5.1850183142E+005  2.3708733280E+043
  5.2020228744E+005  2.3739947994E+043
  5.2190235948E+005  2.3770888061E+043
  5.2360247554E+005  2.3801348570E+043
  5.2530240336E+005  2.3831393582E+043
  5.2700233075E+005  2.3861117498E+043
  5.2870163159E+005  2.3890492826E+043
  5.3040125140E+005  2.3919575165E+043
  5.3210234087E+005  2.3948310903E+043
  5.3380194163E+005  2.3976461475E+043
  5.3550180896E+005  2.4004224163E+043
  5.3720175218E+005  2.4031753922E+043
  5.3890148284E+005  2.4059144143E+043
  5.4060155192E+005  2.4086374351E+043
  5.4230235990E+005  2.4113301192E+043
  5.4400197353E+005  2.4139790042E+043
  5.4570160242E+005  2.4166083144E+043
  5.4740134597E+005  2.4192307233E+043
  5.4910246548E+005  2.4218558918E+043
  5.5080157647E+005  2.4244850623E+043
  5.5250188437E+005  2.4271098256E+043
  5.5420227159E+005  2.4297452648E+043
  5.5590194976E+005  2.4324111518E+043
  5.5760139642E+005  2.4351192465E+043
  5.5930194115E+005  2.4378760972E+043
  5.6100205986E+005  2.4406821742E+043
  5.6270143868E+005  2.4435184428E+043
  5.6440210493E+005  2.4463958189E+043
  5.6610174486E+005  2.4493158900E+043
  5.6780129411E+005  2.4522753666E+043
  5.6950204117E+005  2.4552706136E+043
  5.7120137106E+005  2.4582866020E+043
  5.7290132034E+005  2.4612960988E+043
  5.7460170440E+005  2.4643016980E+043
  5.7630153158E+005  2.4673099628E+043
  5.7800171331E+005  2.4703448232E+043
  5.7970168717E+005  2.4734488200E+043
  5.8140199047E+005  2.4766758206E+043
  5.8310161650E+005  2.4801179114E+043
  5.8480140031E+005  2.4839091216E+043
  5.8650138360E+005  2.4881905089E+043
  5.8820212516E+005  2.4930887279E+043
  5.8990170200E+005  2.4987074494E+043
  5.9160216383E+005  2.5051238418E+043
  5.9330176819E+005  2.5124096216E+043
  5.9500155823E+005  2.5206251255E+043
  5.9670203845E+005  2.5298046506E+043
  5.9840185864E+005  2.5399550322E+043
  6.0010168535E+005  2.5510401703E+043
  6.0180158093E+005  2.5630229048E+043
  6.0350170487E+005  2.5758739884E+043
  6.0520120547E+005  2.5895220567E+043
  6.0690141526E+005  2.6039149842E+043
  6.0860219759E+005  2.6189739324E+043
  6.1030117699E+005  2.6345939557E+043
  6.1200164006E+005  2.6507673480E+043
  6.1370174720E+005  2.6673635112E+043
  6.1540190612E+005  2.6843627608E+043
  6.1710221902E+005  2.7016850765E+043
  6.1880128078E+005  2.7192499349E+043
  6.2050195453E+005  2.7370278412E+043
  6.2220183862E+005  2.7549302776E+043
  6.2390156079E+005  2.7728741519E+043
  6.2560164775E+005  2.7909578748E+043
  6.2730162289E+005  2.8090711021E+043
  6.2900211323E+005  2.8271266172E+043
  6.3070204428E+005  2.8452280531E+043
  6.3240126203E+005  2.8631945693E+043
  6.3410203355E+005  2.8810761504E+043
  6.3580106065E+005  2.8989217825E+043
  6.3750126457E+005  2.9166366030E+043
  6.3920166314E+005  2.9343045384E+043
  6.4090124574E+005  2.9518465802E+043
  6.4260111675E+005  2.9691856661E+043
  6.4430199069E+005  2.9864460816E+043
  6.4600105275E+005  3.0034522300E+043
  6.4770137959E+005  3.0203754329E+043
  6.4940183223E+005  3.0371432285E+043
  6.5110124764E+005  3.0537741953E+043
  6.5280175165E+005  3.0702899980E+043
  6.5450134578E+005  3.0865870812E+043
  6.5620119383E+005  3.1027502599E+043
  6.5790177067E+005  3.1186781862E+043
  6.5960098704E+005  3.1344816993E+043
  6.6130155092E+005  3.1501086121E+043
  6.6300140625E+005  3.1656530744E+043
  6.6470146107E+005  3.1810468507E+043
  6.6640157179E+005  3.1963639354E+043
  6.6810138764E+005  3.2114856593E+043
  6.6980131654E+005  3.2264970033E+043
  6.7150113835E+005  3.2413104084E+043
  6.7320086273E+005  3.2560403568E+043
  6.7490087572E+005  3.2706184564E+043
  6.7660115638E+005  3.2851646445E+043
  6.7830151881E+005  3.2996119671E+043
  6.8000142776E+005  3.3140357532E+043
  6.8170096234E+005  3.3283432175E+043
  6.8340110560E+005  3.3425966237E+043
  6.8510124984E+005  3.3567168384E+043
  6.8680135613E+005  3.3707848412E+043
  6.8850112090E+005  3.3847465503E+043
  6.9020113129E+005  3.3987066865E+043
  6.9190104739E+005  3.4126062031E+043
  6.9360093401E+005  3.4265446461E+043
  6.9530088971E+005  3.4404391725E+043
  6.9700091071E+005  3.4543521189E+043
  6.9870122112E+005  3.4681887399E+043
  7.0040068275E+005  3.4819948511E+043
  7.0210076189E+005  3.4957201256E+043
  7.0380092063E+005  3.5094345443E+043
  7.0550105615E+005  3.5231069629E+043
  7.0720066845E+005  3.5368088312E+043
  7.0890095091E+005  3.5505293663E+043
  7.1060080507E+005  3.5642829253E+043
  7.1230086292E+005  3.5780546445E+043
  7.1400124307E+005  3.5918070857E+043
  7.1570086461E+005  3.6055588251E+043
  7.1740080198E+005  3.6192565981E+043
  7.1910082551E+005  3.6329702061E+043
  7.2080121434E+005  3.6466390066E+043
  7.2250078006E+005  3.6603345102E+043
  7.2420107736E+005  3.6740087143E+043
  7.2590121084E+005  3.6877169668E+043
  7.2760099654E+005  3.7013831116E+043
  7.2930117371E+005  3.7150393745E+043
  7.3100083924E+005  3.7286252144E+043
  7.3270105011E+005  3.7421528172E+043
  7.3440089638E+005  3.7556237964E+043
  7.3610086175E+005  3.7690173665E+043
  7.3780110612E+005  3.7823952689E+043
  7.3950082884E+005  3.7957065746E+043
  7.4120113849E+005  3.8090310607E+043
  7.4290110103E+005  3.8223156584E+043
  7.4460068966E+005  3.8356093346E+043
  7.4630062066E+005  3.8488634975E+043
  7.4800090789E+005  3.8620875791E+043
  7.4970093686E+005  3.8752460409E+043
  7.5140073687E+005  3.8883171835E+043
  7.5310081918E+005  3.9013342548E+043
  7.5480072117E+005  3.9142480280E+043
  7.5650126860E+005  3.9271272506E+043
  7.5820109382E+005  3.9399172570E+043
  7.5990111400E+005  3.9526829880E+043
  7.6160126925E+005  3.9653954975E+043
  7.6330117779E+005  3.9780888775E+043
  7.6500119007E+005  3.9907574310E+043
  7.6670117339E+005  4.0034012024E+043
  7.6840094502E+005  4.0160351505E+043
  7.7010097277E+005  4.0286139008E+043
  7.7180067416E+005  4.0411707734E+043
  7.7350082320E+005  4.0536532850E+043
  7.7520076732E+005  4.0661052012E+043
  7.7690065630E+005  4.0784922682E+043
  7.7860083469E+005  4.0908582675E+043
  7.8030108598E+005  4.1031911582E+043
  7.8200121711E+005  4.1155096083E+043
  7.8370068357E+005  4.1278204931E+043
  7.8540081412E+005  4.1401061624E+043
  7.8710092824E+005  4.1524252342E+043
  7.8880066411E+005  4.1647205159E+043
  7.9050111170E+005  4.1770470983E+043
  7.9220097278E+005  4.1893207652E+043
  7.9390078636E+005  4.2015623798E+043
  7.9560101128E+005  4.2137224695E+043
  7.9730080262E+005  4.2258176923E+043
  7.9900055293E+005  4.2378291228E+043
  8.0070082499E+005  4.2497718503E+043
  8.0240093477E+005  4.2616508151E+043
  8.0410084793E+005  4.2734549316E+043
  8.0580062587E+005  4.2852277700E+043
  8.0750058284E+005  4.2969362070E+043
  8.0920069852E+005  4.3086421047E+043
  8.1090061740E+005  4.3202987100E+043
  8.1260080076E+005  4.3319693899E+043
  8.1430085912E+005  4.3435999786E+043
  8.1600098364E+005  4.3552385206E+043
  8.1770086285E+005  4.3668318740E+043
  8.1940104474E+005  4.3784137354E+043
  8.2110111782E+005  4.3899510339E+043
  8.2280095276E+005  4.4014637850E+043
  8.2450079300E+005  4.4129508174E+043
  8.2620060720E+005  4.4244156482E+043
  8.2790078794E+005  4.4358828696E+043
  8.2960105165E+005  4.4473349676E+043
  8.3130082277E+005  4.4588023281E+043
  8.3300072008E+005  4.4702614934E+043
  8.3470066419E+005  4.4817477265E+043
  8.3640088402E+005  4.4932292820E+043
  8.3810089487E+005  4.5047353775E+043
  8.3980085796E+005  4.5162310047E+043
  8.4150075477E+005  4.5277360155E+043
  8.4320089676E+005  4.5392121767E+043
  8.4490085043E+005  4.5506587008E+043
  8.4660098266E+005  4.5620439809E+043
  8.4830098307E+005  4.5733644283E+043
  8.5000106603E+005  4.5846035782E+043
  8.5170079384E+005  4.5957660685E+043
  8.5340062834E+005  4.6068511258E+043
  8.5510063850E+005  4.6178754002E+043
  8.5680092651E+005  4.6288409034E+043
  8.5850062070E+005  4.6397597502E+043
  8.6020101574E+005  4.6506411892E+043
  8.6190057205E+005  4.6614876305E+043
  8.6360085305E+005  4.6723044939E+043
  8.6530075699E+005  4.6830827365E+043
  8.6700070957E+005  4.6938141265E+043
  8.6870052336E+005  4.7044871304E+043
  8.7040075202E+005  4.7151011601E+043
  8.7210049375E+005  4.7256433518E+043
  8.7380050387E+005  4.7361301469E+043
  8.7550065135E+005  4.7465581201E+043
  8.7720059784E+005  4.7569506271E+043
  8.7890072745E+005  4.7673115825E+043
  8.8060087378E+005  4.7776727333E+043
  8.8230072707E+005  4.7880274546E+043
  8.8400096058E+005  4.7984351411E+043
  8.8570077697E+005  4.8088777518E+043
  8.8740089426E+005  4.8193911363E+043
  8.8910093814E+005  4.8299535027E+043
  8.9080051741E+005  4.8405911337E+043
  8.9250083324E+005  4.8512813932E+043
  8.9420097093E+005  4.8620520617E+043
  8.9590065163E+005  4.8728663251E+043
  8.9760060792E+005  4.8837657945E+043
  8.9930083174E+005  4.8947169499E+043
  9.0100100223E+005  4.9057486279E+043
  9.0270059794E+005  4.9168274901E+043
  9.0440081105E+005  4.9279826885E+043
  9.0610083448E+005  4.9391814404E+043
  9.0780099564E+005  4.9504380061E+043
  9.0950067320E+005  4.9617155493E+043
  9.1120083593E+005  4.9730209268E+043
  9.1290096423E+005  4.9843080774E+043
  9.1460085034E+005  4.9955732951E+043
  9.1630078601E+005  5.0067747475E+043
  9.1800099581E+005  5.0179205785E+043
  9.1970095511E+005  5.0289695958E+043
  9.2140086561E+005  5.0399389776E+043
  9.2310057438E+005  5.0507973035E+043
  9.2480085350E+005  5.0615699715E+043
  9.2650056062E+005  5.0722252272E+043
  9.2820077951E+005  5.0827928670E+043
  9.2990073522E+005  5.0932488091E+043
  9.3160049392E+005  5.1036163461E+043
  9.3330058596E+005  5.1138816889E+043
  9.3500076418E+005  5.1240662390E+043
  9.3670075713E+005  5.1341572809E+043
  9.3840064082E+005  5.1441858954E+043
  9.4010073583E+005  5.1541547619E+043
  9.4180064885E+005  5.1641001156E+043
  9.4350066426E+005  5.1740367315E+043
  9.4520068887E+005  5.1840042734E+043
  9.4690047282E+005  5.1940198536E+043
  9.4860071488E+005  5.2041210537E+043
  9.5030053234E+005  5.2143040141E+043
  9.5200057104E+005  5.2246165040E+043
  9.5370077074E+005  5.2350505226E+043
  9.5540071488E+005  5.2456295594E+043
  9.5710088368E+005  5.2563506901E+043
  9.5880062300E+005  5.2672400388E+043
  9.6050061601E+005  5.2782874333E+043
  9.6220055219E+005  5.2895177265E+043
  9.6390088460E+005  5.3009088346E+043
  9.6560059903E+005  5.3124646682E+043
  9.6730056918E+005  5.3241543960E+043
  9.6900089670E+005  5.3359713543E+043
  9.7070078164E+005  5.3478715007E+043
  9.7240084275E+005  5.3598471081E+043
  9.7410061579E+005  5.3718639864E+043
  9.7580061333E+005  5.3839150201E+043
  9.7750075284E+005  5.3959771574E+043
  9.7920065275E+005  5.4080383204E+043
  9.8090057600E+005  5.4200802801E+043
  9.8260060718E+005  5.4320908208E+043
  9.8430065168E+005  5.4440417575E+043
  9.8600052058E+005  5.4559144163E+043
  9.8770052682E+005  5.4676863242E+043
  9.8940051862E+005  5.4793435626E+043
  9.9110083417E+005  5.4908797019E+043
  9.9280052883E+005  5.5022835663E+043
  9.9450043559E+005  5.5135704755E+043
  9.9620059206E+005  5.5247427176E+043
  9.9790046522E+005  5.5358196472E+043
  9.9960074532E+005  5.5468116561E+043
  1.0013007350E+006  5.5577438905E+043
  1.0030004899E+006  5.5686277653E+043
  1.0047007233E+006  5.5795055318E+043
  1.0064004068E+006  5.5903964973E+043
  1.0081004444E+006  5.6013492969E+043
  1.0098006665E+006  5.6124027231E+043
  1.0115004113E+006  5.6235864652E+043
  1.0132005469E+006  5.6349440399E+043
  1.0149007743E+006  5.6464809077E+043
  1.0166005877E+006  5.6582292934E+043
  1.0183003936E+006  5.6701865922E+043
  1.0200007632E+006  5.6823730633E+043
  1.0217005706E+006  5.6947803612E+043
  1.0234005499E+006  5.7074148135E+043
  1.0251006401E+006  5.7202733256E+043
  1.0268005242E+006  5.7333313867E+043
  1.0285006164E+006  5.7465744544E+043
  1.0302006002E+006  5.7599665615E+043
  1.0319003985E+006  5.7734798289E+043
  1.0336005058E+006  5.7870929036E+043
  1.0353006940E+006  5.8007739271E+043
  1.0370006174E+006  5.8145075895E+043
  1.0387006119E+006  5.8282643011E+043
  1.0404006414E+006  5.8420323440E+043
  1.0421005857E+006  5.8557685494E+043
  1.0438005787E+006  5.8694512646E+043
  1.0455005263E+006  5.8830548719E+043
  1.0472006648E+006  5.8965578025E+043
  1.0489004771E+006  5.9099480290E+043
  1.0506004536E+006  5.9232233397E+043
  1.0523006098E+006  5.9363855429E+043
  1.0540004759E+006  5.9494444627E+043
  1.0557003678E+006  5.9624023153E+043
  1.0574005573E+006  5.9752769622E+043
  1.0591004531E+006  5.9880729842E+043
  1.0608002897E+006  6.0008129804E+043
  1.0625005564E+006  6.0135359927E+043
  1.0642003878E+006  6.0262752124E+043
  1.0659004214E+006  6.0390800577E+043
  1.0676004569E+006  6.0519974730E+043
  1.0693003695E+006  6.0650554172E+043
  1.0710003999E+006  6.0782902170E+043
  1.0727003777E+006  6.0917275225E+043
  1.0744005971E+006  6.1053885137E+043
  1.0761004179E+006  6.1192891090E+043
  1.0778003052E+006  6.1334465477E+043
  1.0795005463E+006  6.1478615439E+043
  1.0812004437E+006  6.1625173082E+043
  1.0829004497E+006  6.1774016741E+043
  1.0846003270E+006  6.1924805666E+043
  1.0863004387E+006  6.2077377779E+043
  1.0880004704E+006  6.2231449157E+043
  1.0897003557E+006  6.2386781876E+043
  1.0914003373E+006  6.2543146115E+043
  1.0931003050E+006  6.2700265924E+043
  1.0948001450E+006  6.2857728403E+043
  1.0965002237E+006  6.3015183518E+043
  1.0982004094E+006  6.3172336678E+043
  1.0999004738E+006  6.3328812216E+043
  1.1016002299E+006  6.3484422274E+043
  1.1033003440E+006  6.3639107785E+043
  1.1050003039E+006  6.3792779175E+043
  1.1067003054E+006  6.3945393941E+043
  1.1084001764E+006  6.4096916857E+043
  1.1101004531E+006  6.4247420112E+043
  1.1118002595E+006  6.4396847798E+043
  1.1135003470E+006  6.4545488113E+043
  1.1152003475E+006  6.4693653703E+043
  1.1169003138E+006  6.4841764504E+043
  1.1186002364E+006  6.4990210460E+043
  1.1203004589E+006  6.5139391567E+043
  1.1220004150E+006  6.5289606858E+043
  1.1237004191E+006  6.5441196459E+043
  1.1254005312E+006  6.5594469412E+043
  1.1271003622E+006  6.5749720240E+043
  1.1288003777E+006  6.5907244990E+043
  1.1305004860E+006  6.6067170732E+043
  1.1322003816E+006  6.6229459845E+043
  1.1339004635E+006  6.6394026429E+043
  1.1356003732E+006  6.6560698181E+043
  1.1373005229E+006  6.6729331259E+043
  1.1390003959E+006  6.6899683087E+043
  1.1407002994E+006  6.7071639907E+043
  1.1424002807E+006  6.7244970049E+043
  1.1441004783E+006  6.7419430987E+043
  1.1458003673E+006  6.7594562183E+043
  1.1475004640E+006  6.7769986257E+043
  1.1492003010E+006  6.7945273524E+043
  1.1509003154E+006  6.8120117607E+043
  1.1526002611E+006  6.8294276611E+043
  1.1543003498E+006  6.8467610714E+043
  1.1560002839E+006  6.8640032010E+043
  1.1577004152E+006  6.8811562709E+043
  1.1594002848E+006  6.8982196903E+043
  1.1611002578E+006  6.9152065344E+043
  1.1628002658E+006  6.9321339382E+043
  1.1645003796E+006  6.9490304639E+043
  1.1662004018E+006  6.9659223773E+043
  1.1679004121E+006  6.9828416171E+043
  1.1696003419E+006  6.9998079465E+043
  1.1713004986E+006  7.0168426654E+043
  1.1730003110E+006  7.0339634296E+043
  1.1747004846E+006  7.0511998096E+043
  1.1764004788E+006  7.0685761794E+043
  1.1781003026E+006  7.0861209663E+043
  1.1798003441E+006  7.1038569635E+043
  1.1815003863E+006  7.1217892983E+043
  1.1832003892E+006  7.1399087359E+043
  1.1849003693E+006  7.1582016074E+043
  1.1866004123E+006  7.1766514402E+043
  1.1883005369E+006  7.1952437905E+043
  1.1900004149E+006  7.2139625493E+043
  1.1917004305E+006  7.2327952081E+043
  1.1934004709E+006  7.2517260115E+043
  1.1951002753E+006  7.2707237709E+043
  1.1968004218E+006  7.2897683303E+043
  1.1985003235E+006  7.3088325620E+043
  1.2002004522E+006  7.3278466201E+043
  1.2019003049E+006  7.3467916809E+043
  1.2036003887E+006  7.3656800697E+043
  1.2053003628E+006  7.3845201072E+043
  1.2070002994E+006  7.4033143447E+043
  1.2087003979E+006  7.4220633587E+043
  1.2104002152E+006  7.4407626041E+043
  1.2121003600E+006  7.4594215449E+043
  1.2138003262E+006  7.4780517551E+043
  1.2155003745E+006  7.4966764267E+043
  1.2172004901E+006  7.5153218217E+043
  1.2189003831E+006  7.5340039532E+043
  1.2206005399E+006  7.5527400784E+043
  1.2223003011E+006  7.5715320948E+043
  1.2240003336E+006  7.5903939675E+043
  1.2257003511E+006  7.6093389504E+043
  1.2274005079E+006  7.6283864963E+043
  1.2291004728E+006  7.6475504081E+043
  1.2308004827E+006  7.6668488023E+043
  1.2325004219E+006  7.6862817687E+043
  1.2342004145E+006  7.7058375561E+043
  1.2359004515E+006  7.7254847639E+043
  1.2376004446E+006  7.7451927767E+043
  1.2393005030E+006  7.7649342155E+043
  1.2410002931E+006  7.7846876300E+043
  1.2427003901E+006  7.8044556565E+043
  1.2444003688E+006  7.8242361341E+043
  1.2461003705E+006  7.8440293982E+043
  1.2478003553E+006  7.8638236113E+043
  1.2495004245E+006  7.8836106761E+043
  1.2512002187E+006  7.9033753655E+043
  1.2529003226E+006  7.9231242176E+043
  1.2546002074E+006  7.9428541388E+043
  1.2563002771E+006  7.9625800354E+043
  1.2580002802E+006  7.9822967169E+043
  1.2597004781E+006  8.0020005200E+043
  1.2614002954E+006  8.0216749169E+043
  1.2631002932E+006  8.0413220841E+043
  1.2648003848E+006  8.0609483347E+043
  1.2665002847E+006  8.0805665859E+043
  1.2682002921E+006  8.1002041828E+043
  1.2699003092E+006  8.1198807881E+043
  1.2716004696E+006  8.1396185962E+043
  1.2733003362E+006  8.1594172757E+043
  1.2750002928E+006  8.1792717012E+043
  1.2767003815E+006  8.1991624039E+043
  1.2784003923E+006  8.2190751350E+043
  1.2801004060E+006  8.2390001748E+043
  1.2818004530E+006  8.2589417153E+043
  1.2835002797E+006  8.2789062952E+043
  1.2852003997E+006  8.2989112583E+043
  1.2869004197E+006  8.3189479253E+043
  1.2886002500E+006  8.3390091644E+043
  1.2903002185E+006  8.3590898815E+043
  1.2920002639E+006  8.3791875241E+043
  1.2937002794E+006  8.3993015179E+043
  1.2954002908E+006  8.4194403578E+043
  1.2971003046E+006  8.4396009124E+043
  1.2988004303E+006  8.4597718307E+043
  1.3005003948E+006  8.4799254974E+043
  1.3022004956E+006  8.5000489983E+043
  1.3039004284E+006  8.5201272306E+043
  1.3056005054E+006  8.5401703394E+043
  1.3073003082E+006  8.5601845182E+043
  1.3090003307E+006  8.5801931702E+043
  1.3107003757E+006  8.6002060228E+043
  1.3124004655E+006  8.6202240242E+043
  1.3141004022E+006  8.6402237506E+043
  1.3158003713E+006  8.6601827096E+043
  1.3175004936E+006  8.6800812303E+043
  1.3192004679E+006  8.6999048670E+043
  1.3209003116E+006  8.7196583376E+043
  1.3226002854E+006  8.7393654942E+043
  1.3243003021E+006  8.7590514070E+043
  1.3260004169E+006  8.7787290303E+043
  1.3277003241E+006  8.7983967977E+043
  1.3294002343E+006  8.8180506406E+043
  1.3311003470E+006  8.8376929192E+043
  1.3328003368E+006  8.8573236791E+043
  1.3345003543E+006  8.8769567249E+043
  1.3362003389E+006  8.8965986735E+043
  1.3379004376E+006  8.9162482793E+043
  1.3396004194E+006  8.9358825678E+043
  1.3413004746E+006  8.9554755958E+043
  1.3430003700E+006  8.9750063747E+043
  1.3447003301E+006  8.9944704379E+043
  1.3464003161E+006  9.0138733869E+043
  1.3481004516E+006  9.0332263849E+043
  1.3498005142E+006  9.0525428127E+043
  1.3515004290E+006  9.0718277033E+043
  1.3532004884E+006  9.0910733917E+043
  1.3549004771E+006  9.1102465143E+043
  1.3566004171E+006  9.1293102746E+043
  1.3583003783E+006  9.1482426410E+043
  1.3600004300E+006  9.1670475831E+043
  1.3617003706E+006  9.1857550320E+043
  1.3634002379E+006  9.2044057941E+043
  1.3651004127E+006  9.2230390155E+043
  1.3668002695E+006  9.2417062105E+043
  1.3685002178E+006  9.2603928087E+043
  1.3702002793E+006  9.2790259763E+043
  1.3719002795E+006  9.2976239511E+043
  1.3736003451E+006  9.3162137287E+043
  1.3753002508E+006  9.3348168536E+043
  1.3770003817E+006  9.3534587077E+043
  1.3787004071E+006  9.3721344266E+043
  1.3804003158E+006  9.3908231736E+043
  1.3821002610E+006  9.4094984570E+043
  1.3838003746E+006  9.4281430053E+043
  1.3855003296E+006  9.4467483179E+043
  1.3872004019E+006  9.4653229910E+043
  1.3889003116E+006  9.4838774094E+043
  1.3906002660E+006  9.5024243409E+043
  1.3923003372E+006  9.5209744951E+043
  1.3940003233E+006  9.5395227836E+043
  1.3957003978E+006  9.5580520082E+043
  1.3974004213E+006  9.5765395045E+043
  1.3991002299E+006  9.5949790950E+043
  1.4008003847E+006  9.6133962488E+043
  1.4025002305E+006  9.6318143049E+043
  1.4042002727E+006  9.6502725855E+043
  1.4059002091E+006  9.6687805633E+043
  1.4076003171E+006  9.6873285088E+043
  1.4093003148E+006  9.7058938275E+043
  1.4110003837E+006  9.7244677957E+043
  1.4127004577E+006  9.7430563067E+043
  1.4144002440E+006  9.7616714689E+043
  1.4161003616E+006  9.7803428338E+043
  1.4178003555E+006  9.7991107615E+043
  1.4195004191E+006  9.8180379038E+043
  1.4212002808E+006  9.8369716467E+043
  1.4229004893E+006  9.8558839823E+043
  1.4246004002E+006  9.8747497766E+043
  1.4263004418E+006  9.8935644524E+043
  1.4280003688E+006  9.9123259732E+043
  1.4297002845E+006  9.9310457590E+043
  1.4314004226E+006  9.9497444096E+043
  1.4331002326E+006  9.9684417921E+043
  1.4348002568E+006  9.9871615830E+043
  1.4365003111E+006  1.0005902784E+044
  1.4382002888E+006  1.0024666733E+044
  1.4399002996E+006  1.0043467567E+044
  1.4416002643E+006  1.0062325631E+044
  1.4433003110E+006  1.0081269043E+044
  1.4450003447E+006  1.0100319528E+044
  1.4467002953E+006  1.0119476081E+044
  1.4484003838E+006  1.0138711419E+044
  1.4501003276E+006  1.0157981974E+044
  1.4518002433E+006  1.0177263003E+044
  1.4535002782E+006  1.0196551648E+044
  1.4552004388E+006  1.0215858025E+044
  1.4569004198E+006  1.0235196237E+044
  1.4586003729E+006  1.0254586727E+044
  1.4603002790E+006  1.0274040478E+044
  1.4620002833E+006  1.0293549862E+044
  1.4637004012E+006  1.0313071058E+044
  1.4654002542E+006  1.0332539868E+044
  1.4671003188E+006  1.0351929935E+044
  1.4688002544E+006  1.0371253943E+044
  1.4705003853E+006  1.0390661694E+044
  1.4722002321E+006  1.0410109990E+044
  1.4739003906E+006  1.0429602716E+044
  1.4756003465E+006  1.0449160288E+044
  1.4773001994E+006  1.0468764141E+044
  1.4790002422E+006  1.0488396354E+044
  1.4807003274E+006  1.0508050890E+044
  1.4824004200E+006  1.0527739895E+044
  1.4841004318E+006  1.0547483747E+044
  1.4858002878E+006  1.0567304861E+044
  1.4875002532E+006  1.0587221242E+044
  1.4892004634E+006  1.0607215210E+044
  1.4909004178E+006  1.0627227211E+044
  1.4926003810E+006  1.0647204768E+044
  1.4943002593E+006  1.0667114190E+044
  1.4960002987E+006  1.0686948144E+044
  1.4977002537E+006  1.0706710583E+044
  1.4994003050E+006  1.0726422208E+044
  1.5011003411E+006  1.0746118029E+044
  1.5028002251E+006  1.0765834851E+044
  1.5045004004E+006  1.0785589775E+044
  1.5062002936E+006  1.0805368418E+044
  1.5079002197E+006  1.0825173846E+044
  1.5096002141E+006  1.0845019815E+044
  1.5113002581E+006  1.0864931222E+044
  1.5130002800E+006  1.0884935615E+044
  1.5147002177E+006  1.0905054157E+044
  1.5164003655E+006  1.0925282248E+044
  1.5181004209E+006  1.0945564427E+044
  1.5198003712E+006  1.0965839299E+044
  1.5215002898E+006  1.0986070571E+044
  1.5232004745E+006  1.1006255053E+044
  1.5249004290E+006  1.1026433908E+044
  1.5266003011E+006  1.1046715653E+044
  1.5283002884E+006  1.1066890500E+044
  1.5300004407E+006  1.1087057730E+044
  1.5317004220E+006  1.1107229982E+044
  1.5334003255E+006  1.1127389983E+044
  1.5351003101E+006  1.1147509386E+044
  1.5368002945E+006  1.1167580518E+044
  1.5385003405E+006  1.1187630079E+044
  1.5402003809E+006  1.1207702622E+044
  1.5419002923E+006  1.1227845961E+044
  1.5436002432E+006  1.1248094855E+044
  1.5453002499E+006  1.1268435266E+044
  1.5470002090E+006  1.1288806786E+044
  1.5487003366E+006  1.1309155473E+044
  1.5504004049E+006  1.1329454891E+044
  1.5521004001E+006  1.1349712087E+044
  1.5538003680E+006  1.1369951606E+044
  1.5555003109E+006  1.1390201512E+044
  1.5572003826E+006  1.1410488167E+044
  1.5589003390E+006  1.1430823146E+044
  1.5606002870E+006  1.1451192808E+044
  1.5623002617E+006  1.1471526664E+044
  1.5640004469E+006  1.1491735871E+044
  1.5657003471E+006  1.1511775159E+044
  1.5674002773E+006  1.1531686514E+044
  1.5691002141E+006  1.1551554404E+044
  1.5708002577E+006  1.1571470951E+044
  1.5725003872E+006  1.1591502603E+044
  1.5742002562E+006  1.1611647746E+044
  1.5759002397E+006  1.1631852242E+044
  1.5776002974E+006  1.1652054065E+044
  1.5793002482E+006  1.1672224840E+044
  1.5810002322E+006  1.1692373435E+044
  1.5827002322E+006  1.1712525183E+044
  1.5844003438E+006  1.1732710440E+044
  1.5861003204E+006  1.1752951666E+044
  1.5878004173E+006  1.1773265248E+044
  1.5895002501E+006  1.1793626071E+044
  1.5912002517E+006  1.1814123752E+044
  1.5929003082E+006  1.1834340962E+044
  1.5946003592E+006  1.1854295571E+044
  1.5963002990E+006  1.1874034081E+044
  1.5980003793E+006  1.1893640290E+044
  1.5997004103E+006  1.1913225077E+044
  1.6014003637E+006  1.1932894391E+044
  1.6031002268E+006  1.1952699621E+044
  1.6048002862E+006  1.1972607435E+044
  1.6065002823E+006  1.1992542053E+044
  1.6082001836E+006  1.2012459201E+044
  1.6099002616E+006  1.2032358570E+044
  1.6116003034E+006  1.2052260139E+044
  1.6133004192E+006  1.2072195888E+044
  1.6150002470E+006  1.2092189465E+044
  1.6167004381E+006  1.2112268166E+044
  1.6184002310E+006  1.2132417576E+044
  1.6201002708E+006  1.2152572122E+044
  1.6218002762E+006  1.2172608009E+044
  1.6235002971E+006  1.2192433706E+044
  1.6252002296E+006  1.2212014960E+044
  1.6269003444E+006  1.2231387316E+044
  1.6286002801E+006  1.2250644109E+044
  1.6303002562E+006  1.2269913123E+044
  1.6320004117E+006  1.2289302958E+044
  1.6337002115E+006  1.2308839820E+044
  1.6354002710E+006  1.2328465816E+044
  1.6371003222E+006  1.2348092997E+044
  1.6388001994E+006  1.2367679109E+044
  1.6405001957E+006  1.2387233225E+044
  1.6422003494E+006  1.2406784697E+044
  1.6439003339E+006  1.2426363330E+044
  1.6456003295E+006  1.2445998716E+044
  1.6473002339E+006  1.2465707359E+044
  1.6490002546E+006  1.2485489305E+044
  1.6507004052E+006  1.2505275350E+044
  1.6524003853E+006  1.2524923683E+044
  1.6541003643E+006  1.2544318392E+044
  1.6558002965E+006  1.2563422096E+044
  1.6575002532E+006  1.2582299192E+044
  1.6592003379E+006  1.2601081733E+044
  1.6609002013E+006  1.2619902630E+044
  1.6626003370E+006  1.2638870881E+044
  1.6643002305E+006  1.2658015802E+044
  1.6660003009E+006  1.2677266253E+044
  1.6677001844E+006  1.2696498549E+044
  1.6694001949E+006  1.2715647103E+044
  1.6711001674E+006  1.2734704622E+044
  1.6728003441E+006  1.2753703638E+044
  1.6745002957E+006  1.2772677967E+044
  1.6762003942E+006  1.2791664532E+044
  1.6779002839E+006  1.2810680483E+044
  1.6796004122E+006  1.2829738899E+044
  1.6813002994E+006  1.2848826905E+044
  1.6830002674E+006  1.2867888519E+044
  1.6847002953E+006  1.2886782605E+044
  1.6864003114E+006  1.2905540847E+044
  1.6881002926E+006  1.2924071916E+044
  1.6898003899E+006  1.2942365095E+044
  1.6915003447E+006  1.2960629139E+044
  1.6932003438E+006  1.2978979971E+044
  1.6949002256E+006  1.2997478969E+044
  1.6966002240E+006  1.3014969268E+044
  1.6983003103E+006  1.3033671470E+044
  1.7000002644E+006  1.3052268646E+044
  1.7017003496E+006  1.3070677756E+044
  1.7034003757E+006  1.3088894972E+044
  1.7051002477E+006  1.3106958466E+044
  1.7068002968E+006  1.3124918114E+044
  1.7085003738E+006  1.3142808163E+044
  1.7102004068E+006  1.3160647484E+044
  1.7119003670E+006  1.3178439848E+044
  1.7136002232E+006  1.3196186275E+044
  1.7153003051E+006  1.3213880053E+044
  1.7170002891E+006  1.3231463501E+044
  1.7187002285E+006  1.3248905340E+044
  1.7204001989E+006  1.3266237946E+044
  1.7221002652E+006  1.3283528485E+044
  1.7238002234E+006  1.3300841526E+044
  1.7255002137E+006  1.3318228325E+044
  1.7272002138E+006  1.3335718325E+044
  1.7289002718E+006  1.3353323370E+044
  1.7306003665E+006  1.3371011025E+044
  1.7323002070E+006  1.3388634113E+044
  1.7340003440E+006  1.3406015976E+044
  1.7357002544E+006  1.3423058544E+044
  1.7374002918E+006  1.3439766056E+044
  1.7391002326E+006  1.3456179071E+044
  1.7408002525E+006  1.3472351694E+044
  1.7425002874E+006  1.3488369552E+044
  1.7442002165E+006  1.3504370104E+044
  1.7459002143E+006  1.3520493569E+044
  1.7476003605E+006  1.3536807519E+044
  1.7493002424E+006  1.3553217731E+044
  1.7510001839E+006  1.3569558106E+044
  1.7527002722E+006  1.3584407690E+044
  1.7544002612E+006  1.3596342341E+044
  1.7561002573E+006  1.3612273007E+044
  1.7578002179E+006  1.3628129561E+044
  1.7595003753E+006  1.3643993806E+044
  1.7612002563E+006  1.3660009938E+044
  1.7629004073E+006  1.3675938390E+044
  1.7646003343E+006  1.3691838561E+044
  1.7663002991E+006  1.3707728436E+044
  1.7680002196E+006  1.3723583343E+044
  1.7697003928E+006  1.3739315753E+044
  1.7714003286E+006  1.3754819938E+044
  1.7731002768E+006  1.3770103219E+044
  1.7748001940E+006  1.3785259049E+044
  1.7765002761E+006  1.3800400756E+044
  1.7782002635E+006  1.3815615157E+044
  1.7799002948E+006  1.3830959716E+044
  1.7816003018E+006  1.3845905905E+044
  1.7833002159E+006  1.3860980894E+044
  1.7850002744E+006  1.3876742160E+044
  1.7867002813E+006  1.3892419814E+044
  1.7884002716E+006  1.3907817041E+044
  1.7901003722E+006  1.3922883835E+044
  1.7918002393E+006  1.3937778681E+044
  1.7935002653E+006  1.3952323439E+044
  1.7952004118E+006  1.3966635944E+044
  1.7969003699E+006  1.3980846953E+044
  1.7986003033E+006  1.3995128538E+044
  1.8003002921E+006  1.4009635576E+044
  1.8020002086E+006  1.4024456473E+044
  1.8037002199E+006  1.4039566709E+044
  1.8054002310E+006  1.4054764041E+044
  1.8071002656E+006  1.4069841172E+044
  1.8088002572E+006  1.4084095256E+044
  1.8105002320E+006  1.4096489661E+044
  1.8122002974E+006  1.4111196346E+044
  1.8139003004E+006  1.4125830797E+044
  1.8156003455E+006  1.4140466310E+044
  1.8173002846E+006  1.4155136030E+044
  1.8190004058E+006  1.4169851262E+044
  1.8207002300E+006  1.4184722822E+044
  1.8224002861E+006  1.4199553293E+044
  1.8241002572E+006  1.4214381943E+044
  1.8258003272E+006  1.4229178621E+044
  1.8275001628E+006  1.4243843657E+044
  1.8292002428E+006  1.4258376721E+044
  1.8309002313E+006  1.4272847462E+044
  1.8326001845E+006  1.4287342590E+044
  1.8343002105E+006  1.4301928925E+044
  1.8360002329E+006  1.4316644140E+044
  1.8377002408E+006  1.4330421631E+044
  1.8394002265E+006  1.4345438065E+044
  1.8411003211E+006  1.4360572928E+044
  1.8428002537E+006  1.4375789763E+044
  1.8445002218E+006  1.4391067758E+044
  1.8462002666E+006  1.4406298422E+044
  1.8479002667E+006  1.4421235187E+044
  1.8496003132E+006  1.4435831248E+044
  1.8513003707E+006  1.4450129424E+044
  1.8530002928E+006  1.4464254301E+044
  1.8547002438E+006  1.4478420606E+044
  1.8564001956E+006  1.4492743960E+044
  1.8581002117E+006  1.4507277028E+044
  1.8598002109E+006  1.4522030692E+044
  1.8615001615E+006  1.4536993234E+044
  1.8632001830E+006  1.4552140571E+044
  1.8649002460E+006  1.4567394652E+044
  1.8666003211E+006  1.4582511232E+044
  1.8683001909E+006  1.4597225413E+044
  1.8700002494E+006  1.4611455869E+044
  1.8717002075E+006  1.4625253416E+044
  1.8734002684E+006  1.4638734150E+044
  1.8751002488E+006  1.4652089563E+044
  1.8768003942E+006  1.4665549810E+044
  1.8785003651E+006  1.4679277422E+044
  1.8802001955E+006  1.4693351975E+044
  1.8819002229E+006  1.4707908427E+044
  1.8836002885E+006  1.4722704874E+044
  1.8853001766E+006  1.4737743127E+044
  1.8870001565E+006  1.4752875341E+044
  1.8887002067E+006  1.4767788806E+044
  1.8904002278E+006  1.4782284466E+044
  1.8921003178E+006  1.4796361577E+044
  1.8938002473E+006  1.4810109383E+044
  1.8955002608E+006  1.4823626214E+044
  1.8972002355E+006  1.4836979024E+044
  1.8989003414E+006  1.4850240944E+044
  1.9006003168E+006  1.4863561380E+044
  1.9023002627E+006  1.4877116587E+044
  1.9040002161E+006  1.4891015897E+044
  1.9057002770E+006  1.4905290902E+044
  1.9074002244E+006  1.4919917082E+044
  1.9091002820E+006  1.4934795087E+044
  1.9108002713E+006  1.4949627032E+044
  1.9125002644E+006  1.4963522285E+044
  1.9142002242E+006  1.4977132175E+044
  1.9159002045E+006  1.4990769190E+044
  1.9176003370E+006  1.5004403410E+044
  1.9193002889E+006  1.5017734437E+044
  1.9210003082E+006  1.5030894220E+044
  1.9227002320E+006  1.5043945287E+044
  1.9244003353E+006  1.5056991969E+044
  1.9261003026E+006  1.5070206190E+044
  1.9278003752E+006  1.5083729863E+044
  1.9295003388E+006  1.5097618312E+044
  1.9312001870E+006  1.5111862979E+044
  1.9329002442E+006  1.5126408827E+044
  1.9346002073E+006  1.5141040529E+044
  1.9363002380E+006  1.5155397060E+044
  1.9380001865E+006  1.5169278283E+044
  1.9397001903E+006  1.5182222683E+044
  1.9414002184E+006  1.5195338143E+044
  1.9431002156E+006  1.5208207888E+044
  1.9448002340E+006  1.5220890489E+044
  1.9465003088E+006  1.5233431599E+044
  1.9482003028E+006  1.5245924238E+044
  1.9499003180E+006  1.5258550695E+044
  1.9516003320E+006  1.5271468033E+044
  1.9533003546E+006  1.5284745139E+044
  1.9550002596E+006  1.5298376840E+044
  1.9567003061E+006  1.5312320404E+044
  1.9584002114E+006  1.5326511186E+044
  1.9601001676E+006  1.5340903070E+044
  1.9618001561E+006  1.5355200295E+044
  1.9635002046E+006  1.5368576230E+044
  1.9652001868E+006  1.5381525089E+044
  1.9669002057E+006  1.5394082616E+044
  1.9686003486E+006  1.5406202125E+044
  1.9703002053E+006  1.5417994070E+044
  1.9720003558E+006  1.5429632196E+044
  1.9737002815E+006  1.5441348705E+044
  1.9754002645E+006  1.5453325016E+044
  1.9771002396E+006  1.5465636398E+044
  1.9788003142E+006  1.5478282276E+044
  1.9805001686E+006  1.5491217444E+044
  1.9822003078E+006  1.5504385484E+044
  1.9839001941E+006  1.5517717234E+044
  1.9856001784E+006  1.5531151796E+044
  1.9873002477E+006  1.5544629020E+044
  1.9890001999E+006  1.5558091174E+044
  1.9907002339E+006  1.5571486200E+044
  1.9924002960E+006  1.5584730475E+044
  1.9941001900E+006  1.5597608997E+044
  1.9958002946E+006  1.5609908081E+044
  1.9975002440E+006  1.5621669479E+044
  1.9992003512E+006  1.5633109146E+044
  2.0009001969E+006  1.5644429374E+044
  2.0026001946E+006  1.5655765440E+044
  2.0043002760E+006  1.5667181211E+044
  2.0060001995E+006  1.5678691947E+044
  2.0077002895E+006  1.5690287505E+044
  2.0094001366E+006  1.5701935949E+044
  2.0111001937E+006  1.5713602071E+044
  2.0128002726E+006  1.5725241540E+044
  2.0145002530E+006  1.5736807859E+044
  2.0162002229E+006  1.5748259040E+044
  2.0179003651E+006  1.5759619368E+044
  2.0196003216E+006  1.5771033015E+044
  2.0213002486E+006  1.5782658735E+044
  2.0230002790E+006  1.5794237282E+044
  2.0247002897E+006  1.5805319937E+044
  2.0264003105E+006  1.5815942394E+044
  2.0281001640E+006  1.5826223906E+044
  2.0298002344E+006  1.5836290239E+044
  2.0315001498E+006  1.5846223163E+044
  2.0332002463E+006  1.5856067026E+044
  2.0349002813E+006  1.5865831118E+044
  2.0366002453E+006  1.5875504691E+044
  2.0383003430E+006  1.5885066011E+044
  2.0400002858E+006  1.5894531690E+044
  2.0417002572E+006  1.5904049200E+044
  2.0434001937E+006  1.5913788686E+044
  2.0451002820E+006  1.5923831361E+044
  2.0468002672E+006  1.5934169057E+044
  2.0485002656E+006  1.5944748291E+044
  2.0502001687E+006  1.5955495755E+044
  2.0519002597E+006  1.5966337664E+044
  2.0536002784E+006  1.5977199903E+044
  2.0553002192E+006  1.5988015629E+044
  2.0570001310E+006  1.5998724010E+044
  2.0587001780E+006  1.6009270319E+044
  2.0604002780E+006  1.6019604660E+044
  2.0621003464E+006  1.6029680570E+044
  2.0638002204E+006  1.6039326935E+044
  2.0655002526E+006  1.6048387963E+044
  2.0672002411E+006  1.6056939685E+044
  2.0689003346E+006  1.6065165005E+044
  2.0706002689E+006  1.6073215893E+044
  2.0723002547E+006  1.6081183186E+044
  2.0740001497E+006  1.6089102686E+044
  2.0757001768E+006  1.6096976511E+044
  2.0774001444E+006  1.6104784170E+044
  2.0791002459E+006  1.6112495370E+044
  2.0808001979E+006  1.6120072330E+044
  2.0825002212E+006  1.6127481455E+044
  2.0842002259E+006  1.6134758001E+044
  2.0859002560E+006  1.6142208044E+044
  2.0876002175E+006  1.6149742075E+044
  2.0893001991E+006  1.6157468383E+044
  2.0910001807E+006  1.6165397651E+044
  2.0927002822E+006  1.6173479127E+044
  2.0944002101E+006  1.6181642904E+044
  2.0961002224E+006  1.6189820979E+044
  2.0978002282E+006  1.6197948869E+044
  2.0995002339E+006  1.6205968851E+044
  2.1012001837E+006  1.6213829156E+044
  2.1029002806E+006  1.6221485069E+044
  2.1046002337E+006  1.6228909511E+044
  2.1063002654E+006  1.6236183185E+044
  2.1080002021E+006  1.6243397090E+044
  2.1097002127E+006  1.6250335284E+044
  2.1114002963E+006  1.6256743261E+044
  2.1131002282E+006  1.6262674571E+044
  2.1148001813E+006  1.6268315014E+044
  2.1165002030E+006  1.6273652359E+044
  2.1182001934E+006  1.6278828570E+044
  2.1199002479E+006  1.6283903776E+044
  2.1216001320E+006  1.6288890255E+044
  2.1233002428E+006  1.6293778480E+044
  2.1250002203E+006  1.6298550645E+044
  2.1267003021E+006  1.6303256775E+044
  2.1284002348E+006  1.6308059731E+044
  2.1301001771E+006  1.6313100344E+044
  2.1318003312E+006  1.6318422206E+044
  2.1335002652E+006  1.6323995712E+044
  2.1352002828E+006  1.6329762901E+044
  2.1369002296E+006  1.6335760550E+044
  2.1386002489E+006  1.6341753005E+044
  2.1403002326E+006  1.6347700404E+044
  2.1420001861E+006  1.6353571533E+044
  2.1437002291E+006  1.6359326072E+044
  2.1454003020E+006  1.6364926604E+044
  2.1471003273E+006  1.6370389526E+044
  2.1488001905E+006  1.6375849382E+044
  2.1505003129E+006  1.6381448864E+044
  2.1522002908E+006  1.6387242009E+044
  2.1539001789E+006  1.6393212450E+044
  2.1556002477E+006  1.6399309493E+044
  2.1573002921E+006  1.6405514175E+044
  2.1590001767E+006  1.6411754951E+044
  2.1607001451E+006  1.6417887573E+044
  2.1624001917E+006  1.6423896989E+044
  2.1641002025E+006  1.6429750944E+044
  2.1658002789E+006  1.6435418909E+044
  2.1675001807E+006  1.6440914794E+044
  2.1692001743E+006  1.6446364604E+044
  2.1709003039E+006  1.6451906713E+044
  2.1726002537E+006  1.6457599813E+044
  2.1743002848E+006  1.6463435692E+044
  2.1760003148E+006  1.6469370385E+044
  2.1777001596E+006  1.6475348165E+044
  2.1794002349E+006  1.6481390770E+044
  2.1811002429E+006  1.6487337515E+044
  2.1828001964E+006  1.6493146995E+044
  2.1845001264E+006  1.6498800024E+044
  2.1862001591E+006  1.6504278166E+044
  2.1879002988E+006  1.6509621943E+044
  2.1896002258E+006  1.6514942841E+044
  2.1913001906E+006  1.6520337636E+044
  2.1930001793E+006  1.6525868051E+044
  2.1947002348E+006  1.6531611701E+044
  2.1964001685E+006  1.6537598082E+044
  2.1981001727E+006  1.6543995573E+044
  2.1998002685E+006  1.6550969717E+044
  2.2015001371E+006  1.6558462910E+044
  2.2032002336E+006  1.6566220569E+044
  2.2049001780E+006  1.6573967875E+044
  2.2066002204E+006  1.6581592961E+044
  2.2083002447E+006  1.6589071109E+044
  2.2100002798E+006  1.6596452219E+044
  2.2117002434E+006  1.6603769695E+044
  2.2134002863E+006  1.6611016036E+044
  2.2151002184E+006  1.6618158034E+044
  2.2168002457E+006  1.6625162177E+044
  2.2185002756E+006  1.6631997576E+044
  2.2202002623E+006  1.6638637620E+044
  2.2219002048E+006  1.6645060148E+044
  2.2236001808E+006  1.6651248035E+044
  2.2253001439E+006  1.6657209387E+044
  2.2270002940E+006  1.6663009161E+044
  2.2287001849E+006  1.6668605506E+044
  2.2304003174E+006  1.6674122139E+044
  2.2321003170E+006  1.6679598275E+044
  2.2338003067E+006  1.6685039651E+044
  2.2355002609E+006  1.6690429718E+044
  2.2372002217E+006  1.6695746947E+044
  2.2389002528E+006  1.6701068934E+044
  2.2406002239E+006  1.6706690504E+044
  2.2423002436E+006  1.6712804374E+044
  2.2440001660E+006  1.6719329342E+044
  2.2457002291E+006  1.6726078356E+044
  2.2474002418E+006  1.6732901466E+044
  2.2491001922E+006  1.6739707002E+044
  2.2508002166E+006  1.6746430342E+044
  2.2525002331E+006  1.6753019044E+044
  2.2542002233E+006  1.6759497697E+044
  2.2559002222E+006  1.6765740933E+044
  2.2576002551E+006  1.6771740040E+044
  2.2593002555E+006  1.6777509173E+044
  2.2610001518E+006  1.6783042856E+044
  2.2627001773E+006  1.6788338244E+044
  2.2644001860E+006  1.6793397601E+044
  2.2661001898E+006  1.6798231536E+044
  2.2678002575E+006  1.6802853474E+044
  2.2695003041E+006  1.6807272790E+044
  2.2712003047E+006  1.6811494311E+044
  2.2729001796E+006  1.6815520950E+044
  2.2746001959E+006  1.6819357193E+044
  2.2763002045E+006  1.6823008167E+044
  2.2780001438E+006  1.6826481176E+044
  2.2797001390E+006  1.6829786231E+044
  2.2814001223E+006  1.6832935386E+044
  2.2831001549E+006  1.6835935556E+044
  2.2848001247E+006  1.6838771961E+044
  2.2865002385E+006  1.6841425015E+044
  2.2882001934E+006  1.6843886538E+044
  2.2899001592E+006  1.6846243404E+044
  2.2916001708E+006  1.6848365962E+044
  2.2933002591E+006  1.6850311644E+044
  2.2950002234E+006  1.6852236544E+044
  2.2967001656E+006  1.6854472191E+044
  2.2984001957E+006  1.6857202484E+044
  2.3001001906E+006  1.6860366927E+044
  2.3018000720E+006  1.6863789205E+044
  2.3035001433E+006  1.6867255008E+044
  2.3052001950E+006  1.6870588548E+044
  2.3069002197E+006  1.6873686566E+044
  2.3086002125E+006  1.6876504458E+044
  2.3103002377E+006  1.6879035187E+044
  2.3120002346E+006  1.6881293389E+044
  2.3137001758E+006  1.6883305694E+044
  2.3154001490E+006  1.6885105530E+044
  2.3171001751E+006  1.6886730566E+044
  2.3188001470E+006  1.6888207930E+044
  2.3205001419E+006  1.6889495252E+044
  2.3222001094E+006  1.6890500465E+044
  2.3239001116E+006  1.6891165698E+044
  2.3256001834E+006  1.6891486384E+044
  2.3273002383E+006  1.6891494822E+044
  2.3290002480E+006  1.6891243787E+044
  2.3307002139E+006  1.6890794964E+044
  2.3324001729E+006  1.6890211842E+044
  2.3341002022E+006  1.6889555145E+044
  2.3358002021E+006  1.6888875822E+044
  2.3375001499E+006  1.6888154369E+044
  2.3392001574E+006  1.6887264409E+044
  2.3409001920E+006  1.6886086273E+044
  2.3426001234E+006  1.6884572884E+044
  2.3443000978E+006  1.6882739711E+044
  2.3460002265E+006  1.6880741342E+044
  2.3477002221E+006  1.6878998147E+044
  2.3494001509E+006  1.6877563014E+044
  2.3511002388E+006  1.6876535235E+044
  2.3528001844E+006  1.6875861996E+044
  2.3545001234E+006  1.6875427383E+044
  2.3562001734E+006  1.6875002609E+044
  2.3579001902E+006  1.6874342118E+044
  2.3596001685E+006  1.6873297940E+044
  2.3613001623E+006  1.6871822475E+044
  2.3630002711E+006  1.6869932387E+044
  2.3647002304E+006  1.6867684188E+044
  2.3664001517E+006  1.6865160067E+044
  2.3681001353E+006  1.6862458403E+044
  2.3698001722E+006  1.6859682185E+044
  2.3715002196E+006  1.6856878542E+044
  2.3732001994E+006  1.6853929082E+044
  2.3749001230E+006  1.6850715928E+044
  2.3766001906E+006  1.6847374493E+044
  2.3783002710E+006  1.6844065887E+044
  2.3800001608E+006  1.6840800804E+044
  2.3817001946E+006  1.6837521203E+044
  2.3834001589E+006  1.6834188454E+044
  2.3851001880E+006  1.6830809720E+044
  2.3868002124E+006  1.6827431653E+044
  2.3885001331E+006  1.6824064010E+044
  2.3902001576E+006  1.6820550443E+044
  2.3919001154E+006  1.6816674576E+044
  2.3936001749E+006  1.6812307042E+044
  2.3953001864E+006  1.6807421638E+044
  2.3970002199E+006  1.6802057025E+044
  2.3987002313E+006  1.6796288731E+044
  2.4004002168E+006  1.6790217251E+044
  2.4021001875E+006  1.6783963707E+044
  2.4038001715E+006  1.6777657048E+044
  2.4055001532E+006  1.6771332391E+044
  2.4072001435E+006  1.6764829357E+044
  2.4089001787E+006  1.6758119003E+044
  2.4106001516E+006  1.6751121142E+044
  2.4123001532E+006  1.6744044239E+044
  2.4140001454E+006  1.6736951382E+044
  2.4157001668E+006  1.6729824550E+044
  2.4174001600E+006  1.6722655975E+044
  2.4191001329E+006  1.6715479960E+044
  2.4208001843E+006  1.6708347180E+044
  2.4225001209E+006  1.6701182611E+044
  2.4242001902E+006  1.6693765089E+044
  2.4259001660E+006  1.6685916422E+044
  2.4276002303E+006  1.6677576786E+044
  2.4293002239E+006  1.6668781585E+044
  2.4310002590E+006  1.6659614156E+044
  2.4327002200E+006  1.6650181745E+044
  2.4344001871E+006  1.6640607173E+044
  2.4361001719E+006  1.6631134495E+044
  2.4378002140E+006  1.6621713340E+044
  2.4395001204E+006  1.6612425105E+044
  2.4412001383E+006  1.6603214858E+044
  2.4429001338E+006  1.6594098094E+044
  2.4446001716E+006  1.6584668773E+044
  2.4463001525E+006  1.6575028927E+044
  2.4480001884E+006  1.6565196577E+044
  2.4497002568E+006  1.6555231757E+044
  2.4514001567E+006  1.6545227645E+044
  2.4531001466E+006  1.6535270243E+044
  2.4548001974E+006  1.6525295292E+044
  2.4565001848E+006  1.6515122762E+044
  2.4582001353E+006  1.6504632225E+044
  2.4599001927E+006  1.6493753239E+044
  2.4616001799E+006  1.6482738853E+044
  2.4633001495E+006  1.6471753164E+044
  2.4650001948E+006  1.6460853441E+044
  2.4667001580E+006  1.6450065755E+044
  2.4684001307E+006  1.6439413643E+044
  2.4701001319E+006  1.6428818500E+044
  2.4718001598E+006  1.6418071615E+044
  2.4735001081E+006  1.6406993401E+044
  2.4752001639E+006  1.6395514542E+044
  2.4769002031E+006  1.6383668228E+044
  2.4786001339E+006  1.6371625721E+044
  2.4803001530E+006  1.6359334072E+044
  2.4820001352E+006  1.6346942930E+044
  2.4837001883E+006  1.6334585199E+044
  2.4854001311E+006  1.6322384557E+044
  2.4871001983E+006  1.6310337374E+044
  2.4888001384E+006  1.6298324139E+044
  2.4905001172E+006  1.6286224401E+044
  2.4922001403E+006  1.6273979636E+044
  2.4939001916E+006  1.6261588546E+044
  2.4956002433E+006  1.6249087096E+044
  2.4973001934E+006  1.6236533135E+044
  2.4990001466E+006  1.6224019337E+044
  2.5007001582E+006  1.6211640031E+044
  2.5024001835E+006  1.6199268357E+044
  2.5041002023E+006  1.6186866747E+044
  2.5058001111E+006  1.6174366873E+044
  2.5075001426E+006  1.6161737728E+044
  2.5092001411E+006  1.6148994352E+044
  2.5109001735E+006  1.6136212965E+044
  2.5126002376E+006  1.6123541893E+044
  2.5143001486E+006  1.6111075548E+044
  2.5160002042E+006  1.6098734881E+044
  2.5177002112E+006  1.6086330964E+044
  2.5194001663E+006  1.6073707382E+044
  2.5211001158E+006  1.6060799969E+044
  2.5228001800E+006  1.6047623214E+044
  2.5245001841E+006  1.6034316633E+044
  2.5262001670E+006  1.6020775131E+044
  2.5279001666E+006  1.6007129839E+044
  2.5296001874E+006  1.5993474839E+044
  2.5313002115E+006  1.5979817751E+044
  2.5330001656E+006  1.5966076354E+044
  2.5347001561E+006  1.5952174771E+044
  2.5364001235E+006  1.5938092531E+044
  2.5381001361E+006  1.5923848011E+044
  2.5398001489E+006  1.5909472966E+044
  2.5415001707E+006  1.5894994845E+044
  2.5432001412E+006  1.5880418253E+044
  2.5449001518E+006  1.5865690268E+044
  2.5466002052E+006  1.5850763951E+044
  2.5483001958E+006  1.5835642115E+044
  2.5500002092E+006  1.5820358532E+044
  2.5517001844E+006  1.5804960714E+044
  2.5534001692E+006  1.5789600977E+044
  2.5551001209E+006  1.5774119067E+044
  2.5568002247E+006  1.5758566527E+044
  2.5585001399E+006  1.5742939500E+044
  2.5602001491E+006  1.5727180956E+044
  2.5619001193E+006  1.5711224355E+044
  2.5636001536E+006  1.5695039929E+044
  2.5653001551E+006  1.5678674717E+044
  2.5670000978E+006  1.5662223378E+044
  2.5687000987E+006  1.5645750004E+044
  2.5704001201E+006  1.5629263145E+044
  2.5721002047E+006  1.5612711219E+044
  2.5738002055E+006  1.5595990339E+044
  2.5755002280E+006  1.5579000071E+044
  2.5772001112E+006  1.5561707563E+044
  2.5789001839E+006  1.5544148911E+044
  2.5806001771E+006  1.5526406438E+044
  2.5823001405E+006  1.5508566046E+044
  2.5840001253E+006  1.5490696677E+044
  2.5857001819E+006  1.5472800040E+044
  2.5874001495E+006  1.5454800765E+044
  2.5891001921E+006  1.5436602460E+044
  2.5908002166E+006  1.5418155679E+044
  2.5925001093E+006  1.5399487663E+044
  2.5942001936E+006  1.5380685358E+044
  2.5959001345E+006  1.5361840429E+044
  2.5976001148E+006  1.5342984985E+044
  2.5993001229E+006  1.5324229807E+044
  2.6010001496E+006  1.5305270446E+044
  2.6027001343E+006  1.5286102569E+044
  2.6044001804E+006  1.5266735861E+044
  2.6061001028E+006  1.5247198165E+044
  2.6078001570E+006  1.5227538844E+044
  2.6095001356E+006  1.5207818710E+044
  2.6112001038E+006  1.5188064580E+044
  2.6129001251E+006  1.5168247963E+044
  2.6146001634E+006  1.5148309657E+044
  2.6163002023E+006  1.5128198817E+044
  2.6180002024E+006  1.5107892694E+044
  2.6197002035E+006  1.5087408425E+044
  2.6214001686E+006  1.5066815736E+044
  2.6231001387E+006  1.5046216101E+044
  2.6248000997E+006  1.5025683385E+044
  2.6265000864E+006  1.5005219927E+044
  2.6282001401E+006  1.4984772043E+044
  2.6299001281E+006  1.4964273150E+044
  2.6316001184E+006  1.4943674228E+044
  2.6333001438E+006  1.4922969038E+044
  2.6350001930E+006  1.4902203898E+044
  2.6367001516E+006  1.4881464371E+044
  2.6384001681E+006  1.4860819059E+044
  2.6401001634E+006  1.4840281967E+044
  2.6418000884E+006  1.4819810590E+044
  2.6435001387E+006  1.4799332917E+044
  2.6452001548E+006  1.4778789612E+044
  2.6469001168E+006  1.4758154282E+044
  2.6486001326E+006  1.4737450571E+044
  2.6503001189E+006  1.4716753289E+044
  2.6520001183E+006  1.4696142603E+044
  2.6537001050E+006  1.4675653563E+044
  2.6554000836E+006  1.4655257773E+044
  2.6571001231E+006  1.4634885068E+044
  2.6588001683E+006  1.4614460816E+044
  2.6605001559E+006  1.4593941488E+044
  2.6622001211E+006  1.4573345586E+044
  2.6639001447E+006  1.4552755406E+044
  2.6656001149E+006  1.4532263739E+044
  2.6673001329E+006  1.4511901715E+044
  2.6690000980E+006  1.4491627067E+044
  2.6707001633E+006  1.4471349801E+044
  2.6724001867E+006  1.4450992115E+044
  2.6741001330E+006  1.4430531056E+044
  2.6758001646E+006  1.4410020548E+044
  2.6775001367E+006  1.4389585267E+044
  2.6792001339E+006  1.4369352189E+044
  2.6809000881E+006  1.4349379863E+044
  2.6826001347E+006  1.4329636436E+044
  2.6843001287E+006  1.4310040603E+044
  2.6860001665E+006  1.4290502717E+044
  2.6877001600E+006  1.4270967780E+044
  2.6894001762E+006  1.4251442165E+044
  2.6911001149E+006  1.4232002124E+044
  2.6928001334E+006  1.4212727095E+044
  2.6945000995E+006  1.4193629270E+044
  2.6962000809E+006  1.4174642542E+044
  2.6979000935E+006  1.4155672907E+044
  2.6996001073E+006  1.4136648327E+044
  2.7013001140E+006  1.4117552442E+044
  2.7030001145E+006  1.4098446746E+044
  2.7047001221E+006  1.4079459468E+044
  2.7064001341E+006  1.4060708457E+044
  2.7081001052E+006  1.4042218828E+044
  2.7098000964E+006  1.4023911675E+044
  2.7115001232E+006  1.4005656550E+044
  2.7132001241E+006  1.3987337707E+044
  2.7149001407E+006  1.3968905811E+044
  2.7166001578E+006  1.3950412856E+044
  2.7183001060E+006  1.3931988694E+044
  2.7200000981E+006  1.3913730977E+044
  2.7217001288E+006  1.3895631980E+044
  2.7234001122E+006  1.3877603427E+044
  2.7251001646E+006  1.3859544159E+044
  2.7268001690E+006  1.3841414413E+044
  2.7285001616E+006  1.3823279407E+044
  2.7302001814E+006  1.3805306440E+044
  2.7319001247E+006  1.3787674017E+044
  2.7336001254E+006  1.3770441467E+044
  2.7353001365E+006  1.3753523548E+044
  2.7370001200E+006  1.3736754200E+044
  2.7387001259E+006  1.3719972815E+044
  2.7404000957E+006  1.3703091890E+044
  2.7421001263E+006  1.3686134199E+044
  2.7438000992E+006  1.3669226173E+044
  2.7455001147E+006  1.3652477477E+044
  2.7472000806E+006  1.3635881420E+044
  2.7489001014E+006  1.3619332406E+044
  2.7506001226E+006  1.3602720425E+044
  2.7523001323E+006  1.3586007631E+044
  2.7540001784E+006  1.3569261045E+044
  2.7557001036E+006  1.3552648392E+044
  2.7574001452E+006  1.3536341196E+044
  2.7591000797E+006  1.3520383895E+044
  2.7608001309E+006  1.3504658311E+044
  2.7625001182E+006  1.3488973557E+044
  2.7642001678E+006  1.3473159696E+044
  2.7659001533E+006  1.3457151744E+044
  2.7676001186E+006  1.3441032536E+044
  2.7693001686E+006  1.3424987930E+044
  2.7710001043E+006  1.3409250774E+044
  2.7727000921E+006  1.3393676120E+044
  2.7744000763E+006  1.3378079338E+044
  2.7761001457E+006  1.3362392099E+044
  2.7778001263E+006  1.3346617966E+044
  2.7795001399E+006  1.3330893183E+044
  2.7812001200E+006  1.3315470264E+044
  2.7829001346E+006  1.3300537554E+044
  2.7846000758E+006  1.3286078723E+044
  2.7863000691E+006  1.3271912063E+044
  2.7880001352E+006  1.3257819647E+044
  2.7897001249E+006  1.3243659741E+044
  2.7914001234E+006  1.3229432902E+044
  2.7931001626E+006  1.3215276836E+044
  2.7948000832E+006  1.3201316283E+044
  2.7965001104E+006  1.3187593129E+044
  2.7982000932E+006  1.3173953312E+044
  2.7999001268E+006  1.3160098299E+044
  2.8016000927E+006  1.3146048466E+044
  2.8033001407E+006  1.3131952353E+044
  2.8050001294E+006  1.3118084259E+044
  2.8067000908E+006  1.3104672986E+044
  2.8084001217E+006  1.3091732092E+044
  2.8101001176E+006  1.3079091811E+044
  2.8118000727E+006  1.3066527704E+044
  2.8135001155E+006  1.3053883606E+044
  2.8152000997E+006  1.3041167295E+044
  2.8169001173E+006  1.3028542027E+044
  2.8186000959E+006  1.3016152052E+044
  2.8203001067E+006  1.3003985920E+044
  2.8220000897E+006  1.2991981195E+044
  2.8237001368E+006  1.2979728707E+044
  2.8254001521E+006  1.2967298566E+044
  2.8271001635E+006  1.2954899781E+044
  2.8288001234E+006  1.2942875502E+044
  2.8305001049E+006  1.2931492331E+044
  2.8322000921E+006  1.2920754098E+044
  2.8339000944E+006  1.2910467828E+044
  2.8356001236E+006  1.2900409081E+044
  2.8373001122E+006  1.2890460337E+044
  2.8390001147E+006  1.2880695595E+044
  2.8407000844E+006  1.2871294172E+044
  2.8424000730E+006  1.2862234111E+044
  2.8441000879E+006  1.2853280614E+044
  2.8458000719E+006  1.2844226940E+044
  2.8475001313E+006  1.2834708912E+044
  2.8492001411E+006  1.2824937769E+044
  2.8509001004E+006  1.2815292278E+044
  2.8526001100E+006  1.2806111507E+044
  2.8543001221E+006  1.2797412470E+044
  2.8560000685E+006  1.2788986745E+044
  2.8577001367E+006  1.2780639221E+044
  2.8594001367E+006  1.2772317738E+044
  2.8611000777E+006  1.2764157828E+044
  2.8628001251E+006  1.2756442482E+044
  2.8645001016E+006  1.2749288869E+044
  2.8662000781E+006  1.2742420691E+044
  2.8679000794E+006  1.2735429292E+044
  2.8696000820E+006  1.2728239753E+044
  2.8713001227E+006  1.2720610162E+044
  2.8730000976E+006  1.2713024439E+044
  2.8747000782E+006  1.2705910691E+044
  2.8764000894E+006  1.2699330706E+044
  2.8781000963E+006  1.2693078563E+044
  2.8798001308E+006  1.2686973213E+044
  2.8815000877E+006  1.2681025141E+044
  2.8832001200E+006  1.2675482541E+044
  2.8849000840E+006  1.2670693107E+044
  2.8866000630E+006  1.2666699294E+044
  2.8883000788E+006  1.2663139744E+044
  2.8900000797E+006  1.2659544199E+044
  2.8917001318E+006  1.2655655968E+044
  2.8934001002E+006  1.2651649205E+044
  2.8951000783E+006  1.2648122415E+044
  2.8968000726E+006  1.2644979026E+044
  2.8985000691E+006  1.2642084342E+044
  2.9002000915E+006  1.2639030642E+044
  2.9019001140E+006  1.2635645912E+044
  2.9036000950E+006  1.2632216728E+044
  2.9053001037E+006  1.2629376871E+044
  2.9070001254E+006  1.2627562638E+044
  2.9087001057E+006  1.2626564126E+044
  2.9104000750E+006  1.2625960048E+044
  2.9121001214E+006  1.2625485187E+044
  2.9138001044E+006  1.2625270905E+044
  2.9155000733E+006  1.2625769780E+044
  2.9172001143E+006  1.2627211672E+044
  2.9189000752E+006  1.2629267908E+044
  2.9206000870E+006  1.2631577435E+044
  2.9223000779E+006  1.2633809700E+044
  2.9240000985E+006  1.2636190977E+044
  2.9257000711E+006  1.2639509497E+044
  2.9274000923E+006  1.2644057182E+044
  2.9291000823E+006  1.2649530875E+044
  2.9308001002E+006  1.2655593317E+044
  2.9325000676E+006  1.2662310898E+044
  2.9342001127E+006  1.2670231303E+044
  2.9359000653E+006  1.2679832014E+044
  2.9376000532E+006  1.2690895164E+044
  2.9393001063E+006  1.2702849341E+044
  2.9410000680E+006  1.2715429350E+044
  2.9427000764E+006  1.2729009406E+044
  2.9444000820E+006  1.2744242177E+044
  2.9461000840E+006  1.2761289267E+044
  2.9478000633E+006  1.2779425565E+044
  2.9495000970E+006  1.2798206701E+044
  2.9512000673E+006  1.2818140251E+044
  2.9529000762E+006  1.2840052868E+044
  2.9546000656E+006  1.2864034856E+044
  2.9563000585E+006  1.2889488190E+044
  2.9580000748E+006  1.2916018708E+044
  2.9597000982E+006  1.2943954576E+044
  2.9614000718E+006  1.2973639876E+044
  2.9631000990E+006  1.3004472157E+044
  2.9648001092E+006  1.3035463862E+044
  2.9665001014E+006  1.3066378457E+044
  2.9682000680E+006  1.3097062768E+044
  2.9699000581E+006  1.3127027649E+044
  2.9716000755E+006  1.3155194026E+044
  2.9733000767E+006  1.3180708323E+044
  2.9750001171E+006  1.3203564203E+044
  2.9767000954E+006  1.3224012935E+044
  2.9784000801E+006  1.3241510456E+044
  2.9801000814E+006  1.3255109079E+044
  2.9818001221E+006  1.3264322005E+044
  2.9835001219E+006  1.3269489905E+044
  2.9852001059E+006  1.3271553128E+044
  2.9869000693E+006  1.3270202191E+044
  2.9886000734E+006  1.3265093155E+044
  2.9903000838E+006  1.3255913182E+044
  2.9920000730E+006  1.3242840376E+044
  2.9937001241E+006  1.3226629194E+044
  2.9954001202E+006  1.3208458851E+044
  2.9971000859E+006  1.3189104790E+044
  2.9988000913E+006  1.3168384406E+044
  3.0005000912E+006  1.3145811064E+044
  3.0022000997E+006  1.3121272396E+044
  3.0039000934E+006  1.3095256395E+044
  3.0056000862E+006  1.3068830527E+044
  3.0073001110E+006  1.3043165649E+044
  3.0090000715E+006  1.3018463961E+044
  3.0107000862E+006  1.2994065481E+044
  3.0124001045E+006  1.2969411758E+044
  3.0141000953E+006  1.2944621529E+044
  3.0158001028E+006  1.2920545460E+044
  3.0175000918E+006  1.2898007892E+044
  3.0192000808E+006  1.2876666257E+044
  3.0209000483E+006  1.2855516787E+044
  3.0226000689E+006  1.2833942532E+044
  3.0243001314E+006  1.2812191169E+044
  3.0260001283E+006  1.2791211979E+044
  3.0277000679E+006  1.2771479514E+044
  3.0294001051E+006  1.2752220404E+044
  3.0311000667E+006  1.2732415266E+044
  3.0328001062E+006  1.2711761309E+044
  3.0345000908E+006  1.2690949687E+044
  3.0362001174E+006  1.2671170234E+044
  3.0379000642E+006  1.2652373801E+044
  3.0396000866E+006  1.2634049447E+044
  3.0413001078E+006  1.2615389275E+044
  3.0430000982E+006  1.2596365899E+044
  3.0447000828E+006  1.2577819136E+044
  3.0464001209E+006  1.2560655640E+044
  3.0481001063E+006  1.2544408550E+044
  3.0498000693E+006  1.2527862575E+044
  3.0515000921E+006  1.2510372738E+044
  3.0532000839E+006  1.2492249111E+044
  3.0549000932E+006  1.2474591940E+044
  3.0566000865E+006  1.2458027768E+044
  3.0583000755E+006  1.2441675761E+044
  3.0600000633E+006  1.2424432815E+044
  3.0617000878E+006  1.2406110438E+044
  3.0634001221E+006  1.2387588985E+044
  3.0651000749E+006  1.2370227845E+044
  3.0668000932E+006  1.2354129694E+044
  3.0685000757E+006  1.2338171476E+044
  3.0702001081E+006  1.2321552996E+044
  3.0719000795E+006  1.2304484274E+044
  3.0736001149E+006  1.2288100004E+044
  3.0753001125E+006  1.2273186935E+044
  3.0770000751E+006  1.2258810866E+044
  3.0787000754E+006  1.2243614628E+044
  3.0804000865E+006  1.2227160471E+044
  3.0821000728E+006  1.2210281021E+044
  3.0838000960E+006  1.2194472516E+044
  3.0855000699E+006  1.2179693725E+044
  3.0872000667E+006  1.2164495440E+044
  3.0889000716E+006  1.2148086644E+044
  3.0906001009E+006  1.2131198559E+044
  3.0923000775E+006  1.2115642384E+044
  3.0940001030E+006  1.2102280820E+044
  3.0957000585E+006  1.2089817990E+044
  3.0974000572E+006  1.2076821572E+044
  3.0991001150E+006  1.2063082355E+044
  3.1008000599E+006  1.2049651114E+044
  3.1025000642E+006  1.2037650547E+044
  3.1042000751E+006  1.2026217351E+044
  3.1059000519E+006  1.2013747176E+044
  3.1076000890E+006  1.1999689696E+044
  3.1093000901E+006  1.1984916835E+044
  3.1110000788E+006  1.1971097885E+044
  3.1127000911E+006  1.1958172408E+044
  3.1144000752E+006  1.1944459872E+044
  3.1161001032E+006  1.1929120729E+044
  3.1178000695E+006  1.1912994515E+044
  3.1195000900E+006  1.1898162131E+044
  3.1212000594E+006  1.1885434802E+044
  3.1229000673E+006  1.1873203786E+044
  3.1246000419E+006  1.1860052672E+044
  3.1263001054E+006  1.1846117155E+044
  3.1280000791E+006  1.1832962551E+044
  3.1297000972E+006  1.1821570685E+044
  3.1314000554E+006  1.1810332517E+044
  3.1331000761E+006  1.1797502530E+044
  3.1348000809E+006  1.1782943490E+044
  3.1365000957E+006  1.1768254398E+044
  3.1382000672E+006  1.1755191405E+044
  3.1399000588E+006  1.1742770108E+044
  3.1416000508E+006  1.1729270924E+044
  3.1433001043E+006  1.1714646174E+044
  3.1450000935E+006  1.1700706797E+044
  3.1467000944E+006  1.1689466565E+044
  3.1484000956E+006  1.1679788608E+044
  3.1501000515E+006  1.1669158744E+044
  3.1518000743E+006  1.1657219448E+044
  3.1535000619E+006  1.1645515488E+044
  3.1552000870E+006  1.1636058160E+044
  3.1569000799E+006  1.1627677958E+044
  3.1586000648E+006  1.1617516886E+044
  3.1603000871E+006  1.1604955752E+044
  3.1620000948E+006  1.1591863478E+044
  3.1637000777E+006  1.1580673863E+044
  3.1654000673E+006  1.1570386795E+044
  3.1671000779E+006  1.1558048614E+044
  3.1688000718E+006  1.1543104532E+044
  3.1705000903E+006  1.1527974385E+044
  3.1722000858E+006  1.1515678213E+044
  3.1739000593E+006  1.1505253967E+044
  3.1756000742E+006  1.1493878985E+044
  3.1773000565E+006  1.1480831377E+044
  3.1790000682E+006  1.1468264330E+044
  3.1807000808E+006  1.1458741496E+044
  3.1824000787E+006  1.1450583005E+044
  3.1841000567E+006  1.1440533808E+044
  3.1858000520E+006  1.1428084596E+044
  3.1875000929E+006  1.1415666615E+044
  3.1892000510E+006  1.1405768397E+044
  3.1909000435E+006  1.1396272443E+044
  3.1926000389E+006  1.1384196142E+044
  3.1943000754E+006  1.1369951461E+044
  3.1960000761E+006  1.1357041593E+044
  3.1977000773E+006  1.1347885594E+044
  3.1994000425E+006  1.1339584763E+044
  3.2011000519E+006  1.1329526017E+044
  3.2028000523E+006  1.1318187139E+044
  3.2045000547E+006  1.1308842331E+044
  3.2062000869E+006  1.1302692127E+044
  3.2079000678E+006  1.1296068393E+044
  3.2096000380E+006  1.1286682363E+044
  3.2113000614E+006  1.1275987752E+044
  3.2130000591E+006  1.1267568246E+044
  3.2147000574E+006  1.1261206278E+044
  3.2164000400E+006  1.1252816143E+044
  3.2181000681E+006  1.1241073836E+044
  3.2198000502E+006  1.1228497345E+044
  3.2215000554E+006  1.1218778096E+044
  3.2232000713E+006  1.1209973175E+044
  3.2249000525E+006  1.1198568077E+044
  3.2266000580E+006  1.1185346693E+044
  3.2283000547E+006  1.1173913716E+044
  3.2300000534E+006  1.1166694734E+044
  3.2317000393E+006  1.1159610977E+044
  3.2334000402E+006  1.1149727301E+044
  3.2351000506E+006  1.1138837274E+044
  3.2368000507E+006  1.1131229297E+044
  3.2385000500E+006  1.1126329246E+044
  3.2402000506E+006  1.1118945623E+044
  3.2419000566E+006  1.1108023816E+044
  3.2436000874E+006  1.1097216363E+044
  3.2453000542E+006  1.1090198287E+044
  3.2470000482E+006  1.1083327680E+044
  3.2487000479E+006  1.1072850454E+044
  3.2504000522E+006  1.1060695290E+044
  3.2521000791E+006  1.1051926244E+044
  3.2538000631E+006  1.1047437609E+044
  3.2555000448E+006  1.1041535424E+044
  3.2572000607E+006  1.1032501746E+044
  3.2589000866E+006  1.1023712105E+044
  3.2606000452E+006  1.1019426659E+044
  3.2623000632E+006  1.1016020238E+044
  3.2640000373E+006  1.1009039847E+044
  3.2657000796E+006  1.0999815765E+044
  3.2674000714E+006  1.0993343303E+044
  3.2691000442E+006  1.0989911093E+044
  3.2708000680E+006  1.0983513892E+044
  3.2725000546E+006  1.0972996477E+044
  3.2742000800E+006  1.0962728631E+044
  3.2759000531E+006  1.0956797137E+044
  3.2776000619E+006  1.0950173051E+044
  3.2793000530E+006  1.0939085801E+044
  3.2810000652E+006  1.0926795812E+044
  3.2827000784E+006  1.0919373084E+044
  3.2844000448E+006  1.0915313780E+044
  3.2861000628E+006  1.0907879346E+044
  3.2878000596E+006  1.0897500537E+044
  3.2895000773E+006  1.0889956324E+044
  3.2912000694E+006  1.0887334400E+044
  3.2929000512E+006  1.0882425363E+044
  3.2946000698E+006  1.0872825776E+044
  3.2963000616E+006  1.0863493558E+044
  3.2980000687E+006  1.0859835086E+044
  3.2997000598E+006  1.0855898102E+044
  3.3014000515E+006  1.0846728415E+044
  3.3031000597E+006  1.0836113184E+044
  3.3048000586E+006  1.0831520986E+044
  3.3065000544E+006  1.0829628045E+044
  3.3082000387E+006  1.0823228320E+044
  3.3099000593E+006  1.0814064204E+044
  3.3116000706E+006  1.0809364152E+044
  3.3133000667E+006  1.0808287166E+044
  3.3150000374E+006  1.0802704366E+044
  3.3167000634E+006  1.0793318695E+044
  3.3184000722E+006  1.0787237190E+044
  3.3201000460E+006  1.0786330309E+044
  3.3218000344E+006  1.0781334710E+044
  3.3235000656E+006  1.0771487989E+044
  3.3252000526E+006  1.0763405390E+044
  3.3269000522E+006  1.0761382315E+044
  3.3286000575E+006  1.0756254548E+044
  3.3303000492E+006  1.0745254135E+044
  3.3320000705E+006  1.0735222239E+044
  3.3337000374E+006  1.0732207248E+044
  3.3354000558E+006  1.0727524443E+044
  3.3371000371E+006  1.0717030092E+044
  3.3388000556E+006  1.0707227703E+044
  3.3405000688E+006  1.0705096342E+044
  3.3422000439E+006  1.0701754128E+044
  3.3439000375E+006  1.0691715172E+044
  3.3456000621E+006  1.0681623155E+044
  3.3473000398E+006  1.0679475321E+044
  3.3490000607E+006  1.0676580310E+044
  3.3507000274E+006  1.0666765893E+044
  3.3524000486E+006  1.0656709843E+044
  3.3541000681E+006  1.0654964156E+044
  3.3558000354E+006  1.0652803256E+044
  3.3575000372E+006  1.0644146045E+044
  3.3592000358E+006  1.0636196223E+044
  3.3609000506E+006  1.0637296973E+044
  3.3626000540E+006  1.0637022984E+044
  3.3643000264E+006  1.0628861946E+044
  3.3660000688E+006  1.0620795652E+044
  3.3677000349E+006  1.0621821208E+044
  3.3694000334E+006  1.0620451679E+044
  3.3711000284E+006  1.0611101574E+044
  3.3728000472E+006  1.0602839750E+044
  3.3745000507E+006  1.0603318519E+044
  3.3762000496E+006  1.0599313075E+044
  3.3779000329E+006  1.0587202430E+044
  3.3796000606E+006  1.0577955293E+044
  3.3813000368E+006  1.0577421842E+044
  3.3830000498E+006  1.0570871931E+044
  3.3847000492E+006  1.0557279069E+044
  3.3864000591E+006  1.0549475726E+044
  3.3881000560E+006  1.0549759150E+044
  3.3898000291E+006  1.0542603446E+044
  3.3915000351E+006  1.0530732276E+044
  3.3932000365E+006  1.0528195646E+044
  3.3949000597E+006  1.0529880234E+044
  3.3966000337E+006  1.0521255235E+044
  3.3983000578E+006  1.0509662495E+044
  3.4000000530E+006  1.0509251524E+044
  3.4017000462E+006  1.0508028445E+044
  3.4034000282E+006  1.0495836580E+044
  3.4051000486E+006  1.0485231822E+044
  3.4068000504E+006  1.0486530451E+044
  3.4085000343E+006  1.0481371530E+044
  3.4102000346E+006  1.0468077116E+044
  3.4119000344E+006  1.0463072286E+044
  3.4136000567E+006  1.0467503698E+044
  3.4153000493E+006  1.0461742336E+044
  3.4170000483E+006  1.0450879832E+044
  3.4187000381E+006  1.0451677204E+044
  3.4204000498E+006  1.0453756523E+044
  3.4221000291E+006  1.0444167185E+044
  3.4238000450E+006  1.0436076682E+044
  3.4255000441E+006  1.0441102326E+044
  3.4272000330E+006  1.0437785775E+044
  3.4289000334E+006  1.0424677188E+044
  3.4306000366E+006  1.0420371168E+044
  3.4323000528E+006  1.0422707262E+044
  3.4340000450E+006  1.0411039098E+044
  3.4357000443E+006  1.0396528617E+044
  3.4374000552E+006  1.0397019708E+044
  3.4391000425E+006  1.0392371938E+044
  3.4408000317E+006  1.0375166063E+044
  3.4425000294E+006  1.0366238702E+044
  3.4442000462E+006  1.0369478322E+044
  3.4459000303E+006  1.0359148717E+044
  3.4476000363E+006  1.0344926449E+044
  3.4493000277E+006  1.0347252429E+044
  3.4510000441E+006  1.0345667797E+044
  3.4527000265E+006  1.0330760623E+044
  3.4544000367E+006  1.0324543436E+044
  3.4561000357E+006  1.0329849778E+044
  3.4578000400E+006  1.0319000381E+044
  3.4595000327E+006  1.0304428282E+044
  3.4612000426E+006  1.0308358075E+044
  3.4629000363E+006  1.0305043745E+044
  3.4646000189E+006  1.0287963064E+044
  3.4663000383E+006  1.0284497428E+044
  3.4680000414E+006  1.0290996327E+044
  3.4697000262E+006  1.0279609194E+044
  3.4714000475E+006  1.0270035799E+044
  3.4731000272E+006  1.0279730093E+044
  3.4748000255E+006  1.0273713041E+044
  3.4765000265E+006  1.0257341768E+044
  3.4782000379E+006  1.0261322457E+044
  3.4799000363E+006  1.0262991927E+044
  3.4816000193E+006  1.0245532877E+044
  3.4833000299E+006  1.0239100475E+044
  3.4850000328E+006  1.0245679434E+044
  3.4867000218E+006  1.0230315711E+044
  3.4884000442E+006  1.0215143086E+044
  3.4901000372E+006  1.0222300183E+044
  3.4918000393E+006  1.0211097196E+044
  3.4935000260E+006  1.0189796407E+044
  3.4952000262E+006  1.0192937213E+044
  3.4969000397E+006  1.0188594456E+044
  3.4986000308E+006  1.0166195816E+044
  3.5003000448E+006  1.0164545079E+044
  3.5020000399E+006  1.0169148885E+044
  3.5037000214E+006  1.0149781275E+044
  3.5054000252E+006  1.0142624667E+044
  3.5071000329E+006  1.0152403951E+044
  3.5088000297E+006  1.0134727158E+044
  3.5105000288E+006  1.0120648252E+044
  3.5122000287E+006  1.0131809510E+044
  3.5139000225E+006  1.0116500589E+044
  3.5156000363E+006  1.0097244824E+044
  3.5173000432E+006  1.0108507329E+044
  3.5190000238E+006  1.0098605592E+044
  3.5207000380E+006  1.0078136551E+044
  3.5224000265E+006  1.0089612220E+044
  3.5241000243E+006  1.0086305489E+044
  3.5258000159E+006  1.0065705910E+044
  3.5275000301E+006  1.0075739196E+044
  3.5292000363E+006  1.0076398455E+044
  3.5309000182E+006  1.0054073283E+044
  3.5326000403E+006  1.0059907725E+044
