  0.0000000000E+000  0.0000000000E+000
  1.7022903710E+003  2.9952043192E+043
  3.4042480008E+003  5.8038218965E+043
  5.1053681142E+003  4.3703741116E+043
  6.8065868297E+003  2.8807496157E+043
  8.5078937876E+003  2.5916192949E+043
  1.0216292220E+004  2.2594994322E+043
  1.1917914388E+004  2.0119074808E+043
  1.3633288307E+004  1.9330703838E+043
  1.5339280223E+004  1.6508739447E+043
  1.7044359634E+004  1.4657913980E+043
  1.8747144616E+004  1.4055048520E+043
  2.0440007546E+004  1.4101116849E+043
  2.2165935009E+004  1.4446040511E+043
  2.3888562425E+004  1.5011468308E+043
  2.5588118977E+004  1.5776291652E+043
  2.7272762668E+004  1.6318925848E+043
  2.9031875365E+004  1.6563799812E+043
  3.0758881251E+004  1.6766445696E+043
  3.2407095267E+004  1.7204928252E+043
  3.4117095267E+004  1.7612968619E+043
  3.5827095267E+004  1.7619909230E+043
  3.7537095267E+004  1.7457216210E+043
  3.9247095267E+004  1.7269497586E+043
  4.0957095267E+004  1.6906997519E+043
  4.2667095267E+004  1.6549019193E+043
  4.4377095267E+004  1.6265445261E+043
  4.6087095267E+004  1.6165123098E+043
  4.7702095267E+004  1.6146574075E+043
  4.9412095267E+004  1.6157634374E+043
  5.1122095267E+004  1.6183843538E+043
  5.2832095267E+004  1.6187770453E+043
  5.4542095267E+004  1.6256643345E+043
  5.6252095267E+004  1.6392931292E+043
  5.7962095267E+004  1.6543058761E+043
  5.9672095267E+004  1.6665051946E+043
  6.1310059917E+004  1.6754510091E+043
  6.3085269316E+004  1.6923726720E+043
  6.4700269316E+004  1.7093094388E+043
  6.6410269316E+004  1.7199920627E+043
  6.8120269316E+004  1.7206155778E+043
  6.9830269316E+004  1.7202557476E+043
  7.1540269316E+004  1.7228323254E+043
  7.3250269316E+004  1.7256320302E+043
  7.4960269316E+004  1.7265133624E+043
  7.6670269316E+004  1.7296857064E+043
  7.8380269316E+004  1.7360691639E+043
  7.9995269316E+004  1.7430121841E+043
  8.1705269316E+004  1.7473604152E+043
  8.3415269316E+004  1.7545435810E+043
  8.5125269316E+004  1.7620276259E+043
  8.6835269316E+004  1.7694965765E+043
  8.8545269316E+004  1.7740758561E+043
  9.0255269316E+004  1.7812341957E+043
  9.1965269316E+004  1.7883403689E+043
  9.3649537811E+004  1.7927036232E+043
  9.5295159747E+004  1.7966593947E+043
  9.6971021164E+004  1.8026507567E+043
  9.8680491880E+004  1.8083992525E+043
  1.0034966678E+005  1.8103136004E+043
  1.0202795370E+005  1.8129971685E+043
  1.0373318072E+005  1.8173728765E+043
  1.0542104686E+005  1.8197895267E+043
  1.0711365644E+005  1.8201579913E+043
  1.0880794608E+005  1.8210693401E+043
  1.1050316525E+005  1.8230825815E+043
  1.1220175102E+005  1.8228339206E+043
  1.1390231605E+005  1.8217783547E+043
  1.1560195742E+005  1.8209560460E+043
  1.1730173326E+005  1.8197792036E+043
  1.1900286812E+005  1.8175675014E+043
  1.2070218408E+005  1.8147238242E+043
  1.2240202780E+005  1.8119505351E+043
  1.2410181377E+005  1.8081417917E+043
  1.2580230214E+005  1.8040743519E+043
  1.2750240922E+005  1.7996272237E+043
  1.2920223943E+005  1.7947639580E+043
  1.3090194306E+005  1.7894549935E+043
  1.3260251840E+005  1.7841404212E+043
  1.3430162948E+005  1.7787788855E+043
  1.3600199424E+005  1.7730613937E+043
  1.3770176087E+005  1.7669422567E+043
  1.3940250097E+005  1.7611617414E+043
  1.4110149811E+005  1.7558499790E+043
  1.4280194734E+005  1.7508817126E+043
  1.4450233577E+005  1.7455647594E+043
  1.4620171155E+005  1.7405473457E+043
  1.4790256929E+005  1.7357770397E+043
  1.4960181909E+005  1.7313697787E+043
  1.5130152938E+005  1.7274802508E+043
  1.5300166218E+005  1.7235566282E+043
  1.5470184716E+005  1.7199505835E+043
  1.5640141301E+005  1.7167263449E+043
  1.5810142545E+005  1.7137201739E+043
  1.5980208085E+005  1.7109725859E+043
  1.6150172668E+005  1.7083681459E+043
  1.6320166664E+005  1.7060336294E+043
  1.6490191095E+005  1.7039580211E+043
  1.6660184183E+005  1.7021951100E+043
  1.6830211475E+005  1.7006769107E+043
  1.7000176572E+005  1.6993149769E+043
  1.7170169501E+005  1.6980438411E+043
  1.7340130673E+005  1.6970246406E+043
  1.7510190707E+005  1.6961522700E+043
  1.7680176438E+005  1.6955254868E+043
  1.7850168015E+005  1.6951597198E+043
  1.8020162032E+005  1.6949987320E+043
  1.8190120041E+005  1.6948569095E+043
  1.8360197825E+005  1.6948593224E+043
  1.8530162024E+005  1.6950544102E+043
  1.8700116270E+005  1.6953994326E+043
  1.8870108958E+005  1.6958356005E+043
  1.9040166973E+005  1.6964482664E+043
  1.9210176236E+005  1.6972804232E+043
  1.9380135410E+005  1.6982078067E+043
  1.9550129471E+005  1.6992153249E+043
  1.9720170747E+005  1.7003474070E+043
  1.9890104364E+005  1.7016233225E+043
  2.0060173005E+005  1.7030396270E+043
  2.0230189613E+005  1.7045145041E+043
  2.0400107752E+005  1.7060634044E+043
  2.0570131562E+005  1.7077117676E+043
  2.0740106828E+005  1.7095089935E+043
  2.0910144649E+005  1.7114369426E+043
  2.1080173522E+005  1.7134207356E+043
  2.1250119255E+005  1.7154917147E+043
  2.1420191546E+005  1.7176701684E+043
  2.1590126531E+005  1.7199543404E+043
  2.1760127986E+005  1.7223245147E+043
  2.1930126704E+005  1.7247024221E+043
  2.2100133197E+005  1.7271247821E+043
  2.2270169419E+005  1.7296504133E+043
  2.2440154914E+005  1.7322860153E+043
  2.2610105646E+005  1.7350200843E+043
  2.2780139543E+005  1.7377927084E+043
  2.2950173960E+005  1.7406091671E+043
  2.3120136116E+005  1.7434912620E+043
  2.3290136658E+005  1.7464453433E+043
  2.3460101961E+005  1.7494486808E+043
  2.3630145001E+005  1.7525012892E+043
  2.3800190644E+005  1.7555550925E+043
  2.3970163895E+005  1.7586606695E+043
  2.4140180341E+005  1.7618340606E+043
  2.4310169831E+005  1.7650691243E+043
  2.4480159169E+005  1.7683620704E+043
  2.4650177137E+005  1.7717002701E+043
  2.4820156870E+005  1.7750341439E+043
  2.4990129301E+005  1.7783751690E+043
  2.5160125223E+005  1.7817439438E+043
  2.5330177715E+005  1.7851479006E+043
  2.5500129883E+005  1.7885840962E+043
  2.5670112642E+005  1.7920718565E+043
  2.5840163540E+005  1.7955642508E+043
  2.6010130806E+005  1.7990583448E+043
  2.6180152477E+005  1.8025733614E+043
  2.6350180476E+005  1.8061098126E+043
  2.6520178474E+005  1.8096654162E+043
  2.6690124336E+005  1.8132340225E+043
  2.6860116523E+005  1.8167993054E+043
  2.7030194053E+005  1.8203359508E+043
  2.7200160236E+005  1.8238668176E+043
  2.7370161265E+005  1.8274250656E+043
  2.7540198911E+005  1.8310168404E+043
  2.7710114316E+005  1.8346310503E+043
  2.7880161007E+005  1.8382581675E+043
  2.8050168015E+005  1.8418486310E+043
  2.8220207272E+005  1.8454167121E+043
  2.8390161177E+005  1.8489791066E+043
  2.8560199040E+005  1.8525525005E+043
  2.8730174334E+005  1.8561401426E+043
  2.8900164927E+005  1.8597449093E+043
  2.9070122316E+005  1.8633447857E+043
  2.9240134887E+005  1.8669506632E+043
  2.9410234303E+005  1.8705787796E+043
  2.9580171730E+005  1.8742298254E+043
  2.9750221683E+005  1.8779075659E+043
  2.9920207953E+005  1.8816023055E+043
  3.0090127061E+005  1.8852793994E+043
  3.0260116364E+005  1.8889437091E+043
  3.0430219063E+005  1.8926246665E+043
  3.0600176709E+005  1.8963346033E+043
  3.0770134380E+005  1.9001029722E+043
  3.0940117108E+005  1.9039222607E+043
  3.1110219169E+005  1.9077458972E+043
  3.1280143308E+005  1.9115786158E+043
  3.1450150181E+005  1.9154492730E+043
  3.1620170019E+005  1.9193695651E+043
  3.1790198473E+005  1.9233438545E+043
  3.1960175172E+005  1.9273415626E+043
  3.2130151265E+005  1.9313514292E+043
  3.2300161902E+005  1.9354379338E+043
  3.2470224421E+005  1.9396141438E+043
  3.2640182262E+005  1.9438725597E+043
  3.2810130320E+005  1.9481942685E+043
  3.2980177517E+005  1.9525490830E+043
  3.3150192673E+005  1.9569616506E+043
  3.3320236316E+005  1.9614415475E+043
  3.3490224717E+005  1.9659846742E+043
  3.3660216277E+005  1.9705910146E+043
  3.3830125834E+005  1.9752221629E+043
  3.4000165057E+005  1.9798902496E+043
  3.4170183941E+005  1.9845960940E+043
  3.4340170147E+005  1.9893305815E+043
  3.4510127549E+005  1.9940440513E+043
  3.4680137656E+005  1.9987106554E+043
  3.4850213836E+005  2.0033615024E+043
  3.5020188097E+005  2.0080285992E+043
  3.5190237163E+005  2.0126979941E+043
  3.5360126762E+005  2.0173122513E+043
  3.5530124290E+005  2.0218885982E+043
  3.5700225946E+005  2.0264445733E+043
  3.5870198272E+005  2.0309805866E+043
  3.6040168840E+005  2.0354782519E+043
  3.6210156362E+005  2.0399354783E+043
  3.6380142637E+005  2.0443770202E+043
  3.6550224787E+005  2.0488173776E+043
  3.6720153424E+005  2.0532503041E+043
  3.6890222355E+005  2.0576397225E+043
  3.7060226486E+005  2.0619924099E+043
  3.7230204787E+005  2.0663344048E+043
  3.7400183054E+005  2.0706944464E+043
  3.7570234566E+005  2.0750605494E+043
  3.7740181559E+005  2.0793889683E+043
  3.7910120265E+005  2.0837077918E+043
  3.8080142852E+005  2.0880348659E+043
  3.8250191880E+005  2.0923750744E+043
  3.8420182353E+005  2.0966863824E+043
  3.8590160254E+005  2.1009811076E+043
  3.8760136477E+005  2.1052946540E+043
  3.8930201226E+005  2.1096353507E+043
  3.9100136883E+005  2.1139823987E+043
  3.9270157768E+005  2.1182955987E+043
  3.9440226889E+005  2.1225945733E+043
  3.9610121719E+005  2.1268919395E+043
  3.9780152194E+005  2.1312009402E+043
  3.9950144848E+005  2.1355030188E+043
  4.0120219608E+005  2.1397837159E+043
  4.0290115382E+005  2.1440545154E+043
  4.0460192250E+005  2.1483281040E+043
  4.0630216923E+005  2.1525937993E+043
  4.0800115163E+005  2.1568053531E+043
  4.0970184324E+005  2.1609671844E+043
  4.1140183327E+005  2.1650998176E+043
  4.1310200039E+005  2.1692299367E+043
  4.1480196615E+005  2.1733374083E+043
  4.1650183776E+005  2.1773733450E+043
  4.1820118367E+005  2.1813508549E+043
  4.1990209491E+005  2.1852833820E+043
  4.2160139855E+005  2.1891618293E+043
  4.2330153906E+005  2.1929606817E+043
  4.2500162349E+005  2.1966826410E+043
  4.2670198028E+005  2.2003580162E+043
  4.2840131769E+005  2.2039880158E+043
  4.3010200428E+005  2.2075735674E+043
  4.3180107375E+005  2.2110644640E+043
  4.3350177122E+005  2.2144767253E+043
  4.3520205262E+005  2.2178211514E+043
  4.3690171534E+005  2.2211121809E+043
  4.3860129599E+005  2.2243627477E+043
  4.4030110617E+005  2.2275417006E+043
  4.4200143368E+005  2.2306743180E+043
  4.4370193996E+005  2.2337716984E+043
  4.4540136281E+005  2.2368369188E+043
  4.4710131141E+005  2.2398380090E+043
  4.4880118526E+005  2.2427721305E+043
  4.5050132272E+005  2.2456849219E+043
  4.5220194976E+005  2.2486009425E+043
  4.5390120360E+005  2.2515017619E+043
  4.5560151961E+005  2.2543595812E+043
  4.5730113264E+005  2.2571991304E+043
  4.5900122504E+005  2.2600404839E+043
  4.6070147639E+005  2.2628781541E+043
  4.6240139243E+005  2.2656997613E+043
  4.6410143772E+005  2.2685088149E+043
  4.6580171634E+005  2.2713418321E+043
  4.6750114318E+005  2.2742028325E+043
  4.6920117823E+005  2.2770930626E+043
  4.7090182055E+005  2.2799803543E+043
  4.7260160320E+005  2.2828724121E+043
  4.7430115623E+005  2.2857899026E+043
  4.7600130735E+005  2.2887494885E+043
  4.7770150655E+005  2.2917453119E+043
  4.7940131466E+005  2.2947651041E+043
  4.8110194183E+005  2.2978298062E+043
  4.8280116446E+005  2.3009468331E+043
  4.8450134576E+005  2.3041247582E+043
  4.8620173464E+005  2.3073463688E+043
  4.8790138741E+005  2.3105859273E+043
  4.8960175460E+005  2.3138642951E+043
  4.9130109009E+005  2.3171862781E+043
  4.9300196825E+005  2.3205678343E+043
  4.9470135909E+005  2.3239901872E+043
  4.9640178795E+005  2.3274191002E+043
  4.9810161322E+005  2.3308571508E+043
  4.9980157305E+005  2.3343025862E+043
  5.0150161196E+005  2.3377498299E+043
  5.0320195859E+005  2.3411916212E+043
  5.0490194405E+005  2.3445924220E+043
  5.0660147197E+005  2.3479626188E+043
  5.0830236363E+005  2.3513272846E+043
  5.1000190487E+005  2.3546771124E+043
  5.1170226753E+005  2.3580113418E+043
  5.1340170609E+005  2.3613012840E+043
  5.1510239956E+005  2.3645321849E+043
  5.1680230649E+005  2.3677205005E+043
  5.1850183142E+005  2.3708733404E+043
  5.2020228744E+005  2.3739948122E+043
  5.2190235948E+005  2.3770888189E+043
  5.2360247554E+005  2.3801348698E+043
  5.2530240336E+005  2.3831393709E+043
  5.2700233075E+005  2.3861117625E+043
  5.2870163159E+005  2.3890492951E+043
  5.3040125140E+005  2.3919575294E+043
  5.3210234087E+005  2.3948311031E+043
  5.3380194163E+005  2.3976461604E+043
  5.3550180896E+005  2.4004224291E+043
  5.3720175218E+005  2.4031754050E+043
  5.3890148284E+005  2.4059144272E+043
  5.4060155192E+005  2.4086374484E+043
  5.4230235990E+005  2.4113301325E+043
  5.4400197353E+005  2.4139790171E+043
  5.4570160242E+005  2.4166083273E+043
  5.4740134597E+005  2.4192307363E+043
  5.4910246548E+005  2.4218559048E+043
  5.5080157647E+005  2.4244850756E+043
  5.5250188437E+005  2.4271098389E+043
  5.5420227159E+005  2.4297452781E+043
  5.5590194976E+005  2.4324111652E+043
  5.5760139642E+005  2.4351192598E+043
  5.5930194115E+005  2.4378761102E+043
  5.6100205986E+005  2.4406821876E+043
  5.6270143868E+005  2.4435184562E+043
  5.6440210493E+005  2.4463958323E+043
  5.6610174486E+005  2.4493159033E+043
  5.6780129411E+005  2.4522753800E+043
  5.6950204117E+005  2.4552706270E+043
  5.7120137106E+005  2.4582866158E+043
  5.7290132034E+005  2.4612961126E+043
  5.7460170440E+005  2.4643017114E+043
  5.7630153158E+005  2.4673099762E+043
  5.7800171331E+005  2.4703448366E+043
  5.7970168717E+005  2.4734488335E+043
  5.8140199047E+005  2.4766758344E+043
  5.8310161650E+005  2.4801179252E+043
  5.8480140031E+005  2.4839091354E+043
  5.8650138360E+005  2.4881905227E+043
  5.8820212516E+005  2.4930887417E+043
  5.8990170200E+005  2.4987074629E+043
  5.9160216383E+005  2.5051238557E+043
  5.9330176819E+005  2.5124096355E+043
  5.9500155823E+005  2.5206251394E+043
  5.9670203845E+005  2.5298046645E+043
  5.9840185864E+005  2.5399550461E+043
  6.0010168535E+005  2.5510401845E+043
  6.0180158093E+005  2.5630229187E+043
  6.0350170487E+005  2.5758740023E+043
  6.0520120547E+005  2.5895220706E+043
  6.0690141526E+005  2.6039149981E+043
  6.0860219759E+005  2.6189739463E+043
  6.1030117699E+005  2.6345939697E+043
  6.1200164006E+005  2.6507673620E+043
  6.1370174720E+005  2.6673635252E+043
  6.1540190612E+005  2.6843627747E+043
  6.1710221902E+005  2.7016850905E+043
  6.1880128078E+005  2.7192499486E+043
  6.2050195453E+005  2.7370278552E+043
  6.2220183862E+005  2.7549302916E+043
  6.2390156079E+005  2.7728741657E+043
  6.2560164775E+005  2.7909578885E+043
  6.2730162289E+005  2.8090711159E+043
  6.2900211323E+005  2.8271266307E+043
  6.3070204428E+005  2.8452280669E+043
  6.3240126203E+005  2.8631945831E+043
  6.3410203355E+005  2.8810761639E+043
  6.3580106065E+005  2.8989217960E+043
  6.3750126457E+005  2.9166366165E+043
  6.3920166314E+005  2.9343045517E+043
  6.4090124574E+005  2.9518465937E+043
  6.4260111675E+005  2.9691856797E+043
  6.4430199069E+005  2.9864460949E+043
  6.4600105275E+005  3.0034522433E+043
  6.4770137959E+005  3.0203754460E+043
  6.4940183223E+005  3.0371432416E+043
  6.5110124764E+005  3.0537742084E+043
  6.5280175165E+005  3.0702900112E+043
  6.5450134578E+005  3.0865870943E+043
  6.5620119383E+005  3.1027502728E+043
  6.5790177067E+005  3.1186781990E+043
  6.5960098704E+005  3.1344817119E+043
  6.6130155092E+005  3.1501086250E+043
  6.6300140625E+005  3.1656530871E+043
  6.6470146107E+005  3.1810468634E+043
  6.6640157179E+005  3.1963639479E+043
  6.6810138764E+005  3.2114856718E+043
  6.6980131654E+005  3.2264970155E+043
  6.7150113835E+005  3.2413104209E+043
  6.7320086273E+005  3.2560403691E+043
  6.7490087572E+005  3.2706184687E+043
  6.7660115638E+005  3.2851646566E+043
  6.7830151881E+005  3.2996119792E+043
  6.8000142776E+005  3.3140357654E+043
  6.8170096234E+005  3.3283432297E+043
  6.8340110560E+005  3.3425966356E+043
  6.8510124984E+005  3.3567168503E+043
  6.8680135613E+005  3.3707848529E+043
  6.8850112090E+005  3.3847465621E+043
  6.9020113129E+005  3.3987066983E+043
  6.9190104739E+005  3.4126062149E+043
  6.9360093401E+005  3.4265446577E+043
  6.9530088971E+005  3.4404391841E+043
  6.9700091071E+005  3.4543521303E+043
  6.9870122112E+005  3.4681887513E+043
  7.0040068275E+005  3.4819948625E+043
  7.0210076189E+005  3.4957201371E+043
  7.0380092063E+005  3.5094345555E+043
  7.0550105615E+005  3.5231069742E+043
  7.0720066845E+005  3.5368088423E+043
  7.0890095091E+005  3.5505293773E+043
  7.1060080507E+005  3.5642829364E+043
  7.1230086292E+005  3.5780546555E+043
  7.1400124307E+005  3.5918070966E+043
  7.1570086461E+005  3.6055588360E+043
  7.1740080198E+005  3.6192566088E+043
  7.1910082551E+005  3.6329702168E+043
  7.2080121434E+005  3.6466390173E+043
  7.2250078006E+005  3.6603345208E+043
  7.2420107736E+005  3.6740087248E+043
  7.2590121084E+005  3.6877169772E+043
  7.2760099654E+005  3.7013831220E+043
  7.2930117371E+005  3.7150393847E+043
  7.3100083924E+005  3.7286252249E+043
  7.3270105011E+005  3.7421528274E+043
  7.3440089638E+005  3.7556238066E+043
  7.3610086175E+005  3.7690173766E+043
  7.3780110612E+005  3.7823952790E+043
  7.3950082884E+005  3.7957065845E+043
  7.4120113849E+005  3.8090310708E+043
  7.4290110103E+005  3.8223156684E+043
  7.4460068966E+005  3.8356093446E+043
  7.4630062066E+005  3.8488635073E+043
  7.4800090789E+005  3.8620875887E+043
  7.4970093686E+005  3.8752460506E+043
  7.5140073687E+005  3.8883171932E+043
  7.5310081918E+005  3.9013342645E+043
  7.5480072117E+005  3.9142480376E+043
  7.5650126860E+005  3.9271272602E+043
  7.5820109382E+005  3.9399172664E+043
  7.5990111400E+005  3.9526829975E+043
  7.6160126925E+005  3.9653955069E+043
  7.6330117779E+005  3.9780888869E+043
  7.6500119007E+005  3.9907574403E+043
  7.6670117339E+005  4.0034012117E+043
  7.6840094502E+005  4.0160351597E+043
  7.7010097277E+005  4.0286139102E+043
  7.7180067416E+005  4.0411707826E+043
  7.7350082320E+005  4.0536532941E+043
  7.7520076732E+005  4.0661052103E+043
  7.7690065630E+005  4.0784922771E+043
  7.7860083469E+005  4.0908582764E+043
  7.8030108598E+005  4.1031911671E+043
  7.8200121711E+005  4.1155096173E+043
  7.8370068357E+005  4.1278205019E+043
  7.8540081412E+005  4.1401061713E+043
  7.8710092824E+005  4.1524252429E+043
  7.8880066411E+005  4.1647205246E+043
  7.9050111170E+005  4.1770471070E+043
  7.9220097278E+005  4.1893207740E+043
  7.9390078636E+005  4.2015623884E+043
  7.9560101128E+005  4.2137224781E+043
  7.9730080262E+005  4.2258177008E+043
  7.9900055293E+005  4.2378291313E+043
  8.0070082499E+005  4.2497718588E+043
  8.0240093477E+005  4.2616508236E+043
  8.0410084793E+005  4.2734549400E+043
  8.0580062587E+005  4.2852277784E+043
  8.0750058284E+005  4.2969362153E+043
  8.0920069852E+005  4.3086421131E+043
  8.1090061740E+005  4.3202987183E+043
  8.1260080076E+005  4.3319693982E+043
  8.1430085912E+005  4.3435999868E+043
  8.1600098364E+005  4.3552385288E+043
  8.1770086285E+005  4.3668318821E+043
  8.1940104474E+005  4.3784137434E+043
  8.2110111782E+005  4.3899510420E+043
  8.2280095276E+005  4.4014637930E+043
  8.2450079300E+005  4.4129508254E+043
  8.2620060720E+005  4.4244156561E+043
  8.2790078794E+005  4.4358828775E+043
  8.2960105165E+005  4.4473349755E+043
  8.3130082277E+005  4.4588023360E+043
  8.3300072008E+005  4.4702615013E+043
  8.3470066419E+005  4.4817477344E+043
  8.3640088402E+005  4.4932292898E+043
  8.3810089487E+005  4.5047353852E+043
  8.3980085796E+005  4.5162310125E+043
  8.4150075477E+005  4.5277360233E+043
  8.4320089676E+005  4.5392121845E+043
  8.4490085043E+005  4.5506587084E+043
  8.4660098266E+005  4.5620439886E+043
  8.4830098307E+005  4.5733644359E+043
  8.5000106603E+005  4.5846035859E+043
  8.5170079384E+005  4.5957660761E+043
  8.5340062834E+005  4.6068511334E+043
  8.5510063850E+005  4.6178754077E+043
  8.5680092651E+005  4.6288409109E+043
  8.5850062070E+005  4.6397597576E+043
  8.6020101574E+005  4.6506411968E+043
  8.6190057205E+005  4.6614876379E+043
  8.6360085305E+005  4.6723045013E+043
  8.6530075699E+005  4.6830827438E+043
  8.6700070957E+005  4.6938141339E+043
  8.6870052336E+005  4.7044871376E+043
  8.7040075202E+005  4.7151011675E+043
  8.7210049375E+005  4.7256433592E+043
  8.7380050387E+005  4.7361301542E+043
  8.7550065135E+005  4.7465581273E+043
  8.7720059784E+005  4.7569506343E+043
  8.7890072745E+005  4.7673115897E+043
  8.8060087378E+005  4.7776727405E+043
  8.8230072707E+005  4.7880274618E+043
  8.8400096058E+005  4.7984351482E+043
  8.8570077697E+005  4.8088777589E+043
  8.8740089426E+005  4.8193911433E+043
  8.8910093814E+005  4.8299535097E+043
  8.9080051741E+005  4.8405911407E+043
  8.9250083324E+005  4.8512814002E+043
  8.9420097093E+005  4.8620520686E+043
  8.9590065163E+005  4.8728663320E+043
  8.9760060792E+005  4.8837658014E+043
  8.9930083174E+005  4.8947169568E+043
  9.0100100223E+005  4.9057486348E+043
  9.0270059794E+005  4.9168274970E+043
  9.0440081105E+005  4.9279826954E+043
  9.0610083448E+005  4.9391814472E+043
  9.0780099564E+005  4.9504380128E+043
  9.0950067320E+005  4.9617155560E+043
  9.1120083593E+005  4.9730209336E+043
  9.1290096423E+005  4.9843080842E+043
  9.1460085034E+005  4.9955733018E+043
  9.1630078601E+005  5.0067747542E+043
  9.1800099581E+005  5.0179205852E+043
  9.1970095511E+005  5.0289696025E+043
  9.2140086561E+005  5.0399389843E+043
  9.2310057438E+005  5.0507973102E+043
  9.2480085350E+005  5.0615699781E+043
  9.2650056062E+005  5.0722252338E+043
  9.2820077951E+005  5.0827928735E+043
  9.2990073522E+005  5.0932488156E+043
  9.3160049392E+005  5.1036163527E+043
  9.3330058596E+005  5.1138816954E+043
  9.3500076418E+005  5.1240662455E+043
  9.3670075713E+005  5.1341572874E+043
  9.3840064082E+005  5.1441859019E+043
  9.4010073583E+005  5.1541547684E+043
  9.4180064885E+005  5.1641001221E+043
  9.4350066426E+005  5.1740367379E+043
  9.4520068887E+005  5.1840042799E+043
  9.4690047282E+005  5.1940198601E+043
  9.4860071488E+005  5.2041210601E+043
  9.5030053234E+005  5.2143040206E+043
  9.5200057104E+005  5.2246165104E+043
  9.5370077074E+005  5.2350505290E+043
  9.5540071488E+005  5.2456295657E+043
  9.5710088368E+005  5.2563506964E+043
  9.5880062300E+005  5.2672400450E+043
  9.6050061601E+005  5.2782874396E+043
  9.6220055219E+005  5.2895177327E+043
  9.6390088460E+005  5.3009088409E+043
  9.6560059903E+005  5.3124646744E+043
  9.6730056918E+005  5.3241544022E+043
  9.6900089670E+005  5.3359713605E+043
  9.7070078164E+005  5.3478715069E+043
  9.7240084275E+005  5.3598471143E+043
  9.7410061579E+005  5.3718639925E+043
  9.7580061333E+005  5.3839150262E+043
  9.7750075284E+005  5.3959771636E+043
  9.7920065275E+005  5.4080383264E+043
  9.8090057600E+005  5.4200802863E+043
  9.8260060718E+005  5.4320908269E+043
  9.8430065168E+005  5.4440417635E+043
  9.8600052058E+005  5.4559144223E+043
  9.8770052682E+005  5.4676863302E+043
  9.8940051862E+005  5.4793435685E+043
  9.9110083417E+005  5.4908797080E+043
  9.9280052883E+005  5.5022835723E+043
  9.9450043559E+005  5.5135704814E+043
  9.9620059206E+005  5.5247427236E+043
  9.9790046522E+005  5.5358196531E+043
  9.9960074532E+005  5.5468116620E+043
  1.0013007350E+006  5.5577438964E+043
  1.0030004899E+006  5.5686277713E+043
  1.0047007233E+006  5.5795055376E+043
  1.0064004068E+006  5.5903965031E+043
  1.0081004444E+006  5.6013493027E+043
  1.0098006665E+006  5.6124027289E+043
  1.0115004113E+006  5.6235864710E+043
  1.0132005469E+006  5.6349440457E+043
  1.0149007743E+006  5.6464809134E+043
  1.0166005877E+006  5.6582292991E+043
  1.0183003936E+006  5.6701865979E+043
  1.0200007632E+006  5.6823730691E+043
  1.0217005706E+006  5.6947803669E+043
  1.0234005499E+006  5.7074148192E+043
  1.0251006401E+006  5.7202733313E+043
  1.0268005242E+006  5.7333313923E+043
  1.0285006164E+006  5.7465744599E+043
  1.0302006002E+006  5.7599665671E+043
  1.0319003985E+006  5.7734798345E+043
  1.0336005058E+006  5.7870929092E+043
  1.0353006940E+006  5.8007739326E+043
  1.0370006174E+006  5.8145075950E+043
  1.0387006119E+006  5.8282643066E+043
  1.0404006414E+006  5.8420323496E+043
  1.0421005857E+006  5.8557685550E+043
  1.0438005787E+006  5.8694512701E+043
  1.0455005263E+006  5.8830548774E+043
  1.0472006648E+006  5.8965578080E+043
  1.0489004771E+006  5.9099480344E+043
  1.0506004536E+006  5.9232233452E+043
  1.0523006098E+006  5.9363855484E+043
  1.0540004759E+006  5.9494444681E+043
  1.0557003678E+006  5.9624023207E+043
  1.0574005573E+006  5.9752769675E+043
  1.0591004531E+006  5.9880729895E+043
  1.0608002897E+006  6.0008129858E+043
  1.0625005564E+006  6.0135359980E+043
  1.0642003878E+006  6.0262752178E+043
  1.0659004214E+006  6.0390800630E+043
  1.0676004569E+006  6.0519974782E+043
  1.0693003695E+006  6.0650554224E+043
  1.0710003999E+006  6.0782902223E+043
  1.0727003777E+006  6.0917275278E+043
  1.0744005971E+006  6.1053885190E+043
  1.0761004179E+006  6.1192891143E+043
  1.0778003052E+006  6.1334465530E+043
  1.0795005463E+006  6.1478615490E+043
  1.0812004437E+006  6.1625173134E+043
  1.0829004497E+006  6.1774016793E+043
  1.0846003270E+006  6.1924805718E+043
  1.0863004387E+006  6.2077377830E+043
  1.0880004704E+006  6.2231449207E+043
  1.0897003557E+006  6.2386781927E+043
  1.0914003373E+006  6.2543146166E+043
  1.0931003050E+006  6.2700265976E+043
  1.0948001450E+006  6.2857728454E+043
  1.0965002237E+006  6.3015183568E+043
  1.0982004094E+006  6.3172336728E+043
  1.0999004738E+006  6.3328812266E+043
  1.1016002299E+006  6.3484422325E+043
  1.1033003440E+006  6.3639107836E+043
  1.1050003039E+006  6.3792779225E+043
  1.1067003054E+006  6.3945393990E+043
  1.1084001764E+006  6.4096916906E+043
  1.1101004531E+006  6.4247420163E+043
  1.1118002595E+006  6.4396847848E+043
  1.1135003470E+006  6.4545488163E+043
  1.1152003475E+006  6.4693653752E+043
  1.1169003138E+006  6.4841764553E+043
  1.1186002364E+006  6.4990210508E+043
  1.1203004589E+006  6.5139391617E+043
  1.1220004150E+006  6.5289606906E+043
  1.1237004191E+006  6.5441196508E+043
  1.1254005312E+006  6.5594469460E+043
  1.1271003622E+006  6.5749720288E+043
  1.1288003777E+006  6.5907245038E+043
  1.1305004860E+006  6.6067170780E+043
  1.1322003816E+006  6.6229459893E+043
  1.1339004635E+006  6.6394026477E+043
  1.1356003732E+006  6.6560698229E+043
  1.1373005229E+006  6.6729331306E+043
  1.1390003959E+006  6.6899683134E+043
  1.1407002994E+006  6.7071639954E+043
  1.1424002807E+006  6.7244970096E+043
  1.1441004783E+006  6.7419431034E+043
  1.1458003673E+006  6.7594562229E+043
  1.1475004640E+006  6.7769986303E+043
  1.1492003010E+006  6.7945273570E+043
  1.1509003154E+006  6.8120117653E+043
  1.1526002611E+006  6.8294276658E+043
  1.1543003498E+006  6.8467610760E+043
  1.1560002839E+006  6.8640032056E+043
  1.1577004152E+006  6.8811562754E+043
  1.1594002848E+006  6.8982196949E+043
  1.1611002578E+006  6.9152065390E+043
  1.1628002658E+006  6.9321339427E+043
  1.1645003796E+006  6.9490304684E+043
  1.1662004018E+006  6.9659223818E+043
  1.1679004121E+006  6.9828416216E+043
  1.1696003419E+006  6.9998079509E+043
  1.1713004986E+006  7.0168426699E+043
  1.1730003110E+006  7.0339634340E+043
  1.1747004846E+006  7.0511998140E+043
  1.1764004788E+006  7.0685761838E+043
  1.1781003026E+006  7.0861209707E+043
  1.1798003441E+006  7.1038569678E+043
  1.1815003863E+006  7.1217893026E+043
  1.1832003892E+006  7.1399087403E+043
  1.1849003693E+006  7.1582016117E+043
  1.1866004123E+006  7.1766514445E+043
  1.1883005369E+006  7.1952437948E+043
  1.1900004149E+006  7.2139625536E+043
  1.1917004305E+006  7.2327952123E+043
  1.1934004709E+006  7.2517260158E+043
  1.1951002753E+006  7.2707237751E+043
  1.1968004218E+006  7.2897683345E+043
  1.1985003235E+006  7.3088325662E+043
  1.2002004522E+006  7.3278466244E+043
  1.2019003049E+006  7.3467916851E+043
  1.2036003887E+006  7.3656800739E+043
  1.2053003628E+006  7.3845201115E+043
  1.2070002994E+006  7.4033143489E+043
  1.2087003979E+006  7.4220633629E+043
  1.2104002152E+006  7.4407626083E+043
  1.2121003600E+006  7.4594215490E+043
  1.2138003262E+006  7.4780517593E+043
  1.2155003745E+006  7.4966764308E+043
  1.2172004901E+006  7.5153218259E+043
  1.2189003831E+006  7.5340039573E+043
  1.2206005399E+006  7.5527400826E+043
  1.2223003011E+006  7.5715320989E+043
  1.2240003336E+006  7.5903939715E+043
  1.2257003511E+006  7.6093389545E+043
  1.2274005079E+006  7.6283865003E+043
  1.2291004728E+006  7.6475504122E+043
  1.2308004827E+006  7.6668488064E+043
  1.2325004219E+006  7.6862817727E+043
  1.2342004145E+006  7.7058375601E+043
  1.2359004515E+006  7.7254847679E+043
  1.2376004446E+006  7.7451927807E+043
  1.2393005030E+006  7.7649342194E+043
  1.2410002931E+006  7.7846876340E+043
  1.2427003901E+006  7.8044556605E+043
  1.2444003688E+006  7.8242361381E+043
  1.2461003705E+006  7.8440294022E+043
  1.2478003553E+006  7.8638236153E+043
  1.2495004245E+006  7.8836106800E+043
  1.2512002187E+006  7.9033753695E+043
  1.2529003226E+006  7.9231242215E+043
  1.2546002074E+006  7.9428541427E+043
  1.2563002771E+006  7.9625800393E+043
  1.2580002802E+006  7.9822967207E+043
  1.2597004781E+006  8.0020005239E+043
  1.2614002954E+006  8.0216749208E+043
  1.2631002932E+006  8.0413220880E+043
  1.2648003848E+006  8.0609483386E+043
  1.2665002847E+006  8.0805665898E+043
  1.2682002921E+006  8.1002041866E+043
  1.2699003092E+006  8.1198807919E+043
  1.2716004696E+006  8.1396186001E+043
  1.2733003362E+006  8.1594172795E+043
  1.2750002928E+006  8.1792717050E+043
  1.2767003815E+006  8.1991624077E+043
  1.2784003923E+006  8.2190751388E+043
  1.2801004060E+006  8.2390001787E+043
  1.2818004530E+006  8.2589417192E+043
  1.2835002797E+006  8.2789062990E+043
  1.2852003997E+006  8.2989112621E+043
  1.2869004197E+006  8.3189479291E+043
  1.2886002500E+006  8.3390091681E+043
  1.2903002185E+006  8.3590898853E+043
  1.2920002639E+006  8.3791875279E+043
  1.2937002794E+006  8.3993015217E+043
  1.2954002908E+006  8.4194403616E+043
  1.2971003046E+006  8.4396009161E+043
  1.2988004303E+006  8.4597718344E+043
  1.3005003948E+006  8.4799255011E+043
  1.3022004956E+006  8.5000490021E+043
  1.3039004284E+006  8.5201272343E+043
  1.3056005054E+006  8.5401703431E+043
  1.3073003082E+006  8.5601845219E+043
  1.3090003307E+006  8.5801931739E+043
  1.3107003757E+006  8.6002060266E+043
  1.3124004655E+006  8.6202240279E+043
  1.3141004022E+006  8.6402237543E+043
  1.3158003713E+006  8.6601827133E+043
  1.3175004936E+006  8.6800812340E+043
  1.3192004679E+006  8.6999048707E+043
  1.3209003116E+006  8.7196583413E+043
  1.3226002854E+006  8.7393654979E+043
  1.3243003021E+006  8.7590514107E+043
  1.3260004169E+006  8.7787290340E+043
  1.3277003241E+006  8.7983968014E+043
  1.3294002343E+006  8.8180506443E+043
  1.3311003470E+006  8.8376929229E+043
  1.3328003368E+006  8.8573236828E+043
  1.3345003543E+006  8.8769567286E+043
  1.3362003389E+006  8.8965986772E+043
  1.3379004376E+006  8.9162482829E+043
  1.3396004194E+006  8.9358825714E+043
  1.3413004746E+006  8.9554755995E+043
  1.3430003700E+006  8.9750063783E+043
  1.3447003301E+006  8.9944704415E+043
  1.3464003161E+006  9.0138733905E+043
  1.3481004516E+006  9.0332263885E+043
  1.3498005142E+006  9.0525428163E+043
  1.3515004290E+006  9.0718277069E+043
  1.3532004884E+006  9.0910733953E+043
  1.3549004771E+006  9.1102465180E+043
  1.3566004171E+006  9.1293102782E+043
  1.3583003783E+006  9.1482426446E+043
  1.3600004300E+006  9.1670475867E+043
  1.3617003706E+006  9.1857550356E+043
  1.3634002379E+006  9.2044057977E+043
  1.3651004127E+006  9.2230390191E+043
  1.3668002695E+006  9.2417062141E+043
  1.3685002178E+006  9.2603928122E+043
  1.3702002793E+006  9.2790259800E+043
  1.3719002795E+006  9.2976239547E+043
  1.3736003451E+006  9.3162137323E+043
  1.3753002508E+006  9.3348168572E+043
  1.3770003817E+006  9.3534587112E+043
  1.3787004071E+006  9.3721344302E+043
  1.3804003158E+006  9.3908231772E+043
  1.3821002610E+006  9.4094984606E+043
  1.3838003746E+006  9.4281430089E+043
  1.3855003296E+006  9.4467483215E+043
  1.3872004019E+006  9.4653229945E+043
  1.3889003116E+006  9.4838774129E+043
  1.3906002660E+006  9.5024243445E+043
  1.3923003372E+006  9.5209744987E+043
  1.3940003233E+006  9.5395227872E+043
  1.3957003978E+006  9.5580520118E+043
  1.3974004213E+006  9.5765395080E+043
  1.3991002299E+006  9.5949790985E+043
  1.4008003847E+006  9.6133962524E+043
  1.4025002305E+006  9.6318143085E+043
  1.4042002727E+006  9.6502725890E+043
  1.4059002091E+006  9.6687805669E+043
  1.4076003171E+006  9.6873285124E+043
  1.4093003148E+006  9.7058938310E+043
  1.4110003837E+006  9.7244677993E+043
  1.4127004577E+006  9.7430563103E+043
  1.4144002440E+006  9.7616714725E+043
  1.4161003616E+006  9.7803428374E+043
  1.4178003555E+006  9.7991107650E+043
  1.4195004191E+006  9.8180379073E+043
  1.4212002808E+006  9.8369716503E+043
  1.4229004893E+006  9.8558839859E+043
  1.4246004002E+006  9.8747497802E+043
  1.4263004418E+006  9.8935644559E+043
  1.4280003688E+006  9.9123259767E+043
  1.4297002845E+006  9.9310457625E+043
  1.4314004226E+006  9.9497444132E+043
  1.4331002326E+006  9.9684417957E+043
  1.4348002568E+006  9.9871615866E+043
  1.4365003111E+006  1.0005902788E+044
  1.4382002888E+006  1.0024666737E+044
  1.4399002996E+006  1.0043467570E+044
  1.4416002643E+006  1.0062325634E+044
  1.4433003110E+006  1.0081269046E+044
  1.4450003447E+006  1.0100319531E+044
  1.4467002953E+006  1.0119476084E+044
  1.4484003838E+006  1.0138711423E+044
  1.4501003276E+006  1.0157981977E+044
  1.4518002433E+006  1.0177263006E+044
  1.4535002782E+006  1.0196551651E+044
  1.4552004388E+006  1.0215858029E+044
  1.4569004198E+006  1.0235196240E+044
  1.4586003729E+006  1.0254586731E+044
  1.4603002790E+006  1.0274040482E+044
  1.4620002833E+006  1.0293549865E+044
  1.4637004012E+006  1.0313071061E+044
  1.4654002542E+006  1.0332539871E+044
  1.4671003188E+006  1.0351929938E+044
  1.4688002544E+006  1.0371253946E+044
  1.4705003853E+006  1.0390661698E+044
  1.4722002321E+006  1.0410109993E+044
  1.4739003906E+006  1.0429602720E+044
  1.4756003465E+006  1.0449160291E+044
  1.4773001994E+006  1.0468764144E+044
  1.4790002422E+006  1.0488396358E+044
  1.4807003274E+006  1.0508050894E+044
  1.4824004200E+006  1.0527739899E+044
  1.4841004318E+006  1.0547483751E+044
  1.4858002878E+006  1.0567304865E+044
  1.4875002532E+006  1.0587221246E+044
  1.4892004634E+006  1.0607215214E+044
  1.4909004178E+006  1.0627227214E+044
  1.4926003810E+006  1.0647204772E+044
  1.4943002593E+006  1.0667114193E+044
  1.4960002987E+006  1.0686948148E+044
  1.4977002537E+006  1.0706710587E+044
  1.4994003050E+006  1.0726422211E+044
  1.5011003411E+006  1.0746118032E+044
  1.5028002251E+006  1.0765834855E+044
  1.5045004004E+006  1.0785589779E+044
  1.5062002936E+006  1.0805368421E+044
  1.5079002197E+006  1.0825173849E+044
  1.5096002141E+006  1.0845019819E+044
  1.5113002581E+006  1.0864931226E+044
  1.5130002800E+006  1.0884935619E+044
  1.5147002177E+006  1.0905054161E+044
  1.5164003655E+006  1.0925282251E+044
  1.5181004209E+006  1.0945564431E+044
  1.5198003712E+006  1.0965839302E+044
  1.5215002898E+006  1.0986070575E+044
  1.5232004745E+006  1.1006255056E+044
  1.5249004290E+006  1.1026433911E+044
  1.5266003011E+006  1.1046715657E+044
  1.5283002884E+006  1.1066890504E+044
  1.5300004407E+006  1.1087057734E+044
  1.5317004220E+006  1.1107229986E+044
  1.5334003255E+006  1.1127389987E+044
  1.5351003101E+006  1.1147509389E+044
  1.5368002945E+006  1.1167580522E+044
  1.5385003405E+006  1.1187630083E+044
  1.5402003809E+006  1.1207702626E+044
  1.5419002923E+006  1.1227845965E+044
  1.5436002432E+006  1.1248094859E+044
  1.5453002499E+006  1.1268435270E+044
  1.5470002090E+006  1.1288806789E+044
  1.5487003366E+006  1.1309155477E+044
  1.5504004049E+006  1.1329454895E+044
  1.5521004001E+006  1.1349712091E+044
  1.5538003680E+006  1.1369951610E+044
  1.5555003109E+006  1.1390201516E+044
  1.5572003826E+006  1.1410488171E+044
  1.5589003390E+006  1.1430823150E+044
  1.5606002870E+006  1.1451192812E+044
  1.5623002617E+006  1.1471526668E+044
  1.5640004469E+006  1.1491735875E+044
  1.5657003471E+006  1.1511775163E+044
  1.5674002773E+006  1.1531686518E+044
  1.5691002141E+006  1.1551554408E+044
  1.5708002577E+006  1.1571470956E+044
  1.5725003872E+006  1.1591502608E+044
  1.5742002562E+006  1.1611647750E+044
  1.5759002397E+006  1.1631852246E+044
  1.5776002974E+006  1.1652054069E+044
  1.5793002482E+006  1.1672224844E+044
  1.5810002322E+006  1.1692373439E+044
  1.5827002322E+006  1.1712525187E+044
  1.5844003438E+006  1.1732710444E+044
  1.5861003204E+006  1.1752951671E+044
  1.5878004173E+006  1.1773265252E+044
  1.5895002501E+006  1.1793626075E+044
  1.5912002517E+006  1.1814123756E+044
  1.5929003082E+006  1.1834340966E+044
  1.5946003592E+006  1.1854295576E+044
  1.5963002990E+006  1.1874034085E+044
  1.5980003793E+006  1.1893640294E+044
  1.5997004103E+006  1.1913225081E+044
  1.6014003637E+006  1.1932894396E+044
  1.6031002268E+006  1.1952699625E+044
  1.6048002862E+006  1.1972607439E+044
  1.6065002823E+006  1.1992542057E+044
  1.6082001836E+006  1.2012459206E+044
  1.6099002616E+006  1.2032358574E+044
  1.6116003034E+006  1.2052260144E+044
  1.6133004192E+006  1.2072195893E+044
  1.6150002470E+006  1.2092189469E+044
  1.6167004381E+006  1.2112268171E+044
  1.6184002310E+006  1.2132417581E+044
  1.6201002708E+006  1.2152572126E+044
  1.6218002762E+006  1.2172608013E+044
  1.6235002971E+006  1.2192433711E+044
  1.6252002296E+006  1.2212014965E+044
  1.6269003444E+006  1.2231387320E+044
  1.6286002801E+006  1.2250644113E+044
  1.6303002562E+006  1.2269913128E+044
  1.6320004117E+006  1.2289302962E+044
  1.6337002115E+006  1.2308839824E+044
  1.6354002710E+006  1.2328465821E+044
  1.6371003222E+006  1.2348093002E+044
  1.6388001994E+006  1.2367679114E+044
  1.6405001957E+006  1.2387233230E+044
  1.6422003494E+006  1.2406784701E+044
  1.6439003339E+006  1.2426363334E+044
  1.6456003295E+006  1.2445998721E+044
  1.6473002339E+006  1.2465707364E+044
  1.6490002546E+006  1.2485489310E+044
  1.6507004052E+006  1.2505275355E+044
  1.6524003853E+006  1.2524923687E+044
  1.6541003643E+006  1.2544318396E+044
  1.6558002965E+006  1.2563422100E+044
  1.6575002532E+006  1.2582299197E+044
  1.6592003379E+006  1.2601081737E+044
  1.6609002013E+006  1.2619902635E+044
  1.6626003370E+006  1.2638870886E+044
  1.6643002305E+006  1.2658015806E+044
  1.6660003009E+006  1.2677266258E+044
  1.6677001844E+006  1.2696498554E+044
  1.6694001949E+006  1.2715647108E+044
  1.6711001674E+006  1.2734704627E+044
  1.6728003441E+006  1.2753703643E+044
  1.6745002957E+006  1.2772677972E+044
  1.6762003942E+006  1.2791664537E+044
  1.6779002839E+006  1.2810680488E+044
  1.6796004122E+006  1.2829738904E+044
  1.6813002994E+006  1.2848826910E+044
  1.6830002674E+006  1.2867888524E+044
  1.6847002953E+006  1.2886782610E+044
  1.6864003114E+006  1.2905540852E+044
  1.6881002926E+006  1.2924071921E+044
  1.6898003899E+006  1.2942365101E+044
  1.6915003447E+006  1.2960629144E+044
  1.6932003438E+006  1.2978979977E+044
  1.6949002256E+006  1.2997478974E+044
  1.6966002240E+006  1.3014969273E+044
  1.6983003103E+006  1.3033671475E+044
  1.7000002644E+006  1.3052268651E+044
  1.7017003496E+006  1.3070677762E+044
  1.7034003757E+006  1.3088894977E+044
  1.7051002477E+006  1.3106958471E+044
  1.7068002968E+006  1.3124918119E+044
  1.7085003738E+006  1.3142808168E+044
  1.7102004068E+006  1.3160647490E+044
  1.7119003670E+006  1.3178439854E+044
  1.7136002232E+006  1.3196186281E+044
  1.7153003051E+006  1.3213880059E+044
  1.7170002891E+006  1.3231463506E+044
  1.7187002285E+006  1.3248905345E+044
  1.7204001989E+006  1.3266237951E+044
  1.7221002652E+006  1.3283528491E+044
  1.7238002234E+006  1.3300841532E+044
  1.7255002137E+006  1.3318228331E+044
  1.7272002138E+006  1.3335718331E+044
  1.7289002718E+006  1.3353323376E+044
  1.7306003665E+006  1.3371011031E+044
  1.7323002070E+006  1.3388634119E+044
  1.7340003440E+006  1.3406015981E+044
  1.7357002544E+006  1.3423058549E+044
  1.7374002918E+006  1.3439766062E+044
  1.7391002326E+006  1.3456179077E+044
  1.7408002525E+006  1.3472351699E+044
  1.7425002874E+006  1.3488369558E+044
  1.7442002165E+006  1.3504370110E+044
  1.7459002143E+006  1.3520493575E+044
  1.7476003605E+006  1.3536807525E+044
  1.7493002424E+006  1.3553217736E+044
  1.7510001839E+006  1.3569558112E+044
  1.7527002722E+006  1.3584407696E+044
  1.7544002612E+006  1.3596342347E+044
  1.7561002573E+006  1.3612273013E+044
  1.7578002179E+006  1.3628129567E+044
  1.7595003753E+006  1.3643993812E+044
  1.7612002563E+006  1.3660009944E+044
  1.7629004073E+006  1.3675938396E+044
  1.7646003343E+006  1.3691838567E+044
  1.7663002991E+006  1.3707728442E+044
  1.7680002196E+006  1.3723583349E+044
  1.7697003928E+006  1.3739315759E+044
  1.7714003286E+006  1.3754819944E+044
  1.7731002768E+006  1.3770103226E+044
  1.7748001940E+006  1.3785259055E+044
  1.7765002761E+006  1.3800400762E+044
  1.7782002635E+006  1.3815615163E+044
  1.7799002948E+006  1.3830959722E+044
  1.7816003018E+006  1.3845905912E+044
  1.7833002159E+006  1.3860980900E+044
  1.7850002744E+006  1.3876742167E+044
  1.7867002813E+006  1.3892419821E+044
  1.7884002716E+006  1.3907817047E+044
  1.7901003722E+006  1.3922883842E+044
  1.7918002393E+006  1.3937778688E+044
  1.7935002653E+006  1.3952323446E+044
  1.7952004118E+006  1.3966635950E+044
  1.7969003699E+006  1.3980846959E+044
  1.7986003033E+006  1.3995128544E+044
  1.8003002921E+006  1.4009635583E+044
  1.8020002086E+006  1.4024456480E+044
  1.8037002199E+006  1.4039566716E+044
  1.8054002310E+006  1.4054764047E+044
  1.8071002656E+006  1.4069841178E+044
  1.8088002572E+006  1.4084095263E+044
  1.8105002320E+006  1.4096489668E+044
  1.8122002974E+006  1.4111196353E+044
  1.8139003004E+006  1.4125830804E+044
  1.8156003455E+006  1.4140466317E+044
  1.8173002846E+006  1.4155136037E+044
  1.8190004058E+006  1.4169851269E+044
  1.8207002300E+006  1.4184722829E+044
  1.8224002861E+006  1.4199553300E+044
  1.8241002572E+006  1.4214381950E+044
  1.8258003272E+006  1.4229178628E+044
  1.8275001628E+006  1.4243843665E+044
  1.8292002428E+006  1.4258376728E+044
  1.8309002313E+006  1.4272847470E+044
  1.8326001845E+006  1.4287342597E+044
  1.8343002105E+006  1.4301928932E+044
  1.8360002329E+006  1.4316644148E+044
  1.8377002408E+006  1.4330421639E+044
  1.8394002265E+006  1.4345438072E+044
  1.8411003211E+006  1.4360572935E+044
  1.8428002537E+006  1.4375789770E+044
  1.8445002218E+006  1.4391067766E+044
  1.8462002666E+006  1.4406298429E+044
  1.8479002667E+006  1.4421235195E+044
  1.8496003132E+006  1.4435831255E+044
  1.8513003707E+006  1.4450129431E+044
  1.8530002928E+006  1.4464254309E+044
  1.8547002438E+006  1.4478420614E+044
  1.8564001956E+006  1.4492743968E+044
  1.8581002117E+006  1.4507277035E+044
  1.8598002109E+006  1.4522030699E+044
  1.8615001615E+006  1.4536993242E+044
  1.8632001830E+006  1.4552140578E+044
  1.8649002460E+006  1.4567394659E+044
  1.8666003211E+006  1.4582511240E+044
  1.8683001909E+006  1.4597225421E+044
  1.8700002494E+006  1.4611455877E+044
  1.8717002075E+006  1.4625253424E+044
  1.8734002684E+006  1.4638734158E+044
  1.8751002488E+006  1.4652089571E+044
  1.8768003942E+006  1.4665549817E+044
  1.8785003651E+006  1.4679277430E+044
  1.8802001955E+006  1.4693351983E+044
  1.8819002229E+006  1.4707908435E+044
  1.8836002885E+006  1.4722704882E+044
  1.8853001766E+006  1.4737743135E+044
  1.8870001565E+006  1.4752875349E+044
  1.8887002067E+006  1.4767788814E+044
  1.8904002278E+006  1.4782284474E+044
  1.8921003178E+006  1.4796361585E+044
  1.8938002473E+006  1.4810109392E+044
  1.8955002608E+006  1.4823626222E+044
  1.8972002355E+006  1.4836979032E+044
  1.8989003414E+006  1.4850240952E+044
  1.9006003168E+006  1.4863561388E+044
  1.9023002627E+006  1.4877116596E+044
  1.9040002161E+006  1.4891015906E+044
  1.9057002770E+006  1.4905290911E+044
  1.9074002244E+006  1.4919917090E+044
  1.9091002820E+006  1.4934795095E+044
  1.9108002713E+006  1.4949627041E+044
  1.9125002644E+006  1.4963522294E+044
  1.9142002242E+006  1.4977132184E+044
  1.9159002045E+006  1.4990769199E+044
  1.9176003370E+006  1.5004403419E+044
  1.9193002889E+006  1.5017734446E+044
  1.9210003082E+006  1.5030894229E+044
  1.9227002320E+006  1.5043945296E+044
  1.9244003353E+006  1.5056991978E+044
  1.9261003026E+006  1.5070206199E+044
  1.9278003752E+006  1.5083729872E+044
  1.9295003388E+006  1.5097618321E+044
  1.9312001870E+006  1.5111862989E+044
  1.9329002442E+006  1.5126408836E+044
  1.9346002073E+006  1.5141040539E+044
  1.9363002380E+006  1.5155397069E+044
  1.9380001865E+006  1.5169278292E+044
  1.9397001903E+006  1.5182222693E+044
  1.9414002184E+006  1.5195338153E+044
  1.9431002156E+006  1.5208207898E+044
  1.9448002340E+006  1.5220890499E+044
  1.9465003088E+006  1.5233431608E+044
  1.9482003028E+006  1.5245924248E+044
  1.9499003180E+006  1.5258550705E+044
  1.9516003320E+006  1.5271468042E+044
  1.9533003546E+006  1.5284745148E+044
  1.9550002596E+006  1.5298376850E+044
  1.9567003061E+006  1.5312320414E+044
  1.9584002114E+006  1.5326511196E+044
  1.9601001676E+006  1.5340903080E+044
  1.9618001561E+006  1.5355200305E+044
  1.9635002046E+006  1.5368576240E+044
  1.9652001868E+006  1.5381525099E+044
  1.9669002057E+006  1.5394082626E+044
  1.9686003486E+006  1.5406202135E+044
  1.9703002053E+006  1.5417994081E+044
  1.9720003558E+006  1.5429632206E+044
  1.9737002815E+006  1.5441348715E+044
  1.9754002645E+006  1.5453325026E+044
  1.9771002396E+006  1.5465636408E+044
  1.9788003142E+006  1.5478282287E+044
  1.9805001686E+006  1.5491217455E+044
  1.9822003078E+006  1.5504385495E+044
  1.9839001941E+006  1.5517717245E+044
  1.9856001784E+006  1.5531151807E+044
  1.9873002477E+006  1.5544629031E+044
  1.9890001999E+006  1.5558091185E+044
  1.9907002339E+006  1.5571486211E+044
  1.9924002960E+006  1.5584730486E+044
  1.9941001900E+006  1.5597609008E+044
  1.9958002946E+006  1.5609908092E+044
  1.9975002440E+006  1.5621669490E+044
  1.9992003512E+006  1.5633109157E+044
  2.0009001969E+006  1.5644429385E+044
  2.0026001946E+006  1.5655765451E+044
  2.0043002760E+006  1.5667181223E+044
  2.0060001995E+006  1.5678691959E+044
  2.0077002895E+006  1.5690287517E+044
  2.0094001366E+006  1.5701935961E+044
  2.0111001937E+006  1.5713602083E+044
  2.0128002726E+006  1.5725241552E+044
  2.0145002530E+006  1.5736807871E+044
  2.0162002229E+006  1.5748259051E+044
  2.0179003651E+006  1.5759619380E+044
  2.0196003216E+006  1.5771033027E+044
  2.0213002486E+006  1.5782658747E+044
  2.0230002790E+006  1.5794237294E+044
  2.0247002897E+006  1.5805319949E+044
  2.0264003105E+006  1.5815942406E+044
  2.0281001640E+006  1.5826223918E+044
  2.0298002344E+006  1.5836290251E+044
  2.0315001498E+006  1.5846223175E+044
  2.0332002463E+006  1.5856067038E+044
  2.0349002813E+006  1.5865831130E+044
  2.0366002453E+006  1.5875504703E+044
  2.0383003430E+006  1.5885066023E+044
  2.0400002858E+006  1.5894531703E+044
  2.0417002572E+006  1.5904049212E+044
  2.0434001937E+006  1.5913788699E+044
  2.0451002820E+006  1.5923831374E+044
  2.0468002672E+006  1.5934169070E+044
  2.0485002656E+006  1.5944748304E+044
  2.0502001687E+006  1.5955495768E+044
  2.0519002597E+006  1.5966337677E+044
  2.0536002784E+006  1.5977199916E+044
  2.0553002192E+006  1.5988015642E+044
  2.0570001310E+006  1.5998724023E+044
  2.0587001780E+006  1.6009270332E+044
  2.0604002780E+006  1.6019604674E+044
  2.0621003464E+006  1.6029680584E+044
  2.0638002204E+006  1.6039326948E+044
  2.0655002526E+006  1.6048387977E+044
  2.0672002411E+006  1.6056939699E+044
  2.0689003346E+006  1.6065165018E+044
  2.0706002689E+006  1.6073215907E+044
  2.0723002547E+006  1.6081183200E+044
  2.0740001497E+006  1.6089102700E+044
  2.0757001768E+006  1.6096976525E+044
  2.0774001444E+006  1.6104784184E+044
  2.0791002459E+006  1.6112495384E+044
  2.0808001979E+006  1.6120072345E+044
  2.0825002212E+006  1.6127481469E+044
  2.0842002259E+006  1.6134758016E+044
  2.0859002560E+006  1.6142208059E+044
  2.0876002175E+006  1.6149742089E+044
  2.0893001991E+006  1.6157468398E+044
  2.0910001807E+006  1.6165397666E+044
  2.0927002822E+006  1.6173479142E+044
  2.0944002101E+006  1.6181642919E+044
  2.0961002224E+006  1.6189820994E+044
  2.0978002282E+006  1.6197948884E+044
  2.0995002339E+006  1.6205968866E+044
  2.1012001837E+006  1.6213829171E+044
  2.1029002806E+006  1.6221485084E+044
  2.1046002337E+006  1.6228909526E+044
  2.1063002654E+006  1.6236183201E+044
  2.1080002021E+006  1.6243397106E+044
  2.1097002127E+006  1.6250335300E+044
  2.1114002963E+006  1.6256743277E+044
  2.1131002282E+006  1.6262674586E+044
  2.1148001813E+006  1.6268315030E+044
  2.1165002030E+006  1.6273652375E+044
  2.1182001934E+006  1.6278828586E+044
  2.1199002479E+006  1.6283903792E+044
  2.1216001320E+006  1.6288890272E+044
  2.1233002428E+006  1.6293778496E+044
  2.1250002203E+006  1.6298550662E+044
  2.1267003021E+006  1.6303256791E+044
  2.1284002348E+006  1.6308059747E+044
  2.1301001771E+006  1.6313100361E+044
  2.1318003312E+006  1.6318422223E+044
  2.1335002652E+006  1.6323995728E+044
  2.1352002828E+006  1.6329762918E+044
  2.1369002296E+006  1.6335760566E+044
  2.1386002489E+006  1.6341753021E+044
  2.1403002326E+006  1.6347700421E+044
  2.1420001861E+006  1.6353571550E+044
  2.1437002291E+006  1.6359326090E+044
  2.1454003020E+006  1.6364926621E+044
  2.1471003273E+006  1.6370389543E+044
  2.1488001905E+006  1.6375849400E+044
  2.1505003129E+006  1.6381448881E+044
  2.1522002908E+006  1.6387242026E+044
  2.1539001789E+006  1.6393212467E+044
  2.1556002477E+006  1.6399309510E+044
  2.1573002921E+006  1.6405514193E+044
  2.1590001767E+006  1.6411754968E+044
  2.1607001451E+006  1.6417887591E+044
  2.1624001917E+006  1.6423897007E+044
  2.1641002025E+006  1.6429750962E+044
  2.1658002789E+006  1.6435418927E+044
  2.1675001807E+006  1.6440914813E+044
  2.1692001743E+006  1.6446364622E+044
  2.1709003039E+006  1.6451906732E+044
  2.1726002537E+006  1.6457599832E+044
  2.1743002848E+006  1.6463435710E+044
  2.1760003148E+006  1.6469370404E+044
  2.1777001596E+006  1.6475348183E+044
  2.1794002349E+006  1.6481390788E+044
  2.1811002429E+006  1.6487337534E+044
  2.1828001964E+006  1.6493147014E+044
  2.1845001264E+006  1.6498800044E+044
  2.1862001591E+006  1.6504278186E+044
  2.1879002988E+006  1.6509621963E+044
  2.1896002258E+006  1.6514942860E+044
  2.1913001906E+006  1.6520337656E+044
  2.1930001793E+006  1.6525868071E+044
  2.1947002348E+006  1.6531611720E+044
  2.1964001685E+006  1.6537598102E+044
  2.1981001727E+006  1.6543995593E+044
  2.1998002685E+006  1.6550969737E+044
  2.2015001371E+006  1.6558462930E+044
  2.2032002336E+006  1.6566220590E+044
  2.2049001780E+006  1.6573967895E+044
  2.2066002204E+006  1.6581592982E+044
  2.2083002447E+006  1.6589071129E+044
  2.2100002798E+006  1.6596452240E+044
  2.2117002434E+006  1.6603769716E+044
  2.2134002863E+006  1.6611016057E+044
  2.2151002184E+006  1.6618158055E+044
  2.2168002457E+006  1.6625162198E+044
  2.2185002756E+006  1.6631997597E+044
  2.2202002623E+006  1.6638637642E+044
  2.2219002048E+006  1.6645060170E+044
  2.2236001808E+006  1.6651248057E+044
  2.2253001439E+006  1.6657209409E+044
  2.2270002940E+006  1.6663009183E+044
  2.2287001849E+006  1.6668605528E+044
  2.2304003174E+006  1.6674122161E+044
  2.2321003170E+006  1.6679598297E+044
  2.2338003067E+006  1.6685039674E+044
  2.2355002609E+006  1.6690429740E+044
  2.2372002217E+006  1.6695746970E+044
  2.2389002528E+006  1.6701068956E+044
  2.2406002239E+006  1.6706690527E+044
  2.2423002436E+006  1.6712804398E+044
  2.2440001660E+006  1.6719329365E+044
  2.2457002291E+006  1.6726078380E+044
  2.2474002418E+006  1.6732901489E+044
  2.2491001922E+006  1.6739707025E+044
  2.2508002166E+006  1.6746430366E+044
  2.2525002331E+006  1.6753019068E+044
  2.2542002233E+006  1.6759497721E+044
  2.2559002222E+006  1.6765740957E+044
  2.2576002551E+006  1.6771740064E+044
  2.2593002555E+006  1.6777509197E+044
  2.2610001518E+006  1.6783042881E+044
  2.2627001773E+006  1.6788338269E+044
  2.2644001860E+006  1.6793397626E+044
  2.2661001898E+006  1.6798231561E+044
  2.2678002575E+006  1.6802853499E+044
  2.2695003041E+006  1.6807272815E+044
  2.2712003047E+006  1.6811494336E+044
  2.2729001796E+006  1.6815520975E+044
  2.2746001959E+006  1.6819357218E+044
  2.2763002045E+006  1.6823008192E+044
  2.2780001438E+006  1.6826481202E+044
  2.2797001390E+006  1.6829786256E+044
  2.2814001223E+006  1.6832935412E+044
  2.2831001549E+006  1.6835935582E+044
  2.2848001247E+006  1.6838771988E+044
  2.2865002385E+006  1.6841425042E+044
  2.2882001934E+006  1.6843886565E+044
  2.2899001592E+006  1.6846243431E+044
  2.2916001708E+006  1.6848365989E+044
  2.2933002591E+006  1.6850311671E+044
  2.2950002234E+006  1.6852236571E+044
  2.2967001656E+006  1.6854472218E+044
  2.2984001957E+006  1.6857202511E+044
  2.3001001906E+006  1.6860366956E+044
  2.3018000720E+006  1.6863789233E+044
  2.3035001433E+006  1.6867255036E+044
  2.3052001950E+006  1.6870588576E+044
  2.3069002197E+006  1.6873686594E+044
  2.3086002125E+006  1.6876504487E+044
  2.3103002377E+006  1.6879035216E+044
  2.3120002346E+006  1.6881293417E+044
  2.3137001758E+006  1.6883305722E+044
  2.3154001490E+006  1.6885105558E+044
  2.3171001751E+006  1.6886730595E+044
  2.3188001470E+006  1.6888207958E+044
  2.3205001419E+006  1.6889495282E+044
  2.3222001094E+006  1.6890500495E+044
  2.3239001116E+006  1.6891165727E+044
  2.3256001834E+006  1.6891486414E+044
  2.3273002383E+006  1.6891494851E+044
  2.3290002480E+006  1.6891243817E+044
  2.3307002139E+006  1.6890794995E+044
  2.3324001729E+006  1.6890211873E+044
  2.3341002022E+006  1.6889555175E+044
  2.3358002021E+006  1.6888875853E+044
  2.3375001499E+006  1.6888154399E+044
  2.3392001574E+006  1.6887264440E+044
  2.3409001920E+006  1.6886086305E+044
  2.3426001234E+006  1.6884572916E+044
  2.3443000978E+006  1.6882739743E+044
  2.3460002265E+006  1.6880741373E+044
  2.3477002221E+006  1.6878998179E+044
  2.3494001509E+006  1.6877563045E+044
  2.3511002388E+006  1.6876535268E+044
  2.3528001844E+006  1.6875862028E+044
  2.3545001234E+006  1.6875427415E+044
  2.3562001734E+006  1.6875002642E+044
  2.3579001902E+006  1.6874342151E+044
  2.3596001685E+006  1.6873297972E+044
  2.3613001623E+006  1.6871822509E+044
  2.3630002711E+006  1.6869932421E+044
  2.3647002304E+006  1.6867684221E+044
  2.3664001517E+006  1.6865160101E+044
  2.3681001353E+006  1.6862458437E+044
  2.3698001722E+006  1.6859682219E+044
  2.3715002196E+006  1.6856878577E+044
  2.3732001994E+006  1.6853929117E+044
  2.3749001230E+006  1.6850715962E+044
  2.3766001906E+006  1.6847374528E+044
  2.3783002710E+006  1.6844065922E+044
  2.3800001608E+006  1.6840800840E+044
  2.3817001946E+006  1.6837521238E+044
  2.3834001589E+006  1.6834188490E+044
  2.3851001880E+006  1.6830809756E+044
  2.3868002124E+006  1.6827431689E+044
  2.3885001331E+006  1.6824064046E+044
  2.3902001576E+006  1.6820550480E+044
  2.3919001154E+006  1.6816674613E+044
  2.3936001749E+006  1.6812307079E+044
  2.3953001864E+006  1.6807421675E+044
  2.3970002199E+006  1.6802057062E+044
  2.3987002313E+006  1.6796288768E+044
  2.4004002168E+006  1.6790217289E+044
  2.4021001875E+006  1.6783963745E+044
  2.4038001715E+006  1.6777657086E+044
  2.4055001532E+006  1.6771332429E+044
  2.4072001435E+006  1.6764829395E+044
  2.4089001787E+006  1.6758119041E+044
  2.4106001516E+006  1.6751121181E+044
  2.4123001532E+006  1.6744044278E+044
  2.4140001454E+006  1.6736951421E+044
  2.4157001668E+006  1.6729824589E+044
  2.4174001600E+006  1.6722656014E+044
  2.4191001329E+006  1.6715479999E+044
  2.4208001843E+006  1.6708347221E+044
  2.4225001209E+006  1.6701182652E+044
  2.4242001902E+006  1.6693765130E+044
  2.4259001660E+006  1.6685916463E+044
  2.4276002303E+006  1.6677576827E+044
  2.4293002239E+006  1.6668781626E+044
  2.4310002590E+006  1.6659614198E+044
  2.4327002200E+006  1.6650181788E+044
  2.4344001871E+006  1.6640607215E+044
  2.4361001719E+006  1.6631134538E+044
  2.4378002140E+006  1.6621713382E+044
  2.4395001204E+006  1.6612425147E+044
  2.4412001383E+006  1.6603214901E+044
  2.4429001338E+006  1.6594098138E+044
  2.4446001716E+006  1.6584668816E+044
  2.4463001525E+006  1.6575028971E+044
  2.4480001884E+006  1.6565196621E+044
  2.4497002568E+006  1.6555231800E+044
  2.4514001567E+006  1.6545227690E+044
  2.4531001466E+006  1.6535270288E+044
  2.4548001974E+006  1.6525295337E+044
  2.4565001848E+006  1.6515122807E+044
  2.4582001353E+006  1.6504632270E+044
  2.4599001927E+006  1.6493753284E+044
  2.4616001799E+006  1.6482738899E+044
  2.4633001495E+006  1.6471753211E+044
  2.4650001948E+006  1.6460853488E+044
  2.4667001580E+006  1.6450065801E+044
  2.4684001307E+006  1.6439413690E+044
  2.4701001319E+006  1.6428818548E+044
  2.4718001598E+006  1.6418071663E+044
  2.4735001081E+006  1.6406993448E+044
  2.4752001639E+006  1.6395514589E+044
  2.4769002031E+006  1.6383668276E+044
  2.4786001339E+006  1.6371625769E+044
  2.4803001530E+006  1.6359334122E+044
  2.4820001352E+006  1.6346942979E+044
  2.4837001883E+006  1.6334585248E+044
  2.4854001311E+006  1.6322384606E+044
  2.4871001983E+006  1.6310337423E+044
  2.4888001384E+006  1.6298324188E+044
  2.4905001172E+006  1.6286224452E+044
  2.4922001403E+006  1.6273979687E+044
  2.4939001916E+006  1.6261588597E+044
  2.4956002433E+006  1.6249087147E+044
  2.4973001934E+006  1.6236533186E+044
  2.4990001466E+006  1.6224019389E+044
  2.5007001582E+006  1.6211640084E+044
  2.5024001835E+006  1.6199268409E+044
  2.5041002023E+006  1.6186866800E+044
  2.5058001111E+006  1.6174366925E+044
  2.5075001426E+006  1.6161737781E+044
  2.5092001411E+006  1.6148994405E+044
  2.5109001735E+006  1.6136213020E+044
  2.5126002376E+006  1.6123541948E+044
  2.5143001486E+006  1.6111075603E+044
  2.5160002042E+006  1.6098734935E+044
  2.5177002112E+006  1.6086331018E+044
  2.5194001663E+006  1.6073707436E+044
  2.5211001158E+006  1.6060800025E+044
  2.5228001800E+006  1.6047623270E+044
  2.5245001841E+006  1.6034316689E+044
  2.5262001670E+006  1.6020775187E+044
  2.5279001666E+006  1.6007129895E+044
  2.5296001874E+006  1.5993474895E+044
  2.5313002115E+006  1.5979817809E+044
  2.5330001656E+006  1.5966076411E+044
  2.5347001561E+006  1.5952174828E+044
  2.5364001235E+006  1.5938092588E+044
  2.5381001361E+006  1.5923848069E+044
  2.5398001489E+006  1.5909473024E+044
  2.5415001707E+006  1.5894994905E+044
  2.5432001412E+006  1.5880418312E+044
  2.5449001518E+006  1.5865690328E+044
  2.5466002052E+006  1.5850764011E+044
  2.5483001958E+006  1.5835642174E+044
  2.5500002092E+006  1.5820358594E+044
  2.5517001844E+006  1.5804960776E+044
  2.5534001692E+006  1.5789601039E+044
  2.5551001209E+006  1.5774119129E+044
  2.5568002247E+006  1.5758566589E+044
  2.5585001399E+006  1.5742939562E+044
  2.5602001491E+006  1.5727181019E+044
  2.5619001193E+006  1.5711224419E+044
  2.5636001536E+006  1.5695039993E+044
  2.5653001551E+006  1.5678674780E+044
  2.5670000978E+006  1.5662223442E+044
  2.5687000987E+006  1.5645750067E+044
  2.5704001201E+006  1.5629263211E+044
  2.5721002047E+006  1.5612711284E+044
  2.5738002055E+006  1.5595990404E+044
  2.5755002280E+006  1.5579000136E+044
  2.5772001112E+006  1.5561707629E+044
  2.5789001839E+006  1.5544148977E+044
  2.5806001771E+006  1.5526406505E+044
  2.5823001405E+006  1.5508566113E+044
  2.5840001253E+006  1.5490696745E+044
  2.5857001819E+006  1.5472800107E+044
  2.5874001495E+006  1.5454800832E+044
  2.5891001921E+006  1.5436602527E+044
  2.5908002166E+006  1.5418155749E+044
  2.5925001093E+006  1.5399487732E+044
  2.5942001936E+006  1.5380685428E+044
  2.5959001345E+006  1.5361840499E+044
  2.5976001148E+006  1.5342985054E+044
  2.5993001229E+006  1.5324229877E+044
  2.6010001496E+006  1.5305270519E+044
  2.6027001343E+006  1.5286102641E+044
  2.6044001804E+006  1.5266735934E+044
  2.6061001028E+006  1.5247198238E+044
  2.6078001570E+006  1.5227538917E+044
  2.6095001356E+006  1.5207818782E+044
  2.6112001038E+006  1.5188064655E+044
  2.6129001251E+006  1.5168248038E+044
  2.6146001634E+006  1.5148309732E+044
  2.6163002023E+006  1.5128198893E+044
  2.6180002024E+006  1.5107892770E+044
  2.6197002035E+006  1.5087408500E+044
  2.6214001686E+006  1.5066815813E+044
  2.6231001387E+006  1.5046216178E+044
  2.6248000997E+006  1.5025683462E+044
  2.6265000864E+006  1.5005220004E+044
  2.6282001401E+006  1.4984772121E+044
  2.6299001281E+006  1.4964273227E+044
  2.6316001184E+006  1.4943674308E+044
  2.6333001438E+006  1.4922969118E+044
  2.6350001930E+006  1.4902203977E+044
  2.6367001516E+006  1.4881464450E+044
  2.6384001681E+006  1.4860819139E+044
  2.6401001634E+006  1.4840282049E+044
  2.6418000884E+006  1.4819810673E+044
  2.6435001387E+006  1.4799333001E+044
  2.6452001548E+006  1.4778789695E+044
  2.6469001168E+006  1.4758154365E+044
  2.6486001326E+006  1.4737450655E+044
  2.6503001189E+006  1.4716753375E+044
  2.6520001183E+006  1.4696142689E+044
  2.6537001050E+006  1.4675653649E+044
  2.6554000836E+006  1.4655257859E+044
  2.6571001231E+006  1.4634885154E+044
  2.6588001683E+006  1.4614460902E+044
  2.6605001559E+006  1.4593941577E+044
  2.6622001211E+006  1.4573345675E+044
  2.6639001447E+006  1.4552755494E+044
  2.6656001149E+006  1.4532263828E+044
  2.6673001329E+006  1.4511901803E+044
  2.6690000980E+006  1.4491627156E+044
  2.6707001633E+006  1.4471349893E+044
  2.6724001867E+006  1.4450992207E+044
  2.6741001330E+006  1.4430531148E+044
  2.6758001646E+006  1.4410020640E+044
  2.6775001367E+006  1.4389585359E+044
  2.6792001339E+006  1.4369352282E+044
  2.6809000881E+006  1.4349379959E+044
  2.6826001347E+006  1.4329636531E+044
  2.6843001287E+006  1.4310040698E+044
  2.6860001665E+006  1.4290502812E+044
  2.6877001600E+006  1.4270967875E+044
  2.6894001762E+006  1.4251442260E+044
  2.6911001149E+006  1.4232002223E+044
  2.6928001334E+006  1.4212727193E+044
  2.6945000995E+006  1.4193629368E+044
  2.6962000809E+006  1.4174642640E+044
  2.6979000935E+006  1.4155673005E+044
  2.6996001073E+006  1.4136648427E+044
  2.7013001140E+006  1.4117552545E+044
  2.7030001145E+006  1.4098446848E+044
  2.7047001221E+006  1.4079459570E+044
  2.7064001341E+006  1.4060708559E+044
  2.7081001052E+006  1.4042218930E+044
  2.7098000964E+006  1.4023911777E+044
  2.7115001232E+006  1.4005656657E+044
  2.7132001241E+006  1.3987337813E+044
  2.7149001407E+006  1.3968905917E+044
  2.7166001578E+006  1.3950412962E+044
  2.7183001060E+006  1.3931988800E+044
  2.7200000981E+006  1.3913731086E+044
  2.7217001288E+006  1.3895632089E+044
  2.7234001122E+006  1.3877603536E+044
  2.7251001646E+006  1.3859544268E+044
  2.7268001690E+006  1.3841414523E+044
  2.7285001616E+006  1.3823279517E+044
  2.7302001814E+006  1.3805306553E+044
  2.7319001247E+006  1.3787674130E+044
  2.7336001254E+006  1.3770441581E+044
  2.7353001365E+006  1.3753523661E+044
  2.7370001200E+006  1.3736754314E+044
  2.7387001259E+006  1.3719972928E+044
  2.7404000957E+006  1.3703092007E+044
  2.7421001263E+006  1.3686134316E+044
  2.7438000992E+006  1.3669226290E+044
  2.7455001147E+006  1.3652477594E+044
  2.7472000806E+006  1.3635881537E+044
  2.7489001014E+006  1.3619332523E+044
  2.7506001226E+006  1.3602720546E+044
  2.7523001323E+006  1.3586007753E+044
  2.7540001784E+006  1.3569261166E+044
  2.7557001036E+006  1.3552648515E+044
  2.7574001452E+006  1.3536341319E+044
  2.7591000797E+006  1.3520384018E+044
  2.7608001309E+006  1.3504658438E+044
  2.7625001182E+006  1.3488973684E+044
  2.7642001678E+006  1.3473159822E+044
  2.7659001533E+006  1.3457151870E+044
  2.7676001186E+006  1.3441032663E+044
  2.7693001686E+006  1.3424988057E+044
  2.7710001043E+006  1.3409250904E+044
  2.7727000921E+006  1.3393676251E+044
  2.7744000763E+006  1.3378079468E+044
  2.7761001457E+006  1.3362392230E+044
  2.7778001263E+006  1.3346618096E+044
  2.7795001399E+006  1.3330893314E+044
  2.7812001200E+006  1.3315470398E+044
  2.7829001346E+006  1.3300537688E+044
  2.7846000758E+006  1.3286078857E+044
  2.7863000691E+006  1.3271912198E+044
  2.7880001352E+006  1.3257819781E+044
  2.7897001249E+006  1.3243659875E+044
  2.7914001234E+006  1.3229433041E+044
  2.7931001626E+006  1.3215276975E+044
  2.7948000832E+006  1.3201316422E+044
  2.7965001104E+006  1.3187593268E+044
  2.7982000932E+006  1.3173953450E+044
  2.7999001268E+006  1.3160098437E+044
  2.8016000927E+006  1.3146048611E+044
  2.8033001407E+006  1.3131952498E+044
  2.8050001294E+006  1.3118084404E+044
  2.8067000908E+006  1.3104673131E+044
  2.8084001217E+006  1.3091732237E+044
  2.8101001176E+006  1.3079091961E+044
  2.8118000727E+006  1.3066527854E+044
  2.8135001155E+006  1.3053883756E+044
  2.8152000997E+006  1.3041167445E+044
  2.8169001173E+006  1.3028542177E+044
  2.8186000959E+006  1.3016152202E+044
  2.8203001067E+006  1.3003986075E+044
  2.8220000897E+006  1.2991981350E+044
  2.8237001368E+006  1.2979728862E+044
  2.8254001521E+006  1.2967298720E+044
  2.8271001635E+006  1.2954899936E+044
  2.8288001234E+006  1.2942875657E+044
  2.8305001049E+006  1.2931492490E+044
  2.8322000921E+006  1.2920754257E+044
  2.8339000944E+006  1.2910467987E+044
  2.8356001236E+006  1.2900409240E+044
  2.8373001122E+006  1.2890460496E+044
  2.8390001147E+006  1.2880695755E+044
  2.8407000844E+006  1.2871294336E+044
  2.8424000730E+006  1.2862234275E+044
  2.8441000879E+006  1.2853280778E+044
  2.8458000719E+006  1.2844227104E+044
  2.8475001313E+006  1.2834709076E+044
  2.8492001411E+006  1.2824937933E+044
  2.8509001004E+006  1.2815292448E+044
  2.8526001100E+006  1.2806111677E+044
  2.8543001221E+006  1.2797412640E+044
  2.8560000685E+006  1.2788986915E+044
  2.8577001367E+006  1.2780639391E+044
  2.8594001367E+006  1.2772317908E+044
  2.8611000777E+006  1.2764158004E+044
  2.8628001251E+006  1.2756442658E+044
  2.8645001016E+006  1.2749289045E+044
  2.8662000781E+006  1.2742420866E+044
  2.8679000794E+006  1.2735429468E+044
  2.8696000820E+006  1.2728239928E+044
  2.8713001227E+006  1.2720610344E+044
  2.8730000976E+006  1.2713024621E+044
  2.8747000782E+006  1.2705910872E+044
  2.8764000894E+006  1.2699330888E+044
  2.8781000963E+006  1.2693078744E+044
  2.8798001308E+006  1.2686973394E+044
  2.8815000877E+006  1.2681025327E+044
  2.8832001200E+006  1.2675482728E+044
  2.8849000840E+006  1.2670693294E+044
  2.8866000630E+006  1.2666699481E+044
  2.8883000788E+006  1.2663139931E+044
  2.8900000797E+006  1.2659544392E+044
  2.8917001318E+006  1.2655656161E+044
  2.8934001002E+006  1.2651649398E+044
  2.8951000783E+006  1.2648122608E+044
  2.8968000726E+006  1.2644979219E+044
  2.8985000691E+006  1.2642084535E+044
  2.9002000915E+006  1.2639030842E+044
  2.9019001140E+006  1.2635646112E+044
  2.9036000950E+006  1.2632216928E+044
  2.9053001037E+006  1.2629377070E+044
  2.9070001254E+006  1.2627562838E+044
  2.9087001057E+006  1.2626564326E+044
  2.9104000750E+006  1.2625960255E+044
  2.9121001214E+006  1.2625485394E+044
  2.9138001044E+006  1.2625271112E+044
  2.9155000733E+006  1.2625769987E+044
  2.9172001143E+006  1.2627211880E+044
  2.9189000752E+006  1.2629268115E+044
  2.9206000870E+006  1.2631577649E+044
  2.9223000779E+006  1.2633809914E+044
  2.9240000985E+006  1.2636191191E+044
  2.9257000711E+006  1.2639509711E+044
  2.9274000923E+006  1.2644057396E+044
  2.9291000823E+006  1.2649531089E+044
  2.9308001002E+006  1.2655593537E+044
  2.9325000676E+006  1.2662311119E+044
  2.9342001127E+006  1.2670231524E+044
  2.9359000653E+006  1.2679832234E+044
  2.9376000532E+006  1.2690895385E+044
  2.9393001063E+006  1.2702849561E+044
  2.9410000680E+006  1.2715429578E+044
  2.9427000764E+006  1.2729009633E+044
  2.9444000820E+006  1.2744242405E+044
  2.9461000840E+006  1.2761289495E+044
  2.9478000633E+006  1.2779425793E+044
  2.9495000970E+006  1.2798206929E+044
  2.9512000673E+006  1.2818140488E+044
  2.9529000762E+006  1.2840053104E+044
  2.9546000656E+006  1.2864035092E+044
  2.9563000585E+006  1.2889488424E+044
  2.9580000748E+006  1.2916018942E+044
  2.9597000982E+006  1.2943954810E+044
  2.9614000718E+006  1.2973640120E+044
  2.9631000990E+006  1.3004472401E+044
  2.9648001092E+006  1.3035464106E+044
  2.9665001014E+006  1.3066378701E+044
  2.9682000680E+006  1.3097063012E+044
  2.9699000581E+006  1.3127027893E+044
  2.9716000755E+006  1.3155194279E+044
  2.9733000767E+006  1.3180708575E+044
  2.9750001171E+006  1.3203564456E+044
  2.9767000954E+006  1.3224013187E+044
  2.9784000801E+006  1.3241510709E+044
  2.9801000814E+006  1.3255109337E+044
  2.9818001221E+006  1.3264322262E+044
  2.9835001219E+006  1.3269490163E+044
  2.9852001059E+006  1.3271553386E+044
  2.9869000693E+006  1.3270202449E+044
  2.9886000734E+006  1.3265093413E+044
  2.9903000838E+006  1.3255913447E+044
  2.9920000730E+006  1.3242840642E+044
  2.9937001241E+006  1.3226629460E+044
  2.9954001202E+006  1.3208459116E+044
  2.9971000859E+006  1.3189105055E+044
  2.9988000913E+006  1.3168384674E+044
  3.0005000912E+006  1.3145811340E+044
  3.0022000997E+006  1.3121272672E+044
  3.0039000934E+006  1.3095256671E+044
  3.0056000862E+006  1.3068830803E+044
  3.0073001110E+006  1.3043165925E+044
  3.0090000715E+006  1.3018464237E+044
  3.0107000862E+006  1.2994065767E+044
  3.0124001045E+006  1.2969412044E+044
  3.0141000953E+006  1.2944621816E+044
  3.0158001028E+006  1.2920545746E+044
  3.0175000918E+006  1.2898008181E+044
  3.0192000808E+006  1.2876666546E+044
  3.0209000483E+006  1.2855517085E+044
  3.0226000689E+006  1.2833942831E+044
  3.0243001314E+006  1.2812191468E+044
  3.0260001283E+006  1.2791212277E+044
  3.0277000679E+006  1.2771479812E+044
  3.0294001051E+006  1.2752220702E+044
  3.0311000667E+006  1.2732415573E+044
  3.0328001062E+006  1.2711761619E+044
  3.0345000908E+006  1.2690949997E+044
  3.0362001174E+006  1.2671170544E+044
  3.0379000642E+006  1.2652374110E+044
  3.0396000866E+006  1.2634049757E+044
  3.0413001078E+006  1.2615389594E+044
  3.0430000982E+006  1.2596366218E+044
  3.0447000828E+006  1.2577819455E+044
  3.0464001209E+006  1.2560655962E+044
  3.0481001063E+006  1.2544408872E+044
  3.0498000693E+006  1.2527862897E+044
  3.0515000921E+006  1.2510373070E+044
  3.0532000839E+006  1.2492249443E+044
  3.0549000932E+006  1.2474592272E+044
  3.0566000865E+006  1.2458028101E+044
  3.0583000755E+006  1.2441676093E+044
  3.0600000633E+006  1.2424433159E+044
  3.0617000878E+006  1.2406110785E+044
  3.0634001221E+006  1.2387589333E+044
  3.0651000749E+006  1.2370228193E+044
  3.0668000932E+006  1.2354130042E+044
  3.0685000757E+006  1.2338171823E+044
  3.0702001081E+006  1.2321553355E+044
  3.0719000795E+006  1.2304484632E+044
  3.0736001149E+006  1.2288100363E+044
  3.0753001125E+006  1.2273187297E+044
  3.0770000751E+006  1.2258811229E+044
  3.0787000754E+006  1.2243614990E+044
  3.0804000865E+006  1.2227160843E+044
  3.0821000728E+006  1.2210281393E+044
  3.0838000960E+006  1.2194472888E+044
  3.0855000699E+006  1.2179694098E+044
  3.0872000667E+006  1.2164495813E+044
  3.0889000716E+006  1.2148087020E+044
  3.0906001009E+006  1.2131198946E+044
  3.0923000775E+006  1.2115642770E+044
  3.0940001030E+006  1.2102281207E+044
  3.0957000585E+006  1.2089818377E+044
  3.0974000572E+006  1.2076821959E+044
  3.0991001150E+006  1.2063082741E+044
  3.1008000599E+006  1.2049651512E+044
  3.1025000642E+006  1.2037650945E+044
  3.1042000751E+006  1.2026217753E+044
  3.1059000519E+006  1.2013747578E+044
  3.1076000890E+006  1.1999690099E+044
  3.1093000901E+006  1.1984917237E+044
  3.1110000788E+006  1.1971098301E+044
  3.1127000911E+006  1.1958172824E+044
  3.1144000752E+006  1.1944460289E+044
  3.1161001032E+006  1.1929121146E+044
  3.1178000695E+006  1.1912994931E+044
  3.1195000900E+006  1.1898162547E+044
  3.1212000594E+006  1.1885435237E+044
  3.1229000673E+006  1.1873204220E+044
  3.1246000419E+006  1.1860053107E+044
  3.1263001054E+006  1.1846117589E+044
  3.1280000791E+006  1.1832962985E+044
  3.1297000972E+006  1.1821571120E+044
  3.1314000554E+006  1.1810332966E+044
  3.1331000761E+006  1.1797502978E+044
  3.1348000809E+006  1.1782943938E+044
  3.1365000957E+006  1.1768254847E+044
  3.1382000672E+006  1.1755191853E+044
  3.1399000588E+006  1.1742770556E+044
  3.1416000508E+006  1.1729271389E+044
  3.1433001043E+006  1.1714646639E+044
  3.1450000935E+006  1.1700707263E+044
  3.1467000944E+006  1.1689467030E+044
  3.1484000956E+006  1.1679789074E+044
  3.1501000515E+006  1.1669159223E+044
  3.1518000743E+006  1.1657219927E+044
  3.1535000619E+006  1.1645515968E+044
  3.1552000870E+006  1.1636058639E+044
  3.1569000799E+006  1.1627678437E+044
  3.1586000648E+006  1.1617517365E+044
  3.1603000871E+006  1.1604956247E+044
  3.1620000948E+006  1.1591863974E+044
  3.1637000777E+006  1.1580674358E+044
  3.1654000673E+006  1.1570387291E+044
  3.1671000779E+006  1.1558049109E+044
  3.1688000718E+006  1.1543105028E+044
  3.1705000903E+006  1.1527974897E+044
  3.1722000858E+006  1.1515678730E+044
  3.1739000593E+006  1.1505254484E+044
  3.1756000742E+006  1.1493879502E+044
  3.1773000565E+006  1.1480831894E+044
  3.1790000682E+006  1.1468264847E+044
  3.1807000808E+006  1.1458742029E+044
  3.1824000787E+006  1.1450583539E+044
  3.1841000567E+006  1.1440534342E+044
  3.1858000520E+006  1.1428085129E+044
  3.1875000929E+006  1.1415667148E+044
  3.1892000510E+006  1.1405768931E+044
  3.1909000435E+006  1.1396272991E+044
  3.1926000389E+006  1.1384196691E+044
  3.1943000754E+006  1.1369952010E+044
  3.1960000761E+006  1.1357042141E+044
  3.1977000773E+006  1.1347886143E+044
  3.1994000425E+006  1.1339585312E+044
  3.2011000519E+006  1.1329526582E+044
  3.2028000523E+006  1.1318187704E+044
  3.2045000547E+006  1.1308842896E+044
  3.2062000869E+006  1.1302692693E+044
  3.2079000678E+006  1.1296068958E+044
  3.2096000380E+006  1.1286682929E+044
  3.2113000614E+006  1.1275988336E+044
  3.2130000591E+006  1.1267568829E+044
  3.2147000574E+006  1.1261206862E+044
  3.2164000400E+006  1.1252816727E+044
  3.2181000681E+006  1.1241074419E+044
  3.2198000502E+006  1.1228497929E+044
  3.2215000554E+006  1.1218778699E+044
  3.2232000713E+006  1.1209973778E+044
  3.2249000525E+006  1.1198568680E+044
  3.2266000580E+006  1.1185347296E+044
  3.2283000547E+006  1.1173914325E+044
  3.2300000534E+006  1.1166695362E+044
  3.2317000393E+006  1.1159611605E+044
  3.2334000402E+006  1.1149727930E+044
  3.2351000506E+006  1.1138837902E+044
  3.2368000507E+006  1.1131229925E+044
  3.2385000500E+006  1.1126329875E+044
  3.2402000506E+006  1.1118946270E+044
  3.2419000566E+006  1.1108024463E+044
  3.2436000874E+006  1.1097217010E+044
  3.2453000542E+006  1.1090198934E+044
  3.2470000482E+006  1.1083328328E+044
  3.2487000479E+006  1.1072851101E+044
  3.2504000522E+006  1.1060695956E+044
  3.2521000791E+006  1.1051926909E+044
  3.2538000631E+006  1.1047438275E+044
  3.2555000448E+006  1.1041536090E+044
  3.2572000607E+006  1.1032502412E+044
  3.2589000866E+006  1.1023712771E+044
  3.2606000452E+006  1.1019427346E+044
  3.2623000632E+006  1.1016020924E+044
  3.2640000373E+006  1.1009040534E+044
  3.2657000796E+006  1.0999816452E+044
  3.2674000714E+006  1.0993343989E+044
  3.2691000442E+006  1.0989911779E+044
  3.2708000680E+006  1.0983514602E+044
  3.2725000546E+006  1.0972997188E+044
  3.2742000800E+006  1.0962729341E+044
  3.2759000531E+006  1.0956797847E+044
  3.2776000619E+006  1.0950173761E+044
  3.2793000530E+006  1.0939086511E+044
  3.2810000652E+006  1.0926796546E+044
  3.2827000784E+006  1.0919373818E+044
  3.2844000448E+006  1.0915314513E+044
  3.2861000628E+006  1.0907880079E+044
  3.2878000596E+006  1.0897501271E+044
  3.2895000773E+006  1.0889957065E+044
  3.2912000694E+006  1.0887335162E+044
  3.2929000512E+006  1.0882426125E+044
  3.2946000698E+006  1.0872826538E+044
  3.2963000616E+006  1.0863494320E+044
  3.2980000687E+006  1.0859835848E+044
  3.2997000598E+006  1.0855898864E+044
  3.3014000515E+006  1.0846729199E+044
  3.3031000597E+006  1.0836113967E+044
  3.3048000586E+006  1.0831521770E+044
  3.3065000544E+006  1.0829628829E+044
  3.3082000387E+006  1.0823229104E+044
  3.3099000593E+006  1.0814064988E+044
  3.3116000706E+006  1.0809364959E+044
  3.3133000667E+006  1.0808287973E+044
  3.3150000374E+006  1.0802705173E+044
  3.3167000634E+006  1.0793319502E+044
  3.3184000722E+006  1.0787237997E+044
  3.3201000460E+006  1.0786331142E+044
  3.3218000344E+006  1.0781335543E+044
  3.3235000656E+006  1.0771488822E+044
  3.3252000526E+006  1.0763406223E+044
  3.3269000522E+006  1.0761383149E+044
  3.3286000575E+006  1.0756255389E+044
  3.3303000492E+006  1.0745255007E+044
  3.3320000705E+006  1.0735223111E+044
  3.3337000374E+006  1.0732208120E+044
  3.3354000558E+006  1.0727525315E+044
  3.3371000371E+006  1.0717030964E+044
  3.3388000556E+006  1.0707228574E+044
  3.3405000688E+006  1.0705097240E+044
  3.3422000439E+006  1.0701755026E+044
  3.3439000375E+006  1.0691716070E+044
  3.3456000621E+006  1.0681624053E+044
  3.3473000398E+006  1.0679476218E+044
  3.3490000607E+006  1.0676581208E+044
  3.3507000274E+006  1.0666766817E+044
  3.3524000486E+006  1.0656710776E+044
  3.3541000681E+006  1.0654965089E+044
  3.3558000354E+006  1.0652804189E+044
  3.3575000372E+006  1.0644146978E+044
  3.3592000358E+006  1.0636197155E+044
  3.3609000506E+006  1.0637297931E+044
  3.3626000540E+006  1.0637023942E+044
  3.3643000264E+006  1.0628862905E+044
  3.3660000688E+006  1.0620796610E+044
  3.3677000349E+006  1.0621822166E+044
  3.3694000334E+006  1.0620452637E+044
  3.3711000284E+006  1.0611102563E+044
  3.3728000472E+006  1.0602840739E+044
  3.3745000507E+006  1.0603319518E+044
  3.3762000496E+006  1.0599314073E+044
  3.3779000329E+006  1.0587203429E+044
  3.3796000606E+006  1.0577956291E+044
  3.3813000368E+006  1.0577422872E+044
  3.3830000498E+006  1.0570872962E+044
  3.3847000492E+006  1.0557280099E+044
  3.3864000591E+006  1.0549476757E+044
  3.3881000560E+006  1.0549760180E+044
  3.3898000291E+006  1.0542604476E+044
  3.3915000351E+006  1.0530733343E+044
  3.3932000365E+006  1.0528196724E+044
  3.3949000597E+006  1.0529881312E+044
  3.3966000337E+006  1.0521256312E+044
  3.3983000578E+006  1.0509663572E+044
  3.4000000530E+006  1.0509252630E+044
  3.4017000462E+006  1.0508029551E+044
  3.4034000282E+006  1.0495837686E+044
  3.4051000486E+006  1.0485232928E+044
  3.4068000504E+006  1.0486531568E+044
  3.4085000343E+006  1.0481372647E+044
  3.4102000346E+006  1.0468078265E+044
  3.4119000344E+006  1.0463073436E+044
  3.4136000567E+006  1.0467504848E+044
  3.4153000493E+006  1.0461743485E+044
  3.4170000483E+006  1.0450880982E+044
  3.4187000381E+006  1.0451678354E+044
  3.4204000498E+006  1.0453757706E+044
  3.4221000291E+006  1.0444168379E+044
  3.4238000450E+006  1.0436077876E+044
  3.4255000441E+006  1.0441103520E+044
  3.4272000330E+006  1.0437786970E+044
  3.4289000334E+006  1.0424678382E+044
  3.4306000366E+006  1.0420372401E+044
  3.4323000528E+006  1.0422708495E+044
  3.4340000450E+006  1.0411040331E+044
  3.4357000443E+006  1.0396529862E+044
  3.4374000552E+006  1.0397020953E+044
  3.4391000425E+006  1.0392373183E+044
  3.4408000317E+006  1.0375167352E+044
  3.4425000294E+006  1.0366239991E+044
  3.4442000462E+006  1.0369479611E+044
  3.4459000303E+006  1.0359150006E+044
  3.4476000363E+006  1.0344927750E+044
  3.4493000277E+006  1.0347253729E+044
  3.4510000441E+006  1.0345669136E+044
  3.4527000265E+006  1.0330761963E+044
  3.4544000367E+006  1.0324544775E+044
  3.4561000357E+006  1.0329851118E+044
  3.4578000400E+006  1.0319001720E+044
  3.4595000327E+006  1.0304429634E+044
  3.4612000426E+006  1.0308359466E+044
  3.4629000363E+006  1.0305045136E+044
  3.4646000189E+006  1.0287964455E+044
  3.4663000383E+006  1.0284498819E+044
  3.4680000414E+006  1.0290997718E+044
  3.4697000262E+006  1.0279610598E+044
  3.4714000475E+006  1.0270037245E+044
  3.4731000272E+006  1.0279731538E+044
  3.4748000255E+006  1.0273714486E+044
  3.4765000265E+006  1.0257343214E+044
  3.4782000379E+006  1.0261323903E+044
  3.4799000363E+006  1.0262993373E+044
  3.4816000193E+006  1.0245534366E+044
  3.4833000299E+006  1.0239101978E+044
  3.4850000328E+006  1.0245680938E+044
  3.4867000218E+006  1.0230317215E+044
  3.4884000442E+006  1.0215144589E+044
  3.4901000372E+006  1.0222301736E+044
  3.4918000393E+006  1.0211098749E+044
  3.4935000260E+006  1.0189797975E+044
  3.4952000262E+006  1.0192938781E+044
  3.4969000397E+006  1.0188596024E+044
  3.4986000308E+006  1.0166197384E+044
  3.5003000448E+006  1.0164546701E+044
  3.5020000399E+006  1.0169150506E+044
  3.5037000214E+006  1.0149782897E+044
  3.5054000252E+006  1.0142626304E+044
  3.5071000329E+006  1.0152405588E+044
  3.5088000297E+006  1.0134728795E+044
  3.5105000288E+006  1.0120649936E+044
  3.5122000287E+006  1.0131811195E+044
  3.5139000225E+006  1.0116502273E+044
  3.5156000363E+006  1.0097246508E+044
  3.5173000432E+006  1.0108509030E+044
  3.5190000238E+006  1.0098607292E+044
  3.5207000380E+006  1.0078138298E+044
  3.5224000265E+006  1.0089613968E+044
  3.5241000243E+006  1.0086307237E+044
  3.5258000159E+006  1.0065707658E+044
  3.5275000301E+006  1.0075740943E+044
  3.5292000363E+006  1.0076400220E+044
  3.5309000182E+006  1.0054075100E+044
  3.5326000403E+006  1.0059909542E+044
