  0.0000000000E+000  0.0000000000E+000
  1.7022903710E+003  1.7930535776E+034
  3.4042480008E+003  1.7936548249E+034
  5.1053681142E+003  1.7953589735E+034
  6.8065868297E+003  1.7963976832E+034
  8.5078937876E+003  1.7971724060E+034
  1.0216292220E+004  1.7983150743E+034
  1.1917914388E+004  1.7992496425E+034
  1.3633288307E+004  1.7999010961E+034
  1.5339280223E+004  1.8004946880E+034
  1.7044359634E+004  1.8013373208E+034
  1.8747144616E+004  1.8020258523E+034
  2.0440007546E+004  1.8025890898E+034
  2.2165935009E+004  1.8031021391E+034
  2.3888562425E+004  1.8035602848E+034
  2.5588118977E+004  1.8042499785E+034
  2.7272762668E+004  1.8050241411E+034
  2.9031875365E+004  1.8058223775E+034
  3.0758881251E+004  1.8065257444E+034
  3.2407095267E+004  1.8071267328E+034
  3.4117095267E+004  1.8080745313E+034
  3.5827095267E+004  1.8089879404E+034
  3.7537095267E+004  1.8097906991E+034
  3.9247095267E+004  1.8105022934E+034
  4.0957095267E+004  1.8114522954E+034
  4.2667095267E+004  1.8122963952E+034
  4.4377095267E+004  1.8130504191E+034
  4.6087095267E+004  1.8137132596E+034
  4.7702095267E+004  1.8145011043E+034
  4.9412095267E+004  1.8153005120E+034
  5.1122095267E+004  1.8160423322E+034
  5.2832095267E+004  1.8167461623E+034
  5.4542095267E+004  1.8175120931E+034
  5.6252095267E+004  1.8183513875E+034
  5.7962095267E+004  1.8191356982E+034
  5.9672095267E+004  1.8198891740E+034
  6.1310059917E+004  1.8206327942E+034
  6.3085269316E+004  1.8215870634E+034
  6.4700269316E+004  1.8223820352E+034
  6.6410269316E+004  1.8231875891E+034
  6.8120269316E+004  1.8240484876E+034
  6.9830269316E+004  1.8249897204E+034
  7.1540269316E+004  1.8258383026E+034
  7.3250269316E+004  1.8266362691E+034
  7.4960269316E+004  1.8275407910E+034
  7.6670269316E+004  1.8284556771E+034
  7.8380269316E+004  1.8292874464E+034
  7.9995269316E+004  1.8300370636E+034
  8.1705269316E+004  1.8309942500E+034
  8.3415269316E+004  1.8319019869E+034
  8.5125269316E+004  1.8327395201E+034
  8.6835269316E+004  1.8335753781E+034
  8.8545269316E+004  1.8345774980E+034
  9.0255269316E+004  1.8354703680E+034
  9.1965269316E+004  1.8363035845E+034
  9.3649537811E+004  1.8372459545E+034
  9.5295159747E+004  1.8381692262E+034
  9.6971021164E+004  1.8390240440E+034
  9.8680491880E+004  1.8398663805E+034
  1.0034966678E+005  1.8408649501E+034
  1.0202795370E+005  1.8417626260E+034
  1.0373318072E+005  1.8426017106E+034
  1.0542104686E+005  1.8435407582E+034
  1.0711365644E+005  1.8444855609E+034
  1.0880794608E+005  1.8453413756E+034
  1.1050316525E+005  1.8461734193E+034
  1.1220175102E+005  1.8471511458E+034
  1.1390231605E+005  1.8480326943E+034
  1.1560195742E+005  1.8488395326E+034
  1.1730173326E+005  1.8497423773E+034
  1.1900286812E+005  1.8506420944E+034
  1.2070218408E+005  1.8514589438E+034
  1.2240202780E+005  1.8522223457E+034
  1.2410181377E+005  1.8531338531E+034
  1.2580230214E+005  1.8539595627E+034
  1.2750240922E+005  1.8547153479E+034
  1.2920223943E+005  1.8554720534E+034
  1.3090194306E+005  1.8563055785E+034
  1.3260251840E+005  1.8570649855E+034
  1.3430162948E+005  1.8577622182E+034
  1.3600199424E+005  1.8584588427E+034
  1.3770176087E+005  1.8592253699E+034
  1.3940250097E+005  1.8599283738E+034
  1.4110149811E+005  1.8605754833E+034
  1.4280194734E+005  1.8611772374E+034
  1.4450233577E+005  1.8618801135E+034
  1.4620171155E+005  1.8625411593E+034
  1.4790256929E+005  1.8631550508E+034
  1.4960181909E+005  1.8637261483E+034
  1.5130152938E+005  1.8642771500E+034
  1.5300166218E+005  1.8649136791E+034
  1.5470184716E+005  1.8655071411E+034
  1.5640141301E+005  1.8660621796E+034
  1.5810142545E+005  1.8665845363E+034
  1.5980208085E+005  1.8670771191E+034
  1.6150172668E+005  1.8676431749E+034
  1.6320166664E+005  1.8681938544E+034
  1.6490191095E+005  1.8687132059E+034
  1.6660184183E+005  1.8692037026E+034
  1.6830211475E+005  1.8696693014E+034
  1.7000176572E+005  1.8701212848E+034
  1.7170169501E+005  1.8706455602E+034
  1.7340130673E+005  1.8711423333E+034
  1.7510190707E+005  1.8716150007E+034
  1.7680176438E+005  1.8720645658E+034
  1.7850168015E+005  1.8724929631E+034
  1.8020162032E+005  1.8729026394E+034
  1.8190120041E+005  1.8733697230E+034
  1.8360197825E+005  1.8738323485E+034
  1.8530162024E+005  1.8742733687E+034
  1.8700116270E+005  1.8746953556E+034
  1.8870108958E+005  1.8750997114E+034
  1.9040166973E+005  1.8754873421E+034
  1.9210176236E+005  1.8758592266E+034
  1.9380135410E+005  1.8762973401E+034
  1.9550129471E+005  1.8767179278E+034
  1.9720170747E+005  1.8771216436E+034
  1.9890104364E+005  1.8775089796E+034
  2.0060173005E+005  1.8778816431E+034
  2.0230189613E+005  1.8782407106E+034
  2.0400107752E+005  1.8785865518E+034
  2.0570131562E+005  1.8789640621E+034
  2.0740106828E+005  1.8793546041E+034
  2.0910144649E+005  1.8797311915E+034
  2.1080173522E+005  1.8800947224E+034
  2.1250119255E+005  1.8804454229E+034
  2.1420191546E+005  1.8807842764E+034
  2.1590126531E+005  1.8811113742E+034
  2.1760127986E+005  1.8814281442E+034
  2.1930126704E+005  1.8817728798E+034
  2.2100133197E+005  1.8821318629E+034
  2.2270169419E+005  1.8824790119E+034
  2.2440154914E+005  1.8828147894E+034
  2.2610105646E+005  1.8831400258E+034
  2.2780139543E+005  1.8834559959E+034
  2.2950173960E+005  1.8837627858E+034
  2.3120136116E+005  1.8840606061E+034
  2.3290136658E+005  1.8843500684E+034
  2.3460101961E+005  1.8846839397E+034
  2.3630145001E+005  1.8850125097E+034
  2.3800190644E+005  1.8853322424E+034
  2.3970163895E+005  1.8856431794E+034
  2.4140180341E+005  1.8859459151E+034
  2.4310169831E+005  1.8862407264E+034
  2.4480159169E+005  1.8865280626E+034
  2.4650177137E+005  1.8868086508E+034
  2.4820156870E+005  1.8870829825E+034
  2.4990129301E+005  1.8873876264E+034
  2.5160125223E+005  1.8877004926E+034
  2.5330177715E+005  1.8880061053E+034
  2.5500129883E+005  1.8883045012E+034
  2.5670112642E+005  1.8885964097E+034
  2.5840163540E+005  1.8888826622E+034
  2.6010130806E+005  1.8891631101E+034
  2.6180152477E+005  1.8894381480E+034
  2.6350180476E+005  1.8897079440E+034
  2.6520178474E+005  1.8899795597E+034
  2.6690124336E+005  1.8902882345E+034
  2.6860116523E+005  1.8905914738E+034
  2.7030194053E+005  1.8908895322E+034
  2.7200160236E+005  1.8911820915E+034
  2.7370161265E+005  1.8914695707E+034
  2.7540198911E+005  1.8917522253E+034
  2.7710114316E+005  1.8920300434E+034
  2.7880161007E+005  1.8923039079E+034
  2.8050168015E+005  1.8925740078E+034
  2.8220207272E+005  1.8928683366E+034
  2.8390161177E+005  1.8931784199E+034
  2.8560199040E+005  1.8934838186E+034
  2.8730174334E+005  1.8937844284E+034
  2.8900164927E+005  1.8940806735E+034
  2.9070122316E+005  1.8943730755E+034
  2.9240134887E+005  1.8946618414E+034
  2.9410234303E+005  1.8949471250E+034
  2.9580171730E+005  1.8952286383E+034
  2.9750221683E+005  1.8955228519E+034
  2.9920207953E+005  1.8958464507E+034
  3.0090127061E+005  1.8961661627E+034
  3.0260116364E+005  1.8964821318E+034
  3.0430219063E+005  1.8967943701E+034
  3.0600176709E+005  1.8971024539E+034
  3.0770134380E+005  1.8974068232E+034
  3.0940117108E+005  1.8977078994E+034
  3.1110219169E+005  1.8980062915E+034
  3.1280143308E+005  1.8983314767E+034
  3.1450150181E+005  1.8986735539E+034
  3.1620170019E+005  1.8990114055E+034
  3.1790198473E+005  1.8993450943E+034
  3.1960175172E+005  1.8996750292E+034
  3.2130151265E+005  1.9000013114E+034
  3.2300161902E+005  1.9003239424E+034
  3.2470224421E+005  1.9006430487E+034
  3.2640182262E+005  1.9009825064E+034
  3.2810130320E+005  1.9013468452E+034
  3.2980177517E+005  1.9017071847E+034
  3.3150192673E+005  1.9020630276E+034
  3.3320236316E+005  1.9024144693E+034
  3.3490224717E+005  1.9027613309E+034
  3.3660216277E+005  1.9031041520E+034
  3.3830125834E+005  1.9034428770E+034
  3.4000165057E+005  1.9038258500E+034
  3.4170183941E+005  1.9042096647E+034
  3.4340170147E+005  1.9045875074E+034
  3.4510127549E+005  1.9049597979E+034
  3.4680137656E+005  1.9053264701E+034
  3.4850213836E+005  1.9056872343E+034
  3.5020188097E+005  1.9060416383E+034
  3.5190237163E+005  1.9064315636E+034
  3.5360126762E+005  1.9068280163E+034
  3.5530124290E+005  1.9072169720E+034
  3.5700225946E+005  1.9075982756E+034
  3.5870198272E+005  1.9079713574E+034
  3.6040168840E+005  1.9083369508E+034
  3.6210156362E+005  1.9086951917E+034
  3.6380142637E+005  1.9090906814E+034
  3.6550224787E+005  1.9094868471E+034
  3.6720153424E+005  1.9098735773E+034
  3.6890222355E+005  1.9102521113E+034
  3.7060226486E+005  1.9106219277E+034
  3.7230204787E+005  1.9109831922E+034
  3.7400183054E+005  1.9113361632E+034
  3.7570234566E+005  1.9117294535E+034
  3.7740181559E+005  1.9121177290E+034
  3.7910120265E+005  1.9124968354E+034
  3.8080142852E+005  1.9128671656E+034
  3.8250191880E+005  1.9132289594E+034
  3.8420182353E+005  1.9135827506E+034
  3.8590160254E+005  1.9139287642E+034
  3.8760136477E+005  1.9143136183E+034
  3.8930201226E+005  1.9146931623E+034
  3.9100136883E+005  1.9150640020E+034
  3.9270157768E+005  1.9154271291E+034
  3.9440226889E+005  1.9157825334E+034
  3.9610121719E+005  1.9161299741E+034
  3.9780152194E+005  1.9164704117E+034
  3.9950144848E+005  1.9168450763E+034
  4.0120219608E+005  1.9172191520E+034
  4.0290115382E+005  1.9175850517E+034
  4.0460192250E+005  1.9179437762E+034
  4.0630216923E+005  1.9182951785E+034
  4.0800115163E+005  1.9186397421E+034
  4.0970184324E+005  1.9189781743E+034
  4.1140183327E+005  1.9193440996E+034
  4.1310200039E+005  1.9197149485E+034
  4.1480196615E+005  1.9200785173E+034
  4.1650183776E+005  1.9204352574E+034
  4.1820118367E+005  1.9207850606E+034
  4.1990209491E+005  1.9211284740E+034
  4.2160139855E+005  1.9214650546E+034
  4.2330153906E+005  1.9218231835E+034
  4.2500162349E+005  1.9221919197E+034
  4.2670198028E+005  1.9225533405E+034
  4.2840131769E+005  1.9229073080E+034
  4.3010200428E+005  1.9232546119E+034
  4.3180107375E+005  1.9235951870E+034
  4.3350177122E+005  1.9239296538E+034
  4.3520205262E+005  1.9242781071E+034
  4.3690171534E+005  1.9246421928E+034
  4.3860129599E+005  1.9249989604E+034
  4.4030110617E+005  1.9253487235E+034
  4.4200143368E+005  1.9256915667E+034
  4.4370193996E+005  1.9260275609E+034
  4.4540136281E+005  1.9263566954E+034
  4.4710131141E+005  1.9266909567E+034
  4.4880118526E+005  1.9270489032E+034
  4.5050132272E+005  1.9273993082E+034
  4.5220194976E+005  1.9277423806E+034
  4.5390120360E+005  1.9280782642E+034
  4.5560151961E+005  1.9284077531E+034
  4.5730113264E+005  1.9287304933E+034
  4.5900122504E+005  1.9290468115E+034
  4.6070147639E+005  1.9293939045E+034
  4.6240139243E+005  1.9297360448E+034
  4.6410143772E+005  1.9300710595E+034
  4.6580171634E+005  1.9303990905E+034
  4.6750114318E+005  1.9307201026E+034
  4.6920117823E+005  1.9310346887E+034
  4.7090182055E+005  1.9313432702E+034
  4.7260160320E+005  1.9316616480E+034
  4.7430115623E+005  1.9319944176E+034
  4.7600130735E+005  1.9323201280E+034
  4.7770150655E+005  1.9326391300E+034
  4.7940131466E+005  1.9329516961E+034
  4.8110194183E+005  1.9332581217E+034
  4.8280116446E+005  1.9335581655E+034
  4.8450134576E+005  1.9338524426E+034
  4.8620173464E+005  1.9341645420E+034
  4.8790138741E+005  1.9344820324E+034
  4.8960175460E+005  1.9347933866E+034
  4.9130109009E+005  1.9350984344E+034
  4.9300196825E+005  1.9353978211E+034
  4.9470135909E+005  1.9356914415E+034
  4.9640178795E+005  1.9359800314E+034
  4.9810161322E+005  1.9362633267E+034
  4.9980157305E+005  1.9365626309E+034
  5.0150161196E+005  1.9368679466E+034
  5.0320195859E+005  1.9371675096E+034
  5.0490194405E+005  1.9374615343E+034
  5.0660147197E+005  1.9377499753E+034
  5.0830236363E+005  1.9380332088E+034
  5.1000190487E+005  1.9383109090E+034
  5.1170226753E+005  1.9385835847E+034
  5.1340170609E+005  1.9388620321E+034
  5.1510239956E+005  1.9391557520E+034
  5.1680230649E+005  1.9394437468E+034
  5.1850183142E+005  1.9397261827E+034
  5.2020228744E+005  1.9400034022E+034
  5.2190235948E+005  1.9402754563E+034
  5.2360247554E+005  1.9405427953E+034
  5.2530240336E+005  1.9408054383E+034
  5.2700233075E+005  1.9410635491E+034
  5.2870163159E+005  1.9413376209E+034
  5.3040125140E+005  1.9416150791E+034
  5.3210234087E+005  1.9418880583E+034
  5.3380194163E+005  1.9421562915E+034
  5.3550180896E+005  1.9424201012E+034
  5.3720175218E+005  1.9426795712E+034
  5.3890148284E+005  1.9429348301E+034
  5.4060155192E+005  1.9431861824E+034
  5.4230235990E+005  1.9434340874E+034
  5.4400197353E+005  1.9436985819E+034
  5.4570160242E+005  1.9439659641E+034
  5.4740134597E+005  1.9442293873E+034
  5.4910246548E+005  1.9444891959E+034
  5.5080157647E+005  1.9447451001E+034
  5.5250188437E+005  1.9449979838E+034
  5.5420227159E+005  1.9452477912E+034
  5.5590194976E+005  1.9454945534E+034
  5.5760139642E+005  1.9457385137E+034
  5.5930194115E+005  1.9459955434E+034
  5.6100205986E+005  1.9462605097E+034
  5.6270143868E+005  1.9465228253E+034
  5.6440210493E+005  1.9467828296E+034
  5.6610174486E+005  1.9470402236E+034
  5.6780129411E+005  1.9472952205E+034
  5.6950204117E+005  1.9475480610E+034
  5.7120137106E+005  1.9477985705E+034
  5.7290132034E+005  1.9480470783E+034
  5.7460170440E+005  1.9483075352E+034
  5.7630153158E+005  1.9485772202E+034
  5.7800171331E+005  1.9488439426E+034
  5.7970168717E+005  1.9491076867E+034
  5.8140199047E+005  1.9493689933E+034
  5.8310161650E+005  1.9496280907E+034
  5.8480140031E+005  1.9498857418E+034
  5.8650138360E+005  1.9501429348E+034
  5.8820212516E+005  1.9504010258E+034
  5.8990170200E+005  1.9506817222E+034
  5.9160216383E+005  1.9509736705E+034
  5.9330176819E+005  1.9512712936E+034
  5.9500155823E+005  1.9515764633E+034
  5.9670203845E+005  1.9518908661E+034
  5.9840185864E+005  1.9522157486E+034
  6.0010168535E+005  1.9525527025E+034
  6.0180158093E+005  1.9529179309E+034
  6.0350170487E+005  1.9533185639E+034
  6.0520120547E+005  1.9537335781E+034
  6.0690141526E+005  1.9541635377E+034
  6.0860219759E+005  1.9546082261E+034
  6.1030117699E+005  1.9550706202E+034
  6.1200164006E+005  1.9555903288E+034
  6.1370174720E+005  1.9561226001E+034
  6.1540190612E+005  1.9566662371E+034
  6.1710221902E+005  1.9572199825E+034
  6.1880128078E+005  1.9578332010E+034
  6.2050195453E+005  1.9584595581E+034
  6.2220183862E+005  1.9590907311E+034
  6.2390156079E+005  1.9597471560E+034
  6.2560164775E+005  1.9604472048E+034
  6.2730162289E+005  1.9611468063E+034
  6.2900211323E+005  1.9618561976E+034
  6.3070204428E+005  1.9626187184E+034
  6.3240126203E+005  1.9633745958E+034
  6.3410203355E+005  1.9641426030E+034
  6.3580106065E+005  1.9649536572E+034
  6.3750126457E+005  1.9657538144E+034
  6.3920166314E+005  1.9665824099E+034
  6.4090124574E+005  1.9674299308E+034
  6.4260111675E+005  1.9682616575E+034
  6.4430199069E+005  1.9691512172E+034
  6.4600105275E+005  1.9700220244E+034
  6.4770137959E+005  1.9709141116E+034
  6.4940183223E+005  1.9718212882E+034
  6.5110124764E+005  1.9727172312E+034
  6.5280175165E+005  1.9736562052E+034
  6.5450134578E+005  1.9745688954E+034
  6.5620119383E+005  1.9755241667E+034
  6.5790177067E+005  1.9764619215E+034
  6.5960098704E+005  1.9774218407E+034
  6.6130155092E+005  1.9783802722E+034
  6.6300140625E+005  1.9793456185E+034
  6.6470146107E+005  1.9803211038E+034
  6.6640157179E+005  1.9812920221E+034
  6.6810138764E+005  1.9822814100E+034
  6.6980131654E+005  1.9832573901E+034
  6.7150113835E+005  1.9842574975E+034
  6.7320086273E+005  1.9852378839E+034
  6.7490087572E+005  1.9862455003E+034
  6.7660115638E+005  1.9872300804E+034
  6.7830151881E+005  1.9882427154E+034
  6.8000142776E+005  1.9892305670E+034
  6.8170096234E+005  1.9902452624E+034
  6.8340110560E+005  1.9912359405E+034
  6.8510124984E+005  1.9922511643E+034
  6.8680135613E+005  1.9932434121E+034
  6.8850112090E+005  1.9942562979E+034
  6.9020113129E+005  1.9952489427E+034
  6.9190104739E+005  1.9962580216E+034
  6.9360093401E+005  1.9972503438E+034
  6.9530088971E+005  1.9982544112E+034
  6.9700091071E+005  1.9992461113E+034
  6.9870122112E+005  2.0002443514E+034
  7.0040068275E+005  2.0012342101E+034
  7.0210076189E+005  2.0022251112E+034
  7.0380092063E+005  2.0032129132E+034
  7.0550105615E+005  2.0041958163E+034
  7.0720066845E+005  2.0051803826E+034
  7.0890095091E+005  2.0061551333E+034
  7.1060080507E+005  2.0071370046E+034
  7.1230086292E+005  2.0081035413E+034
  7.1400124307E+005  2.0090830334E+034
  7.1570086461E+005  2.0100413316E+034
  7.1740080198E+005  2.0110178178E+034
  7.1910082551E+005  2.0119683203E+034
  7.2080121434E+005  2.0129422453E+034
  7.2250078006E+005  2.0138885145E+034
  7.2420107736E+005  2.0148556293E+034
  7.2590121084E+005  2.0158005201E+034
  7.2760099654E+005  2.0167586387E+034
  7.2930117371E+005  2.0177018915E+034
  7.3100083924E+005  2.0186511085E+034
  7.3270105011E+005  2.0195923037E+034
  7.3440089638E+005  2.0205323392E+034
  7.3610086175E+005  2.0214706070E+034
  7.3780110612E+005  2.0224011371E+034
  7.3950082884E+005  2.0233358517E+034
  7.4120113849E+005  2.0242564556E+034
  7.4290110103E+005  2.0251875180E+034
  7.4460068966E+005  2.0260977506E+034
  7.4630062066E+005  2.0270247511E+034
  7.4800090789E+005  2.0279287802E+034
  7.4970093686E+005  2.0288478963E+034
  7.5140073687E+005  2.0297475488E+034
  7.5310081918E+005  2.0306553041E+034
  7.5480072117E+005  2.0315500388E+034
  7.5650126860E+005  2.0324463303E+034
  7.5820109382E+005  2.0333353369E+034
  7.5990111400E+005  2.0342195049E+034
  7.6160126925E+005  2.0351024989E+034
  7.6330117779E+005  2.0359748122E+034
  7.6500119007E+005  2.0368511952E+034
  7.6670117339E+005  2.0377120083E+034
  7.6840094502E+005  2.0385814395E+034
  7.7010097277E+005  2.0394308725E+034
  7.7180067416E+005  2.0402930583E+034
  7.7350082320E+005  2.0411340689E+034
  7.7520076732E+005  2.0419856248E+034
  7.7690065630E+005  2.0428189230E+034
  7.7860083469E+005  2.0436583204E+034
  7.8030108598E+005  2.0444838097E+034
  7.8200121711E+005  2.0453111621E+034
  7.8370068357E+005  2.0461281876E+034
  7.8540081412E+005  2.0469443128E+034
  7.8710092824E+005  2.0477538792E+034
  7.8880066411E+005  2.0485589561E+034
  7.9050111170E+005  2.0493608829E+034
  7.9220097278E+005  2.0501556347E+034
  7.9390078636E+005  2.0509497399E+034
  7.9560101128E+005  2.0517350138E+034
  7.9730080262E+005  2.0525217341E+034
  7.9900055293E+005  2.0532974072E+034
  8.0070082499E+005  2.0540768752E+034
  8.0240093477E+005  2.0548434622E+034
  8.0410084793E+005  2.0556151647E+034
  8.0580062587E+005  2.0563724705E+034
  8.0750058284E+005  2.0571363882E+034
  8.0920069852E+005  2.0578847702E+034
  8.1090061740E+005  2.0586406158E+034
  8.1260080076E+005  2.0593799207E+034
  8.1430085912E+005  2.0601274730E+034
  8.1600098364E+005  2.0608574878E+034
  8.1770086285E+005  2.0615960462E+034
  8.1940104474E+005  2.0623166480E+034
  8.2110111782E+005  2.0630455439E+034
  8.2280095276E+005  2.0637562941E+034
  8.2450079300E+005  2.0644745280E+034
  8.2620060720E+005  2.0651749280E+034
  8.2790078794E+005  2.0658826418E+034
  8.2960105165E+005  2.0665726370E+034
  8.3130082277E+005  2.0672696410E+034
  8.3300072008E+005  2.0679496030E+034
  8.3470066419E+005  2.0686359329E+034
  8.3640088402E+005  2.0693067261E+034
  8.3810089487E+005  2.0699827331E+034
  8.3980085796E+005  2.0706448500E+034
  8.4150075477E+005  2.0713109999E+034
  8.4320089676E+005  2.0719653548E+034
  8.4490085043E+005  2.0726222131E+034
  8.4660098266E+005  2.0732693153E+034
  8.4830098307E+005  2.0739171870E+034
  8.5000106603E+005  2.0745574014E+034
  8.5170079384E+005  2.0751963666E+034
  8.5340062834E+005  2.0758299534E+034
  8.5510063850E+005  2.0764605134E+034
  8.5680092651E+005  2.0770882219E+034
  8.5850062070E+005  2.0777106886E+034
  8.6020101574E+005  2.0783331013E+034
  8.6190057205E+005  2.0789482869E+034
  8.6360085305E+005  2.0795661557E+034
  8.6530075699E+005  2.0801750531E+034
  8.6700070957E+005  2.0807890242E+034
  8.6870052336E+005  2.0813920990E+034
  8.7040075202E+005  2.0820027569E+034
  8.7210049375E+005  2.0826024762E+034
  8.7380050387E+005  2.0832073760E+034
  8.7550065135E+005  2.0838037472E+034
  8.7720059784E+005  2.0844025655E+034
  8.7890072745E+005  2.0849949158E+034
  8.8060087378E+005  2.0855871580E+034
  8.8230072707E+005  2.0861747968E+034
  8.8400096058E+005  2.0867596534E+034
  8.8570077697E+005  2.0873417033E+034
  8.8740089426E+005  2.0879182029E+034
  8.8910093814E+005  2.0884941731E+034
  8.9080051741E+005  2.0890616719E+034
  8.9250083324E+005  2.0896309753E+034
  8.9420097093E+005  2.0901890786E+034
  8.9590065163E+005  2.0907510280E+034
  8.9760060792E+005  2.0913019212E+034
  8.9930083174E+005  2.0918541065E+034
  9.0100100223E+005  2.0923981899E+034
  9.0270059794E+005  2.0929404354E+034
  9.0440081105E+005  2.0934782686E+034
  9.0610083448E+005  2.0940115975E+034
  9.0780099564E+005  2.0945440962E+034
  9.0950067320E+005  2.0950692573E+034
  9.1120083593E+005  2.0955975664E+034
  9.1290096423E+005  2.0961176453E+034
  9.1460085034E+005  2.0966410556E+034
  9.1630078601E+005  2.0971584845E+034
  9.1800099581E+005  2.0976765569E+034
  9.1970095511E+005  2.0981922584E+034
  9.2140086561E+005  2.0987056985E+034
  9.2310057438E+005  2.0992203380E+034
  9.2480085350E+005  2.0997301900E+034
  9.2650056062E+005  2.1002444976E+034
  9.2820077951E+005  2.1007530209E+034
  9.2990073522E+005  2.1012659807E+034
  9.3160049392E+005  2.1017747240E+034
  9.3330058596E+005  2.1022855526E+034
  9.3500076418E+005  2.1027949065E+034
  9.3670075713E+005  2.1033036634E+034
  9.3840064082E+005  2.1038131195E+034
  9.4010073583E+005  2.1043195452E+034
  9.4180064885E+005  2.1048284932E+034
  9.4350066426E+005  2.1053318062E+034
  9.4520068887E+005  2.1058392505E+034
  9.4690047282E+005  2.1063401018E+034
  9.4860071488E+005  2.1068431721E+034
  9.5030053234E+005  2.1073408154E+034
  9.5200057104E+005  2.1078379204E+034
  9.5370077074E+005  2.1083310998E+034
  9.5540071488E+005  2.1088212115E+034
  9.5710088368E+005  2.1093090309E+034
  9.5880062300E+005  2.1097914198E+034
  9.6050061601E+005  2.1102734493E+034
  9.6220055219E+005  2.1107480873E+034
  9.6390088460E+005  2.1112247015E+034
  9.6560059903E+005  2.1116941109E+034
  9.6730056918E+005  2.1121637014E+034
  9.6900089670E+005  2.1126290627E+034
  9.7070078164E+005  2.1130927555E+034
  9.7240084275E+005  2.1135549857E+034
  9.7410061579E+005  2.1140140368E+034
  9.7580061333E+005  2.1144744848E+034
  9.7750075284E+005  2.1149306701E+034
  9.7920065275E+005  2.1153904946E+034
  9.8090057600E+005  2.1158469278E+034
  9.8260060718E+005  2.1163058646E+034
  9.8430065168E+005  2.1167639686E+034
  9.8600052058E+005  2.1172233458E+034
  9.8770052682E+005  2.1176841104E+034
  9.8940051862E+005  2.1181450544E+034
  9.9110083417E+005  2.1186091632E+034
  9.9280052883E+005  2.1190721540E+034
  9.9450043559E+005  2.1195395285E+034
  9.9620059206E+005  2.1200049699E+034
  9.9790046522E+005  2.1204752773E+034
  9.9960074532E+005  2.1209434152E+034
  1.0013007350E+006  2.1214151141E+034
  1.0030004899E+006  2.1218846557E+034
  1.0047007233E+006  2.1223566055E+034
  1.0064004068E+006  2.1228261240E+034
  1.0081004444E+006  2.1232966290E+034
  1.0098006665E+006  2.1237645447E+034
  1.0115004113E+006  2.1242319502E+034
  1.0132005469E+006  2.1246965034E+034
  1.0149007743E+006  2.1251596624E+034
  1.0166005877E+006  2.1256195830E+034
  1.0183003936E+006  2.1260771830E+034
  1.0200007632E+006  2.1265320544E+034
  1.0217005706E+006  2.1269838643E+034
  1.0234005499E+006  2.1274334049E+034
  1.0251006401E+006  2.1278797657E+034
  1.0268005242E+006  2.1283246682E+034
  1.0285006164E+006  2.1287663861E+034
  1.0302006002E+006  2.1292077701E+034
  1.0319003985E+006  2.1296460122E+034
  1.0336005058E+006  2.1300852013E+034
  1.0353006940E+006  2.1305216020E+034
  1.0370006174E+006  2.1309599853E+034
  1.0387006119E+006  2.1313960813E+034
  1.0404006414E+006  2.1318348178E+034
  1.0421005857E+006  2.1322724586E+034
  1.0438005787E+006  2.1327134688E+034
  1.0455005263E+006  2.1331538814E+034
  1.0472006648E+006  2.1335979689E+034
  1.0489004771E+006  2.1340418787E+034
  1.0506004536E+006  2.1344895981E+034
  1.0523006098E+006  2.1349374003E+034
  1.0540004759E+006  2.1353889159E+034
  1.0557003678E+006  2.1358401819E+034
  1.0574005573E+006  2.1362951729E+034
  1.0591004531E+006  2.1367493512E+034
  1.0608002897E+006  2.1372062076E+034
  1.0625005564E+006  2.1376620466E+034
  1.0642003878E+006  2.1381189905E+034
  1.0659004214E+006  2.1385745010E+034
  1.0676004569E+006  2.1390296821E+034
  1.0693003695E+006  2.1394830440E+034
  1.0710003999E+006  2.1399347006E+034
  1.0727003777E+006  2.1403843568E+034
  1.0744005971E+006  2.1408312090E+034
  1.0761004179E+006  2.1412760408E+034
  1.0778003052E+006  2.1417172586E+034
  1.0795005463E+006  2.1421570185E+034
  1.0812004437E+006  2.1425927423E+034
  1.0829004497E+006  2.1430275210E+034
  1.0846003270E+006  2.1434585250E+034
  1.0863004387E+006  2.1438889930E+034
  1.0880004704E+006  2.1443164595E+034
  1.0897003557E+006  2.1447434816E+034
  1.0914003373E+006  2.1451686676E+034
  1.0931003050E+006  2.1455937502E+034
  1.0948001450E+006  2.1460181157E+034
  1.0965002237E+006  2.1464427773E+034
  1.0982004094E+006  2.1468678365E+034
  1.0999004738E+006  2.1472932573E+034
  1.1016002299E+006  2.1477199292E+034
  1.1033003440E+006  2.1481470213E+034
  1.1050003039E+006  2.1485761527E+034
  1.1067003054E+006  2.1490054913E+034
  1.1084001764E+006  2.1494371015E+034
  1.1101004531E+006  2.1498691237E+034
  1.1118002595E+006  2.1503023789E+034
  1.1135003470E+006  2.1507362429E+034
  1.1152003475E+006  2.1511701558E+034
  1.1169003138E+006  2.1516045677E+034
  1.1186002364E+006  2.1520377317E+034
  1.1203004589E+006  2.1524711096E+034
  1.1220004150E+006  2.1529024921E+034
  1.1237004191E+006  2.1533324383E+034
  1.1254005312E+006  2.1537604148E+034
  1.1271003622E+006  2.1541854969E+034
  1.1288003777E+006  2.1546086847E+034
  1.1305004860E+006  2.1550283810E+034
  1.1322003816E+006  2.1554457273E+034
  1.1339004635E+006  2.1558598426E+034
  1.1356003732E+006  2.1562710226E+034
  1.1373005229E+006  2.1566796601E+034
  1.1390003959E+006  2.1570850778E+034
  1.1407002994E+006  2.1574887486E+034
  1.1424002807E+006  2.1578896215E+034
  1.1441004783E+006  2.1582891476E+034
  1.1458003673E+006  2.1586867334E+034
  1.1475004640E+006  2.1590831298E+034
  1.1492003010E+006  2.1594786475E+034
  1.1509003154E+006  2.1598730769E+034
  1.1526002611E+006  2.1602675624E+034
  1.1543003498E+006  2.1606612444E+034
  1.1560002839E+006  2.1610551446E+034
  1.1577004152E+006  2.1614488332E+034
  1.1594002848E+006  2.1618424186E+034
  1.1611002578E+006  2.1622362772E+034
  1.1628002658E+006  2.1626296534E+034
  1.1645003796E+006  2.1630234698E+034
  1.1662004018E+006  2.1634165780E+034
  1.1679004121E+006  2.1638092296E+034
  1.1696003419E+006  2.1642011714E+034
  1.1713004986E+006  2.1645916833E+034
  1.1730003110E+006  2.1649812093E+034
  1.1747004846E+006  2.1653686475E+034
  1.1764004788E+006  2.1657539911E+034
  1.1781003026E+006  2.1661369232E+034
  1.1798003441E+006  2.1665168958E+034
  1.1815003863E+006  2.1668944643E+034
  1.1832003892E+006  2.1672686898E+034
  1.1849003693E+006  2.1676399719E+034
  1.1866004123E+006  2.1680081866E+034
  1.1883005369E+006  2.1683731496E+034
  1.1900004149E+006  2.1687354215E+034
  1.1917004305E+006  2.1690945762E+034
  1.1934004709E+006  2.1694513610E+034
  1.1951002753E+006  2.1698055635E+034
  1.1968004218E+006  2.1701563833E+034
  1.1985003235E+006  2.1705062595E+034
  1.2002004522E+006  2.1708543768E+034
  1.2019003049E+006  2.1712013565E+034
  1.2036003887E+006  2.1715468003E+034
  1.2053003628E+006  2.1718912429E+034
  1.2070002994E+006  2.1722346171E+034
  1.2087003979E+006  2.1725770514E+034
  1.2104002152E+006  2.1729187481E+034
  1.2121003600E+006  2.1732593864E+034
  1.2138003262E+006  2.1735993313E+034
  1.2155003745E+006  2.1739380154E+034
  1.2172004901E+006  2.1742755150E+034
  1.2189003831E+006  2.1746115423E+034
  1.2206005399E+006  2.1749457548E+034
  1.2223003011E+006  2.1752781615E+034
  1.2240003336E+006  2.1756081415E+034
  1.2257003511E+006  2.1759357449E+034
  1.2274005079E+006  2.1762605182E+034
  1.2291004728E+006  2.1765822541E+034
  1.2308004827E+006  2.1769010031E+034
  1.2325004219E+006  2.1772163810E+034
  1.2342004145E+006  2.1775288518E+034
  1.2359004515E+006  2.1778379681E+034
  1.2376004446E+006  2.1781441333E+034
  1.2393005030E+006  2.1784471940E+034
  1.2410002931E+006  2.1787473198E+034
  1.2427003901E+006  2.1790447449E+034
  1.2444003688E+006  2.1793394732E+034
  1.2461003705E+006  2.1796319395E+034
  1.2478003553E+006  2.1799220744E+034
  1.2495004245E+006  2.1802104831E+034
  1.2512002187E+006  2.1804968932E+034
  1.2529003226E+006  2.1807819880E+034
  1.2546002074E+006  2.1810654422E+034
  1.2563002771E+006  2.1813477205E+034
  1.2580002802E+006  2.1816286302E+034
  1.2597004781E+006  2.1819083673E+034
  1.2614002954E+006  2.1821867198E+034
  1.2631002932E+006  2.1824636688E+034
  1.2648003848E+006  2.1827391188E+034
  1.2665002847E+006  2.1830127113E+034
  1.2682002921E+006  2.1832845176E+034
  1.2699003092E+006  2.1835540847E+034
  1.2716004696E+006  2.1838215065E+034
  1.2733003362E+006  2.1840861699E+034
  1.2750002928E+006  2.1843484102E+034
  1.2767003815E+006  2.1846077345E+034
  1.2784003923E+006  2.1848644018E+034
  1.2801004060E+006  2.1851180593E+034
  1.2818004530E+006  2.1853690188E+034
  1.2835002797E+006  2.1856170186E+034
  1.2852003997E+006  2.1858625103E+034
  1.2869004197E+006  2.1861053261E+034
  1.2886002500E+006  2.1863458835E+034
  1.2903002185E+006  2.1865841431E+034
  1.2920002639E+006  2.1868205405E+034
  1.2937002794E+006  2.1870549487E+034
  1.2954002908E+006  2.1872878287E+034
  1.2971003046E+006  2.1875190107E+034
  1.2988004303E+006  2.1877489640E+034
  1.3005003948E+006  2.1879773670E+034
  1.3022004956E+006  2.1882046641E+034
  1.3039004284E+006  2.1884304105E+034
  1.3056005054E+006  2.1886549530E+034
  1.3073003082E+006  2.1888778451E+034
  1.3090003307E+006  2.1890993835E+034
  1.3107003757E+006  2.1893192328E+034
  1.3124004655E+006  2.1895375746E+034
  1.3141004022E+006  2.1897541638E+034
  1.3158003713E+006  2.1899691126E+034
  1.3175004936E+006  2.1901822911E+034
  1.3192004679E+006  2.1903936538E+034
  1.3209003116E+006  2.1906031858E+034
  1.3226002854E+006  2.1908108566E+034
  1.3243003021E+006  2.1910168364E+034
  1.3260004169E+006  2.1912210350E+034
  1.3277003241E+006  2.1914237970E+034
  1.3294002343E+006  2.1916249660E+034
  1.3311003470E+006  2.1918250320E+034
  1.3328003368E+006  2.1920237573E+034
  1.3345003543E+006  2.1922215151E+034
  1.3362003389E+006  2.1924182498E+034
  1.3379004376E+006  2.1926141592E+034
  1.3396004194E+006  2.1928093013E+034
  1.3413004746E+006  2.1930036476E+034
  1.3430003700E+006  2.1931973473E+034
  1.3447003301E+006  2.1933901437E+034
  1.3464003161E+006  2.1935823431E+034
  1.3481004516E+006  2.1937735826E+034
  1.3498005142E+006  2.1939641187E+034
  1.3515004290E+006  2.1941537366E+034
  1.3532004884E+006  2.1943426153E+034
  1.3549004771E+006  2.1945307015E+034
  1.3566004171E+006  2.1947179317E+034
  1.3583003783E+006  2.1949044159E+034
  1.3600004300E+006  2.1950898775E+034
  1.3617003706E+006  2.1952745789E+034
  1.3634002379E+006  2.1954581753E+034
  1.3651004127E+006  2.1956410286E+034
  1.3668002695E+006  2.1958207635E+034
  1.3685002178E+006  2.1960013137E+034
  1.3702002793E+006  2.1961812804E+034
  1.3719002795E+006  2.1963604613E+034
  1.3736003451E+006  2.1965389880E+034
  1.3753002508E+006  2.1967165520E+034
  1.3770003817E+006  2.1968935010E+034
  1.3787004071E+006  2.1970694743E+034
  1.3804003158E+006  2.1972446641E+034
  1.3821002610E+006  2.1974189155E+034
  1.3838003746E+006  2.1975922027E+034
  1.3855003296E+006  2.1977644802E+034
  1.3872004019E+006  2.1979355506E+034
  1.3889003116E+006  2.1981055885E+034
  1.3906002660E+006  2.1982743194E+034
  1.3923003372E+006  2.1984419747E+034
  1.3940003233E+006  2.1986083937E+034
  1.3957003978E+006  2.1987736613E+034
  1.3974004213E+006  2.1989378123E+034
  1.3991002299E+006  2.1991006667E+034
  1.4008003847E+006  2.1992625068E+034
  1.4025002305E+006  2.1994230066E+034
  1.4042002727E+006  2.1995824001E+034
  1.4059002091E+006  2.1997406002E+034
  1.4076003171E+006  2.1998976257E+034
  1.4093003148E+006  2.2000535716E+034
  1.4110003837E+006  2.2002082245E+034
  1.4127004577E+006  2.2003617199E+034
  1.4144002440E+006  2.2005138312E+034
  1.4161003616E+006  2.2006646011E+034
  1.4178003555E+006  2.2008117740E+034
  1.4195004191E+006  2.2009590342E+034
  1.4212002808E+006  2.2011052643E+034
  1.4229004893E+006  2.2012501694E+034
  1.4246004002E+006  2.2013936094E+034
  1.4263004418E+006  2.2015356487E+034
  1.4280003688E+006  2.2016760447E+034
  1.4297002845E+006  2.2018148966E+034
  1.4314004226E+006  2.2019521464E+034
  1.4331002326E+006  2.2020876873E+034
  1.4348002568E+006  2.2022217835E+034
  1.4365003111E+006  2.2023542783E+034
  1.4382002888E+006  2.2024852491E+034
  1.4399002996E+006  2.2026148275E+034
  1.4416002643E+006  2.2027429061E+034
  1.4433003110E+006  2.2028696153E+034
  1.4450003447E+006  2.2029950020E+034
  1.4467002953E+006  2.2031190096E+034
  1.4484003838E+006  2.2032417800E+034
  1.4501003276E+006  2.2033632477E+034
  1.4518002433E+006  2.2034833147E+034
  1.4535002782E+006  2.2036020411E+034
  1.4552004388E+006  2.2037193145E+034
  1.4569004198E+006  2.2038350277E+034
  1.4586003729E+006  2.2039492778E+034
  1.4603002790E+006  2.2040620191E+034
  1.4620002833E+006  2.2041732377E+034
  1.4637004012E+006  2.2042830356E+034
  1.4654002542E+006  2.2043913660E+034
  1.4671003188E+006  2.2044981720E+034
  1.4688002544E+006  2.2046034440E+034
  1.4705003853E+006  2.2047043704E+034
  1.4722002321E+006  2.2048061689E+034
  1.4739003906E+006  2.2049066359E+034
  1.4756003465E+006  2.2050058708E+034
  1.4773001994E+006  2.2051038016E+034
  1.4790002422E+006  2.2052004634E+034
  1.4807003274E+006  2.2052959043E+034
  1.4824004200E+006  2.2053901137E+034
  1.4841004318E+006  2.2054830271E+034
  1.4858002878E+006  2.2055746487E+034
  1.4875002532E+006  2.2056650986E+034
  1.4892004634E+006  2.2057543250E+034
  1.4909004178E+006  2.2058422935E+034
  1.4926003810E+006  2.2059290026E+034
  1.4943002593E+006  2.2060144800E+034
  1.4960002987E+006  2.2060985996E+034
  1.4977002537E+006  2.2061813106E+034
  1.4994003050E+006  2.2062626122E+034
  1.5011003411E+006  2.2063425749E+034
  1.5028002251E+006  2.2064211472E+034
  1.5045004004E+006  2.2064984061E+034
  1.5062002936E+006  2.2065743861E+034
  1.5079002197E+006  2.2066492208E+034
  1.5096002141E+006  2.2067228975E+034
  1.5113002581E+006  2.2067954502E+034
  1.5130002800E+006  2.2068669255E+034
  1.5147002177E+006  2.2069374021E+034
  1.5164003655E+006  2.2070069606E+034
  1.5181004209E+006  2.2070755750E+034
  1.5198003712E+006  2.2071432433E+034
  1.5215002898E+006  2.2072099349E+034
  1.5232004745E+006  2.2072756552E+034
  1.5249004290E+006  2.2073375235E+034
  1.5266003011E+006  2.2074007817E+034
  1.5283002884E+006  2.2074630869E+034
  1.5300004407E+006  2.2075243654E+034
  1.5317004220E+006  2.2075846392E+034
  1.5334003255E+006  2.2076439359E+034
  1.5351003101E+006  2.2077022379E+034
  1.5368002945E+006  2.2077595460E+034
  1.5385003405E+006  2.2078158686E+034
  1.5402003809E+006  2.2078712260E+034
  1.5419002923E+006  2.2079256995E+034
  1.5436002432E+006  2.2079793153E+034
  1.5453002499E+006  2.2080321260E+034
  1.5470002090E+006  2.2080841686E+034
  1.5487003366E+006  2.2081354569E+034
  1.5504004049E+006  2.2081859644E+034
  1.5521004001E+006  2.2082357015E+034
  1.5538003680E+006  2.2082846232E+034
  1.5555003109E+006  2.2083327149E+034
  1.5572003826E+006  2.2083799890E+034
  1.5589003390E+006  2.2084264587E+034
  1.5606002870E+006  2.2084721503E+034
  1.5623002617E+006  2.2085170829E+034
  1.5640004469E+006  2.2085612777E+034
  1.5657003471E+006  2.2086046472E+034
  1.5674002773E+006  2.2086471621E+034
  1.5691002141E+006  2.2086888123E+034
  1.5708002577E+006  2.2087296306E+034
  1.5725003872E+006  2.2087696784E+034
  1.5742002562E+006  2.2088090249E+034
  1.5759002397E+006  2.2088477605E+034
  1.5776002974E+006  2.2088859083E+034
  1.5793002482E+006  2.2089234551E+034
  1.5810002322E+006  2.2089603998E+034
  1.5827002322E+006  2.2089967400E+034
  1.5844003438E+006  2.2090324863E+034
  1.5861003204E+006  2.2090676490E+034
  1.5878004173E+006  2.2091022562E+034
  1.5895002501E+006  2.2091339236E+034
  1.5912002517E+006  2.2091667839E+034
  1.5929003082E+006  2.2091996722E+034
  1.5946003592E+006  2.2092319883E+034
  1.5963002990E+006  2.2092636516E+034
  1.5980003793E+006  2.2092946275E+034
  1.5997004103E+006  2.2093249131E+034
  1.6014003637E+006  2.2093545501E+034
  1.6031002268E+006  2.2093836086E+034
  1.6048002862E+006  2.2094121647E+034
  1.6065002823E+006  2.2094402604E+034
  1.6082001836E+006  2.2094679326E+034
  1.6099002616E+006  2.2094951715E+034
  1.6116003034E+006  2.2095219746E+034
  1.6133004192E+006  2.2095483547E+034
  1.6150002470E+006  2.2095743243E+034
  1.6167004381E+006  2.2095999165E+034
  1.6184002310E+006  2.2096251439E+034
  1.6201002708E+006  2.2096500300E+034
  1.6218002762E+006  2.2096745575E+034
  1.6235002971E+006  2.2096986823E+034
  1.6252002296E+006  2.2097223454E+034
  1.6269003444E+006  2.2097454998E+034
  1.6286002801E+006  2.2097681314E+034
  1.6303002562E+006  2.2097902452E+034
  1.6320004117E+006  2.2098118915E+034
  1.6337002115E+006  2.2098331354E+034
  1.6354002710E+006  2.2098540470E+034
  1.6371003222E+006  2.2098746553E+034
  1.6388001994E+006  2.2098949638E+034
  1.6405001957E+006  2.2099149729E+034
  1.6422003494E+006  2.2099346852E+034
  1.6439003339E+006  2.2099541078E+034
  1.6456003295E+006  2.2099732622E+034
  1.6473002339E+006  2.2099921704E+034
  1.6490002546E+006  2.2100108577E+034
  1.6507004052E+006  2.2100293398E+034
  1.6524003853E+006  2.2100476024E+034
  1.6541003643E+006  2.2100656127E+034
  1.6558002965E+006  2.2100833016E+034
  1.6575002532E+006  2.2101006157E+034
  1.6592003379E+006  2.2101175408E+034
  1.6609002013E+006  2.2101341005E+034
  1.6626003370E+006  2.2101503588E+034
  1.6643002305E+006  2.2101663853E+034
  1.6660003009E+006  2.2101822473E+034
  1.6677001844E+006  2.2101979691E+034
  1.6694001949E+006  2.2102135483E+034
  1.6711001674E+006  2.2102289655E+034
  1.6728003441E+006  2.2102442117E+034
  1.6745002957E+006  2.2102592855E+034
  1.6762003942E+006  2.2102742037E+034
  1.6779002839E+006  2.2102889834E+034
  1.6796004122E+006  2.2103036513E+034
  1.6813002994E+006  2.2103182236E+034
  1.6830002674E+006  2.2103327171E+034
  1.6847002953E+006  2.2103471235E+034
  1.6864003114E+006  2.2103584825E+034
  1.6881002926E+006  2.2103724092E+034
  1.6898003899E+006  2.2103862506E+034
  1.6915003447E+006  2.2103999440E+034
  1.6932003438E+006  2.2104135217E+034
  1.6949002256E+006  2.2104270392E+034
  1.6966002240E+006  2.2104396647E+034
  1.6983003103E+006  2.2104531364E+034
  1.7000002644E+006  2.2104666660E+034
  1.7017003496E+006  2.2104802306E+034
  1.7034003757E+006  2.2104937930E+034
  1.7051002477E+006  2.2105073287E+034
  1.7068002968E+006  2.2105208353E+034
  1.7085003738E+006  2.2105343226E+034
  1.7102004068E+006  2.2105478100E+034
  1.7119003670E+006  2.2105613195E+034
  1.7136002232E+006  2.2105748725E+034
  1.7153003051E+006  2.2105884909E+034
  1.7170002891E+006  2.2106021855E+034
  1.7187002285E+006  2.2106159575E+034
  1.7204001989E+006  2.2106298062E+034
  1.7221002652E+006  2.2106437447E+034
  1.7238002234E+006  2.2106578075E+034
  1.7255002137E+006  2.2106720420E+034
  1.7272002138E+006  2.2106864932E+034
  1.7289002718E+006  2.2107012116E+034
  1.7306003665E+006  2.2107162387E+034
  1.7323002070E+006  2.2107315945E+034
  1.7340003440E+006  2.2107472634E+034
  1.7357002544E+006  2.2107631827E+034
  1.7374002918E+006  2.2107792925E+034
  1.7391002326E+006  2.2107955477E+034
  1.7408002525E+006  2.2108119307E+034
  1.7425002874E+006  2.2108284443E+034
  1.7442002165E+006  2.2108451169E+034
  1.7459002143E+006  2.2108620087E+034
  1.7476003605E+006  2.2108792004E+034
  1.7493002424E+006  2.2108967572E+034
  1.7510001839E+006  2.2109147040E+034
  1.7527002722E+006  2.2109314789E+034
  1.7544002612E+006  2.2109452935E+034
  1.7561002573E+006  2.2109641981E+034
  1.7578002179E+006  2.2109833822E+034
  1.7595003753E+006  2.2110004427E+034
  1.7612002563E+006  2.2110197645E+034
  1.7629004073E+006  2.2110395671E+034
  1.7646003343E+006  2.2110596687E+034
  1.7663002991E+006  2.2110800294E+034
  1.7680002196E+006  2.2111006176E+034
  1.7697003928E+006  2.2111213999E+034
  1.7714003286E+006  2.2111423143E+034
  1.7731002768E+006  2.2111632915E+034
  1.7748001940E+006  2.2111842786E+034
  1.7765002761E+006  2.2112052578E+034
  1.7782002635E+006  2.2112262351E+034
  1.7799002948E+006  2.2112472417E+034
  1.7816003018E+006  2.2112675526E+034
  1.7833002159E+006  2.2112878993E+034
  1.7850002744E+006  2.2113091687E+034
  1.7867002813E+006  2.2113305257E+034
  1.7884002716E+006  2.2113519054E+034
  1.7901003722E+006  2.2113708550E+034
  1.7918002393E+006  2.2113916329E+034
  1.7935002653E+006  2.2114124065E+034
  1.7952004118E+006  2.2114329866E+034
  1.7969003699E+006  2.2114533313E+034
  1.7986003033E+006  2.2114734536E+034
  1.8003002921E+006  2.2114934027E+034
  1.8020002086E+006  2.2115132452E+034
  1.8037002199E+006  2.2115330520E+034
  1.8054002310E+006  2.2115528688E+034
  1.8071002656E+006  2.2115726639E+034
  1.8088002572E+006  2.2115915146E+034
  1.8105002320E+006  2.2116077845E+034
  1.8122002974E+006  2.2116272015E+034
  1.8139003004E+006  2.2116464978E+034
  1.8156003455E+006  2.2116656125E+034
  1.8173002846E+006  2.2116845364E+034
  1.8190004058E+006  2.2117012339E+034
  1.8207002300E+006  2.2117194276E+034
  1.8224002861E+006  2.2117376673E+034
  1.8241002572E+006  2.2117557777E+034
  1.8258003272E+006  2.2117737285E+034
  1.8275001628E+006  2.2117914911E+034
  1.8292002428E+006  2.2118090348E+034
  1.8309002313E+006  2.2118263329E+034
  1.8326001845E+006  2.2118433868E+034
  1.8343002105E+006  2.2118602031E+034
  1.8360002329E+006  2.2118768037E+034
  1.8377002408E+006  2.2118919968E+034
  1.8394002265E+006  2.2119081484E+034
  1.8411003211E+006  2.2119242299E+034
  1.8428002537E+006  2.2119401821E+034
  1.8445002218E+006  2.2119559902E+034
  1.8462002666E+006  2.2119716394E+034
  1.8479002667E+006  2.2119870929E+034
  1.8496003132E+006  2.2120002407E+034
  1.8513003707E+006  2.2120149901E+034
  1.8530002928E+006  2.2120294345E+034
  1.8547002438E+006  2.2120435620E+034
  1.8564001956E+006  2.2120574024E+034
  1.8581002117E+006  2.2120710017E+034
  1.8598002109E+006  2.2120844025E+034
  1.8615001615E+006  2.2120976388E+034
  1.8632001830E+006  2.2121107343E+034
  1.8649002460E+006  2.2121237062E+034
  1.8666003211E+006  2.2121365377E+034
  1.8683001909E+006  2.2121491805E+034
  1.8700002494E+006  2.2121615656E+034
  1.8717002075E+006  2.2121736250E+034
  1.8734002684E+006  2.2121853210E+034
  1.8751002488E+006  2.2121966448E+034
  1.8768003942E+006  2.2122076250E+034
  1.8785003651E+006  2.2122183148E+034
  1.8802001955E+006  2.2122271285E+034
  1.8819002229E+006  2.2122372419E+034
  1.8836002885E+006  2.2122473815E+034
  1.8853001766E+006  2.2122574547E+034
  1.8870001565E+006  2.2122674676E+034
  1.8887002067E+006  2.2122773961E+034
  1.8904002278E+006  2.2122871805E+034
  1.8921003178E+006  2.2122967525E+034
  1.8938002473E+006  2.2123060597E+034
  1.8955002608E+006  2.2123150776E+034
  1.8972002355E+006  2.2123237999E+034
  1.8989003414E+006  2.2123322348E+034
  1.9006003168E+006  2.2123403998E+034
  1.9023002627E+006  2.2123483311E+034
  1.9040002161E+006  2.2123560783E+034
  1.9057002770E+006  2.2123636923E+034
  1.9074002244E+006  2.2123712140E+034
  1.9091002820E+006  2.2123786725E+034
  1.9108002713E+006  2.2123860701E+034
  1.9125002644E+006  2.2123930628E+034
  1.9142002242E+006  2.2123998182E+034
  1.9159002045E+006  2.2124051354E+034
  1.9176003370E+006  2.2124115909E+034
  1.9193002889E+006  2.2124180075E+034
  1.9210003082E+006  2.2124242069E+034
  1.9227002320E+006  2.2124301852E+034
  1.9244003353E+006  2.2124359501E+034
  1.9261003026E+006  2.2124415201E+034
  1.9278003752E+006  2.2124469307E+034
  1.9295003388E+006  2.2124522223E+034
  1.9312001870E+006  2.2124574324E+034
  1.9329002442E+006  2.2124625891E+034
  1.9346002073E+006  2.2124677031E+034
  1.9363002380E+006  2.2124727566E+034
  1.9380001865E+006  2.2124777002E+034
  1.9397001903E+006  2.2124822802E+034
  1.9414002184E+006  2.2124868043E+034
  1.9431002156E+006  2.2124911273E+034
  1.9448002340E+006  2.2124952426E+034
  1.9465003088E+006  2.2124991507E+034
  1.9482003028E+006  2.2125028585E+034
  1.9499003180E+006  2.2125063845E+034
  1.9516003320E+006  2.2125097615E+034
  1.9533003546E+006  2.2125130295E+034
  1.9550002596E+006  2.2125162247E+034
  1.9567003061E+006  2.2125193753E+034
  1.9584002114E+006  2.2125224976E+034
  1.9601001676E+006  2.2125240414E+034
  1.9618001561E+006  2.2125270662E+034
  1.9635002046E+006  2.2125299702E+034
  1.9652001868E+006  2.2125327521E+034
  1.9669002057E+006  2.2125353974E+034
  1.9686003486E+006  2.2125378501E+034
  1.9703002053E+006  2.2125400944E+034
  1.9720003558E+006  2.2125421311E+034
  1.9737002815E+006  2.2125439778E+034
  1.9754002645E+006  2.2125456706E+034
  1.9771002396E+006  2.2125472520E+034
  1.9788003142E+006  2.2125487609E+034
  1.9805001686E+006  2.2125502264E+034
  1.9822003078E+006  2.2125516677E+034
  1.9839001941E+006  2.2125530940E+034
  1.9856001784E+006  2.2125545077E+034
  1.9873002477E+006  2.2125559053E+034
  1.9890001999E+006  2.2125572789E+034
  1.9907002339E+006  2.2125586187E+034
  1.9924002960E+006  2.2125599119E+034
  1.9941001900E+006  2.2125611393E+034
  1.9958002946E+006  2.2125622662E+034
  1.9975002440E+006  2.2125632521E+034
  1.9992003512E+006  2.2125640756E+034
  2.0009001969E+006  2.2125647402E+034
  2.0026001946E+006  2.2125652666E+034
  2.0043002760E+006  2.2125656811E+034
  2.0060001995E+006  2.2125660088E+034
  2.0077002895E+006  2.2125662703E+034
  2.0094001366E+006  2.2125664805E+034
  2.0111001937E+006  2.2125666488E+034
  2.0128002726E+006  2.2125667800E+034
  2.0145002530E+006  2.2125668747E+034
  2.0162002229E+006  2.2125669307E+034
  2.0179003651E+006  2.2125669444E+034
  2.0196003216E+006  2.2125669191E+034
  2.0213002486E+006  2.2125652005E+034
  2.0230002790E+006  2.2125650850E+034
  2.0247002897E+006  2.2125649832E+034
  2.0264003105E+006  2.2125648384E+034
  2.0281001640E+006  2.2125646239E+034
  2.0298002344E+006  2.2125643330E+034
  2.0315001498E+006  2.2125639734E+034
  2.0332002463E+006  2.2125635584E+034
  2.0349002813E+006  2.2125631024E+034
  2.0366002453E+006  2.2125626175E+034
  2.0383003430E+006  2.2125621127E+034
  2.0400002858E+006  2.2125615944E+034
  2.0417002572E+006  2.2125610732E+034
  2.0434001937E+006  2.2125605737E+034
  2.0451002820E+006  2.2125601304E+034
  2.0468002672E+006  2.2125597764E+034
  2.0485002656E+006  2.2125595362E+034
  2.0502001687E+006  2.2125594240E+034
  2.0519002597E+006  2.2125594450E+034
  2.0536002784E+006  2.2125595981E+034
  2.0553002192E+006  2.2125598775E+034
  2.0570001310E+006  2.2125602746E+034
  2.0587001780E+006  2.2125607789E+034
  2.0604002780E+006  2.2125613800E+034
  2.0621003464E+006  2.2125620671E+034
  2.0638002204E+006  2.2125628273E+034
  2.0655002526E+006  2.2125636351E+034
  2.0672002411E+006  2.2125644621E+034
  2.0689003346E+006  2.2125652998E+034
  2.0706002689E+006  2.2125661617E+034
  2.0723002547E+006  2.2125670745E+034
  2.0740001497E+006  2.2125680672E+034
  2.0757001768E+006  2.2125691658E+034
  2.0774001444E+006  2.2125703901E+034
  2.0791002459E+006  2.2125717541E+034
  2.0808001979E+006  2.2125732650E+034
  2.0825002212E+006  2.2125749266E+034
  2.0842002259E+006  2.2125751326E+034
  2.0859002560E+006  2.2125769108E+034
  2.0876002175E+006  2.2125790124E+034
  2.0893001991E+006  2.2125813475E+034
  2.0910001807E+006  2.2125839288E+034
  2.0927002822E+006  2.2125867670E+034
  2.0944002101E+006  2.2125898618E+034
  2.0961002224E+006  2.2125932041E+034
  2.0978002282E+006  2.2125967762E+034
  2.0995002339E+006  2.2126005564E+034
  2.1012001837E+006  2.2126045199E+034
  2.1029002806E+006  2.2126086404E+034
  2.1046002337E+006  2.2126128918E+034
  2.1063002654E+006  2.2126172518E+034
  2.1080002021E+006  2.2126217105E+034
  2.1097002127E+006  2.2126262633E+034
  2.1114002963E+006  2.2126308813E+034
  2.1131002282E+006  2.2126339073E+034
  2.1148001813E+006  2.2126384260E+034
  2.1165002030E+006  2.2126429831E+034
  2.1182001934E+006  2.2126475404E+034
  2.1199002479E+006  2.2126521010E+034
  2.1216001320E+006  2.2126566718E+034
  2.1233002428E+006  2.2126612591E+034
  2.1250002203E+006  2.2126658624E+034
  2.1267003021E+006  2.2126704805E+034
  2.1284002348E+006  2.2126751159E+034
  2.1301001771E+006  2.2126797861E+034
  2.1318003312E+006  2.2126845155E+034
  2.1335002652E+006  2.2126893209E+034
  2.1352002828E+006  2.2126928283E+034
  2.1369002296E+006  2.2126976697E+034
  2.1386002489E+006  2.2127026669E+034
  2.1403002326E+006  2.2127077393E+034
  2.1420001861E+006  2.2127128533E+034
  2.1437002291E+006  2.2127179828E+034
  2.1454003020E+006  2.2127231036E+034
  2.1471003273E+006  2.2127281941E+034
  2.1488001905E+006  2.2127332414E+034
  2.1505003129E+006  2.2127382490E+034
  2.1522002908E+006  2.2127432292E+034
  2.1539001789E+006  2.2127481959E+034
  2.1556002477E+006  2.2127531572E+034
  2.1573002921E+006  2.2127568223E+034
  2.1590001767E+006  2.2127617059E+034
  2.1607001451E+006  2.2127665922E+034
  2.1624001917E+006  2.2127714477E+034
  2.1641002025E+006  2.2127762499E+034
  2.1658002789E+006  2.2127809803E+034
  2.1675001807E+006  2.2127856223E+034
  2.1692001743E+006  2.2127901679E+034
  2.1709003039E+006  2.2127946215E+034
  2.1726002537E+006  2.2127989961E+034
  2.1743002848E+006  2.2128033075E+034
  2.1760003148E+006  2.2128075649E+034
  2.1777001596E+006  2.2128117709E+034
  2.1794002349E+006  2.2128147738E+034
  2.1811002429E+006  2.2128188335E+034
  2.1828001964E+006  2.2128228340E+034
  2.1845001264E+006  2.2128267569E+034
  2.1862001591E+006  2.2128305877E+034
  2.1879002988E+006  2.2128343152E+034
  2.1896002258E+006  2.2128379349E+034
  2.1913001906E+006  2.2128414528E+034
  2.1930001793E+006  2.2128448805E+034
  2.1947002348E+006  2.2128482320E+034
  2.1964001685E+006  2.2128515224E+034
  2.1981001727E+006  2.2128547672E+034
  2.1998002685E+006  2.2128579899E+034
  2.2015001371E+006  2.2128602115E+034
  2.2032002336E+006  2.2128634262E+034
  2.2049001780E+006  2.2128666555E+034
  2.2066002204E+006  2.2128698717E+034
  2.2083002447E+006  2.2128730448E+034
  2.2100002798E+006  2.2128761512E+034
  2.2117002434E+006  2.2128791762E+034
  2.2134002863E+006  2.2128821116E+034
  2.2151002184E+006  2.2128849504E+034
  2.2168002457E+006  2.2128876866E+034
  2.2185002756E+006  2.2128903131E+034
  2.2202002623E+006  2.2128928230E+034
  2.2219002048E+006  2.2128952100E+034
  2.2236001808E+006  2.2128974682E+034
  2.2253001439E+006  2.2128986976E+034
  2.2270002940E+006  2.2129006625E+034
  2.2287001849E+006  2.2129024990E+034
  2.2304003174E+006  2.2129042066E+034
  2.2321003170E+006  2.2129057923E+034
  2.2338003067E+006  2.2129072646E+034
  2.2355002609E+006  2.2129086303E+034
  2.2372002217E+006  2.2129098936E+034
  2.2389002528E+006  2.2129110573E+034
  2.2406002239E+006  2.2129121311E+034
  2.2423002436E+006  2.2129131389E+034
  2.2440001660E+006  2.2129141078E+034
  2.2457002291E+006  2.2129150531E+034
  2.2474002418E+006  2.2129159759E+034
  2.2491001922E+006  2.2129168681E+034
  2.2508002166E+006  2.2129177184E+034
  2.2525002331E+006  2.2129185138E+034
  2.2542002233E+006  2.2129183858E+034
  2.2559002222E+006  2.2129190197E+034
  2.2576002551E+006  2.2129195672E+034
  2.2593002555E+006  2.2129200177E+034
  2.2610001518E+006  2.2129203642E+034
  2.2627001773E+006  2.2129206011E+034
  2.2644001860E+006  2.2129207244E+034
  2.2661001898E+006  2.2129207316E+034
  2.2678002575E+006  2.2129206217E+034
  2.2695003041E+006  2.2129203950E+034
  2.2712003047E+006  2.2129200526E+034
  2.2729001796E+006  2.2129195956E+034
  2.2746001959E+006  2.2129190257E+034
  2.2763002045E+006  2.2129183445E+034
  2.2780001438E+006  2.2129175538E+034
  2.2797001390E+006  2.2129166557E+034
  2.2814001223E+006  2.2129156528E+034
  2.2831001549E+006  2.2129145476E+034
  2.2848001247E+006  2.2129133429E+034
  2.2865002385E+006  2.2129120395E+034
  2.2882001934E+006  2.2129106382E+034
  2.2899001592E+006  2.2129082514E+034
  2.2916001708E+006  2.2129066380E+034
  2.2933002591E+006  2.2129049318E+034
  2.2950002234E+006  2.2129031338E+034
  2.2967001656E+006  2.2129012563E+034
  2.2984001957E+006  2.2128993254E+034
  2.3001001906E+006  2.2128973685E+034
  2.3018000720E+006  2.2128954027E+034
  2.3035001433E+006  2.2128934308E+034
  2.3052001950E+006  2.2128914445E+034
  2.3069002197E+006  2.2128894297E+034
  2.3086002125E+006  2.2128873708E+034
  2.3103002377E+006  2.2128852543E+034
  2.3120002346E+006  2.2128830699E+034
  2.3137001758E+006  2.2128808110E+034
  2.3154001490E+006  2.2128784739E+034
  2.3171001751E+006  2.2128760580E+034
  2.3188001470E+006  2.2128735651E+034
  2.3205001419E+006  2.2128709971E+034
  2.3222001094E+006  2.2128683529E+034
  2.3239001116E+006  2.2128656271E+034
  2.3256001834E+006  2.2128628132E+034
  2.3273002383E+006  2.2128599072E+034
  2.3290002480E+006  2.2128569084E+034
  2.3307002139E+006  2.2128538195E+034
  2.3324001729E+006  2.2128506464E+034
  2.3341002022E+006  2.2128473974E+034
  2.3358002021E+006  2.2128440829E+034
  2.3375001499E+006  2.2128407134E+034
  2.3392001574E+006  2.2128372944E+034
  2.3409001920E+006  2.2128338237E+034
  2.3426001234E+006  2.2128302942E+034
  2.3443000978E+006  2.2128266991E+034
  2.3460002265E+006  2.2128219360E+034
  2.3477002221E+006  2.2128181642E+034
  2.3494001509E+006  2.2128143908E+034
  2.3511002388E+006  2.2128106259E+034
  2.3528001844E+006  2.2128068932E+034
  2.3545001234E+006  2.2128032074E+034
  2.3562001734E+006  2.2127995723E+034
  2.3579001902E+006  2.2127959776E+034
  2.3596001685E+006  2.2127924030E+034
  2.3613001623E+006  2.2127888266E+034
  2.3630002711E+006  2.2127852309E+034
  2.3647002304E+006  2.2127816068E+034
  2.3664001517E+006  2.2127779513E+034
  2.3681001353E+006  2.2127742690E+034
  2.3698001722E+006  2.2127705704E+034
  2.3715002196E+006  2.2127668708E+034
  2.3732001994E+006  2.2127631834E+034
  2.3749001230E+006  2.2127595102E+034
  2.3766001906E+006  2.2127558485E+034
  2.3783002710E+006  2.2127522088E+034
  2.3800001608E+006  2.2127486097E+034
  2.3817001946E+006  2.2127450650E+034
  2.3834001589E+006  2.2127415834E+034
  2.3851001880E+006  2.2127381701E+034
  2.3868002124E+006  2.2127348320E+034
  2.3885001331E+006  2.2127315789E+034
  2.3902001576E+006  2.2127284181E+034
  2.3919001154E+006  2.2127253444E+034
  2.3936001749E+006  2.2127223396E+034
  2.3953001864E+006  2.2127193843E+034
  2.3970002199E+006  2.2127164636E+034
  2.3987002313E+006  2.2127135717E+034
  2.4004002168E+006  2.2127107112E+034
  2.4021001875E+006  2.2127078932E+034
  2.4038001715E+006  2.2127051358E+034
  2.4055001532E+006  2.2127024625E+034
  2.4072001435E+006  2.2126985930E+034
  2.4089001787E+006  2.2126960095E+034
  2.4106001516E+006  2.2126935953E+034
  2.4123001532E+006  2.2126912921E+034
  2.4140001454E+006  2.2126891059E+034
  2.4157001668E+006  2.2126870466E+034
  2.4174001600E+006  2.2126851204E+034
  2.4191001329E+006  2.2126833304E+034
  2.4208001843E+006  2.2126816807E+034
  2.4225001209E+006  2.2126801762E+034
  2.4242001902E+006  2.2126788106E+034
  2.4259001660E+006  2.2126775607E+034
  2.4276002303E+006  2.2126763929E+034
  2.4293002239E+006  2.2126752773E+034
  2.4310002590E+006  2.2126741939E+034
  2.4327002200E+006  2.2126731337E+034
  2.4344001871E+006  2.2126707963E+034
  2.4361001719E+006  2.2126696852E+034
  2.4378002140E+006  2.2126686942E+034
  2.4395001204E+006  2.2126677966E+034
  2.4412001383E+006  2.2126669988E+034
  2.4429001338E+006  2.2126663039E+034
  2.4446001716E+006  2.2126656929E+034
  2.4463001525E+006  2.2126651530E+034
  2.4480001884E+006  2.2126646631E+034
  2.4497002568E+006  2.2126642085E+034
  2.4514001567E+006  2.2126637832E+034
  2.4531001466E+006  2.2126633891E+034
  2.4548001974E+006  2.2126630327E+034
  2.4565001848E+006  2.2126614059E+034
  2.4582001353E+006  2.2126610262E+034
  2.4599001927E+006  2.2126606669E+034
  2.4616001799E+006  2.2126602896E+034
  2.4633001495E+006  2.2126598914E+034
  2.4650001948E+006  2.2126594844E+034
  2.4667001580E+006  2.2126590824E+034
  2.4684001307E+006  2.2126586970E+034
  2.4701001319E+006  2.2126583366E+034
  2.4718001598E+006  2.2126579979E+034
  2.4735001081E+006  2.2126576603E+034
  2.4752001639E+006  2.2126572927E+034
  2.4769002031E+006  2.2126556334E+034
  2.4786001339E+006  2.2126550558E+034
  2.4803001530E+006  2.2126544249E+034
  2.4820001352E+006  2.2126537215E+034
  2.4837001883E+006  2.2126529499E+034
  2.4854001311E+006  2.2126521257E+034
  2.4871001983E+006  2.2126512690E+034
  2.4888001384E+006  2.2126503931E+034
  2.4905001172E+006  2.2126494976E+034
  2.4922001403E+006  2.2126485717E+034
  2.4939001916E+006  2.2126476014E+034
  2.4956002433E+006  2.2126465756E+034
  2.4973001934E+006  2.2126454888E+034
  2.4990001466E+006  2.2126431283E+034
  2.5007001582E+006  2.2126418741E+034
  2.5024001835E+006  2.2126405917E+034
  2.5041002023E+006  2.2126392742E+034
  2.5058001111E+006  2.2126379139E+034
  2.5075001426E+006  2.2126364989E+034
  2.5092001411E+006  2.2126350180E+034
  2.5109001735E+006  2.2126334635E+034
  2.5126002376E+006  2.2126318368E+034
  2.5143001486E+006  2.2126301500E+034
  2.5160002042E+006  2.2126284174E+034
  2.5177002112E+006  2.2126266426E+034
  2.5194001663E+006  2.2126248131E+034
  2.5211001158E+006  2.2126229069E+034
  2.5228001800E+006  2.2126197120E+034
  2.5245001841E+006  2.2126175409E+034
  2.5262001670E+006  2.2126152667E+034
  2.5279001666E+006  2.2126128735E+034
  2.5296001874E+006  2.2126103635E+034
  2.5313002115E+006  2.2126077449E+034
  2.5330001656E+006  2.2126050231E+034
  2.5347001561E+006  2.2126021959E+034
  2.5364001235E+006  2.2125992558E+034
  2.5381001361E+006  2.2125961954E+034
  2.5398001489E+006  2.2125930099E+034
  2.5415001707E+006  2.2125896977E+034
  2.5432001412E+006  2.2125862597E+034
  2.5449001518E+006  2.2125826954E+034
  2.5466002052E+006  2.2125790002E+034
  2.5483001958E+006  2.2125751674E+034
  2.5500002092E+006  2.2125711915E+034
  2.5517001844E+006  2.2125658903E+034
  2.5534001692E+006  2.2125615242E+034
  2.5551001209E+006  2.2125570941E+034
  2.5568002247E+006  2.2125525364E+034
  2.5585001399E+006  2.2125478531E+034
  2.5602001491E+006  2.2125430422E+034
  2.5619001193E+006  2.2125380981E+034
  2.5636001536E+006  2.2125330106E+034
  2.5653001551E+006  2.2125277702E+034
  2.5670000978E+006  2.2125223737E+034
  2.5687000987E+006  2.2125168249E+034
  2.5704001201E+006  2.2125111309E+034
  2.5721002047E+006  2.2125052969E+034
  2.5738002055E+006  2.2124993221E+034
  2.5755002280E+006  2.2124931964E+034
  2.5772001112E+006  2.2124869047E+034
  2.5789001839E+006  2.2124804318E+034
  2.5806001771E+006  2.2124737705E+034
  2.5823001405E+006  2.2124669204E+034
  2.5840001253E+006  2.2124598879E+034
  2.5857001819E+006  2.2124526818E+034
  2.5874001495E+006  2.2124453086E+034
  2.5891001921E+006  2.2124377647E+034
  2.5908002166E+006  2.2124300406E+034
  2.5925001093E+006  2.2124221259E+034
  2.5942001936E+006  2.2124140130E+034
  2.5959001345E+006  2.2124057060E+034
  2.5976001148E+006  2.2123958595E+034
  2.5993001229E+006  2.2123869872E+034
  2.6010001496E+006  2.2123781026E+034
  2.6027001343E+006  2.2123690442E+034
  2.6044001804E+006  2.2123597972E+034
  2.6061001028E+006  2.2123503528E+034
  2.6078001570E+006  2.2123407045E+034
  2.6095001356E+006  2.2123308533E+034
  2.6112001038E+006  2.2123208034E+034
  2.6129001251E+006  2.2123105584E+034
  2.6146001634E+006  2.2123001178E+034
  2.6163002023E+006  2.2122894754E+034
  2.6180002024E+006  2.2122786216E+034
  2.6197002035E+006  2.2122675467E+034
  2.6214001686E+006  2.2122562455E+034
  2.6231001387E+006  2.2122447203E+034
  2.6248000997E+006  2.2122329820E+034
  2.6265000864E+006  2.2122210439E+034
  2.6282001401E+006  2.2122089148E+034
  2.6299001281E+006  2.2121965964E+034
  2.6316001184E+006  2.2121840828E+034
  2.6333001438E+006  2.2121713650E+034
  2.6350001930E+006  2.2121584367E+034
  2.6367001516E+006  2.2121452993E+034
  2.6384001681E+006  2.2121319604E+034
  2.6401001634E+006  2.2121184328E+034
  2.6418000884E+006  2.2121047294E+034
  2.6435001387E+006  2.2120908516E+034
  2.6452001548E+006  2.2120767907E+034
  2.6469001168E+006  2.2120625364E+034
  2.6486001326E+006  2.2120480780E+034
  2.6503001189E+006  2.2120334122E+034
  2.6520001183E+006  2.2120185447E+034
  2.6537001050E+006  2.2120034879E+034
  2.6554000836E+006  2.2119882537E+034
  2.6571001231E+006  2.2119728460E+034
  2.6588001683E+006  2.2119572606E+034
  2.6605001559E+006  2.2119414863E+034
  2.6622001211E+006  2.2119255102E+034
  2.6639001447E+006  2.2119093263E+034
  2.6656001149E+006  2.2118929422E+034
  2.6673001329E+006  2.2118763726E+034
  2.6690000980E+006  2.2118596322E+034
  2.6707001633E+006  2.2118427238E+034
  2.6724001867E+006  2.2118256404E+034
  2.6741001330E+006  2.2118083761E+034
  2.6758001646E+006  2.2117909112E+034
  2.6775001367E+006  2.2117732474E+034
  2.6792001339E+006  2.2117554026E+034
  2.6809000881E+006  2.2117374090E+034
  2.6826001347E+006  2.2117192956E+034
  2.6843001287E+006  2.2117010824E+034
  2.6860001665E+006  2.2116827723E+034
  2.6877001600E+006  2.2116643587E+034
  2.6894001762E+006  2.2116458307E+034
  2.6911001149E+006  2.2116271867E+034
  2.6928001334E+006  2.2116084368E+034
  2.6945000995E+006  2.2115896036E+034
  2.6962000809E+006  2.2115707039E+034
  2.6979000935E+006  2.2115517413E+034
  2.6996001073E+006  2.2115327074E+034
  2.7013001140E+006  2.2115135968E+034
  2.7030001145E+006  2.2114943897E+034
  2.7047001221E+006  2.2114750926E+034
  2.7064001341E+006  2.2114557352E+034
  2.7081001052E+006  2.2114363600E+034
  2.7098000964E+006  2.2114170027E+034
  2.7115001232E+006  2.2113976780E+034
  2.7132001241E+006  2.2113783789E+034
  2.7149001407E+006  2.2113590828E+034
  2.7166001578E+006  2.2113397707E+034
  2.7183001060E+006  2.2113204432E+034
  2.7200000981E+006  2.2113011259E+034
  2.7217001288E+006  2.2112818575E+034
  2.7234001122E+006  2.2112626682E+034
  2.7251001646E+006  2.2112435646E+034
  2.7268001690E+006  2.2112245501E+034
  2.7285001616E+006  2.2112056070E+034
  2.7302001814E+006  2.2111867476E+034
  2.7319001247E+006  2.2111680216E+034
  2.7336001254E+006  2.2111495015E+034
  2.7353001365E+006  2.2111312573E+034
  2.7370001200E+006  2.2111133267E+034
  2.7387001259E+006  2.2110957066E+034
  2.7404000957E+006  2.2110783668E+034
  2.7421001263E+006  2.2110612689E+034
  2.7438000992E+006  2.2110443956E+034
  2.7455001147E+006  2.2110277602E+034
  2.7472000806E+006  2.2110113975E+034
  2.7489001014E+006  2.2109953303E+034
  2.7506001226E+006  2.2109795563E+034
  2.7523001323E+006  2.2109640521E+034
  2.7540001784E+006  2.2109487948E+034
  2.7557001036E+006  2.2109337962E+034
  2.7574001452E+006  2.2109190873E+034
  2.7591000797E+006  2.2109047381E+034
  2.7608001309E+006  2.2108908071E+034
  2.7625001182E+006  2.2108773142E+034
  2.7642001678E+006  2.2108642266E+034
  2.7659001533E+006  2.2108514821E+034
  2.7676001186E+006  2.2108390164E+034
  2.7693001686E+006  2.2108267994E+034
  2.7710001043E+006  2.2108122946E+034
  2.7727000921E+006  2.2108004157E+034
  2.7744000763E+006  2.2107889599E+034
  2.7761001457E+006  2.2107778564E+034
  2.7778001263E+006  2.2107670481E+034
  2.7795001399E+006  2.2107564937E+034
  2.7812001200E+006  2.2107461977E+034
  2.7829001346E+006  2.2107362213E+034
  2.7846000758E+006  2.2107266537E+034
  2.7863000691E+006  2.2107175565E+034
  2.7880001352E+006  2.2107089322E+034
  2.7897001249E+006  2.2107007279E+034
  2.7914001234E+006  2.2106928653E+034
  2.7931001626E+006  2.2106852820E+034
  2.7948000832E+006  2.2106779602E+034
  2.7965001104E+006  2.2106680132E+034
  2.7982000932E+006  2.2106609120E+034
  2.7999001268E+006  2.2106541589E+034
  2.8016000927E+006  2.2106476229E+034
  2.8033001407E+006  2.2106412168E+034
  2.8050001294E+006  2.2106349133E+034
  2.8067000908E+006  2.2106287593E+034
  2.8084001217E+006  2.2106228434E+034
  2.8101001176E+006  2.2106172372E+034
  2.8118000727E+006  2.2106119530E+034
  2.8135001155E+006  2.2106069420E+034
  2.8152000997E+006  2.2106021282E+034
  2.8169001173E+006  2.2105974524E+034
  2.8186000959E+006  2.2105929048E+034
  2.8203001067E+006  2.2105856009E+034
  2.8220000897E+006  2.2105810153E+034
  2.8237001368E+006  2.2105766751E+034
  2.8254001521E+006  2.2105724348E+034
  2.8271001635E+006  2.2105682159E+034
  2.8288001234E+006  2.2105640140E+034
  2.8305001049E+006  2.2105599105E+034
  2.8322000921E+006  2.2105560310E+034
  2.8339000944E+006  2.2105524746E+034
  2.8356001236E+006  2.2105492720E+034
  2.8373001122E+006  2.2105463920E+034
  2.8390001147E+006  2.2105437816E+034
  2.8407000844E+006  2.2105414166E+034
  2.8424000730E+006  2.2105393112E+034
  2.8441000879E+006  2.2105344530E+034
  2.8458000719E+006  2.2105324973E+034
  2.8475001313E+006  2.2105307044E+034
  2.8492001411E+006  2.2105288858E+034
  2.8509001004E+006  2.2105269574E+034
  2.8526001100E+006  2.2105249450E+034
  2.8543001221E+006  2.2105229435E+034
  2.8560000685E+006  2.2105210305E+034
  2.8577001367E+006  2.2105192209E+034
  2.8594001367E+006  2.2105174822E+034
  2.8611000777E+006  2.2105157786E+034
  2.8628001251E+006  2.2105141184E+034
  2.8645001016E+006  2.2105125708E+034
  2.8662000781E+006  2.2105112043E+034
  2.8679000794E+006  2.2105069864E+034
  2.8696000820E+006  2.2105055514E+034
  2.8713001227E+006  2.2105041566E+034
  2.8730000976E+006  2.2105026295E+034
  2.8747000782E+006  2.2105009784E+034
  2.8764000894E+006  2.2104992988E+034
  2.8781000963E+006  2.2104976769E+034
  2.8798001308E+006  2.2104961382E+034
  2.8815000877E+006  2.2104946665E+034
  2.8832001200E+006  2.2104932586E+034
  2.8849000840E+006  2.2104919755E+034
  2.8866000630E+006  2.2104909361E+034
  2.8883000788E+006  2.2104902309E+034
  2.8900000797E+006  2.2104898434E+034
  2.8917001318E+006  2.2104896548E+034
  2.8934001002E+006  2.2104864194E+034
  2.8951000783E+006  2.2104860129E+034
  2.8968000726E+006  2.2104857416E+034
  2.8985000691E+006  2.2104855810E+034
  2.9002000915E+006  2.2104855063E+034
  2.9019001140E+006  2.2104854123E+034
  2.9036000950E+006  2.2104851910E+034
  2.9053001037E+006  2.2104848359E+034
  2.9070001254E+006  2.2104844820E+034
  2.9087001057E+006  2.2104842906E+034
  2.9104000750E+006  2.2104843825E+034
  2.9121001214E+006  2.2104847457E+034
  2.9138001044E+006  2.2104853233E+034
  2.9155000733E+006  2.2104861127E+034
  2.9172001143E+006  2.2104872052E+034
  2.9189000752E+006  2.2104886994E+034
  2.9206000870E+006  2.2104873202E+034
  2.9223000779E+006  2.2104893466E+034
  2.9240000985E+006  2.2104916259E+034
  2.9257000711E+006  2.2104941246E+034
  2.9274000923E+006  2.2104969803E+034
  2.9291000823E+006  2.2105003396E+034
  2.9308001002E+006  2.2105042524E+034
  2.9325000676E+006  2.2105087017E+034
  2.9342001127E+006  2.2105137106E+034
  2.9359000653E+006  2.2105194167E+034
  2.9376000532E+006  2.2105259999E+034
  2.9393001063E+006  2.2105335353E+034
  2.9410000680E+006  2.2105419685E+034
  2.9427000764E+006  2.2105512255E+034
  2.9444000820E+006  2.2105613407E+034
  2.9461000840E+006  2.2105691685E+034
  2.9478000633E+006  2.2105811906E+034
  2.9495000970E+006  2.2105942853E+034
  2.9512000673E+006  2.2106083142E+034
  2.9529000762E+006  2.2106233053E+034
  2.9546000656E+006  2.2106394112E+034
  2.9563000585E+006  2.2106567312E+034
  2.9580000748E+006  2.2106752215E+034
  2.9597000982E+006  2.2106947807E+034
  2.9614000718E+006  2.2107154008E+034
  2.9631000990E+006  2.2107370895E+034
  2.9648001092E+006  2.2107596988E+034
  2.9665001014E+006  2.2107797194E+034
  2.9682000680E+006  2.2108031855E+034
  2.9699000581E+006  2.2108268223E+034
  2.9716000755E+006  2.2108502865E+034
  2.9733000767E+006  2.2108731275E+034
  2.9750001171E+006  2.2108948827E+034
  2.9767000954E+006  2.2109152177E+034
  2.9784000801E+006  2.2109338946E+034
  2.9801000814E+006  2.2109506165E+034
  2.9818001221E+006  2.2109650127E+034
  2.9835001219E+006  2.2109738501E+034
  2.9852001059E+006  2.2109824470E+034
  2.9869000693E+006  2.2109883674E+034
  2.9886000734E+006  2.2109913988E+034
  2.9903000838E+006  2.2109914045E+034
  2.9920000730E+006  2.2109882385E+034
  2.9937001241E+006  2.2109818319E+034
  2.9954001202E+006  2.2109722717E+034
  2.9971000859E+006  2.2109598081E+034
  2.9988000913E+006  2.2109447189E+034
  3.0005000912E+006  2.2109271673E+034
  3.0022000997E+006  2.2109071821E+034
  3.0039000934E+006  2.2108847881E+034
  3.0056000862E+006  2.2108601099E+034
  3.0073001110E+006  2.2108334490E+034
  3.0090000715E+006  2.2108052226E+034
  3.0107000862E+006  2.2107757548E+034
  3.0124001045E+006  2.2107451833E+034
  3.0141000953E+006  2.2107135425E+034
  3.0158001028E+006  2.2106809239E+034
  3.0175000918E+006  2.2106475907E+034
  3.0192000808E+006  2.2106138910E+034
  3.0209000483E+006  2.2105799725E+034
  3.0226000689E+006  2.2105457807E+034
  3.0243001314E+006  2.2105111909E+034
  3.0260001283E+006  2.2104762032E+034
  3.0277000679E+006  2.2104410149E+034
  3.0294001051E+006  2.2104058274E+034
  3.0311000667E+006  2.2103706221E+034
  3.0328001062E+006  2.2103351944E+034
  3.0345000908E+006  2.2102993578E+034
  3.0362001174E+006  2.2102659861E+034
  3.0379000642E+006  2.2102304479E+034
  3.0396000866E+006  2.2101943890E+034
  3.0413001078E+006  2.2101583090E+034
  3.0430000982E+006  2.2101220783E+034
  3.0447000828E+006  2.2100856186E+034
  3.0464001209E+006  2.2100490967E+034
  3.0481001063E+006  2.2100128327E+034
  3.0498000693E+006  2.2099768782E+034
  3.0515000921E+006  2.2099410059E+034
  3.0532000839E+006  2.2099049148E+034
  3.0549000932E+006  2.2098684885E+034
  3.0566000865E+006  2.2098319220E+034
  3.0583000755E+006  2.2097954578E+034
  3.0600000633E+006  2.2097590348E+034
  3.0617000878E+006  2.2097223583E+034
  3.0634001221E+006  2.2096851633E+034
  3.0651000749E+006  2.2096475263E+034
  3.0668000932E+006  2.2096098426E+034
  3.0685000757E+006  2.2095723998E+034
  3.0702001081E+006  2.2095351143E+034
  3.0719000795E+006  2.2094977334E+034
  3.0736001149E+006  2.2094601624E+034
  3.0753001125E+006  2.2094226924E+034
  3.0770000751E+006  2.2093856910E+034
  3.0787000754E+006  2.2093491441E+034
  3.0804000865E+006  2.2093126755E+034
  3.0821000728E+006  2.2092758983E+034
  3.0838000960E+006  2.2092388121E+034
  3.0855000699E+006  2.2092018283E+034
  3.0872000667E+006  2.2091651939E+034
  3.0889000716E+006  2.2091286818E+034
  3.0906001009E+006  2.2090919290E+034
  3.0923000775E+006  2.2090549054E+034
  3.0940001030E+006  2.2090181860E+034
  3.0957000585E+006  2.2089824291E+034
  3.0974000572E+006  2.2089477405E+034
  3.0991001150E+006  2.2089137684E+034
  3.1008000599E+006  2.2088802088E+034
  3.1025000642E+006  2.2088471972E+034
  3.1042000751E+006  2.2088151491E+034
  3.1059000519E+006  2.2087840845E+034
  3.1076000890E+006  2.2087534706E+034
  3.1093000901E+006  2.2087227380E+034
  3.1110000788E+006  2.2086917807E+034
  3.1127000911E+006  2.2086610342E+034
  3.1144000752E+006  2.2086307634E+034
  3.1161001032E+006  2.2086006261E+034
  3.1178000695E+006  2.2085700850E+034
  3.1195000900E+006  2.2085390624E+034
  3.1212000594E+006  2.2085082323E+034
  3.1229000673E+006  2.2084783551E+034
  3.1246000419E+006  2.2084494689E+034
  3.1263001054E+006  2.2084211382E+034
  3.1280000791E+006  2.2083931070E+034
  3.1297000972E+006  2.2083657413E+034
  3.1314000554E+006  2.2083395820E+034
  3.1331000761E+006  2.2083144912E+034
  3.1348000809E+006  2.2082897456E+034
  3.1365000957E+006  2.2082647376E+034
  3.1382000672E+006  2.2082396067E+034
  3.1399000588E+006  2.2082149978E+034
  3.1416000508E+006  2.2081910811E+034
  3.1433001043E+006  2.2081674262E+034
  3.1450000935E+006  2.2081436928E+034
  3.1467000944E+006  2.2081176068E+034
  3.1484000956E+006  2.2080951083E+034
  3.1501000515E+006  2.2080745326E+034
  3.1518000743E+006  2.2080552336E+034
  3.1535000619E+006  2.2080366105E+034
  3.1552000870E+006  2.2080188044E+034
  3.1569000799E+006  2.2080025566E+034
  3.1586000648E+006  2.2079879515E+034
  3.1603000871E+006  2.2079740600E+034
  3.1620000948E+006  2.2079599197E+034
  3.1637000777E+006  2.2079454882E+034
  3.1654000673E+006  2.2079315128E+034
  3.1671000779E+006  2.2079181466E+034
  3.1688000718E+006  2.2079044953E+034
  3.1705000903E+006  2.2078896869E+034
  3.1722000858E+006  2.2078739946E+034
  3.1739000593E+006  2.2078560765E+034
  3.1756000742E+006  2.2078407450E+034
  3.1773000565E+006  2.2078263326E+034
  3.1790000682E+006  2.2078118823E+034
  3.1807000808E+006  2.2077977561E+034
  3.1824000787E+006  2.2077850457E+034
  3.1841000567E+006  2.2077739476E+034
  3.1858000520E+006  2.2077634777E+034
  3.1875000929E+006  2.2077526844E+034
  3.1892000510E+006  2.2077417532E+034
  3.1909000435E+006  2.2077315509E+034
  3.1926000389E+006  2.2077219618E+034
  3.1943000754E+006  2.2077118814E+034
  3.1960000761E+006  2.2077006669E+034
  3.1977000773E+006  2.2076891666E+034
  3.1994000425E+006  2.2076757091E+034
  3.2011000519E+006  2.2076655720E+034
  3.2028000523E+006  2.2076562202E+034
  3.2045000547E+006  2.2076469223E+034
  3.2062000869E+006  2.2076385614E+034
  3.2079000678E+006  2.2076320425E+034
  3.2096000380E+006  2.2076267861E+034
  3.2113000614E+006  2.2076215588E+034
  3.2130000591E+006  2.2076159896E+034
  3.2147000574E+006  2.2076109981E+034
  3.2164000400E+006  2.2076070108E+034
  3.2181000681E+006  2.2076029660E+034
  3.2198000502E+006  2.2075975882E+034
  3.2215000554E+006  2.2075909040E+034
  3.2232000713E+006  2.2075840551E+034
  3.2249000525E+006  2.2075735561E+034
  3.2266000580E+006  2.2075649657E+034
  3.2283000547E+006  2.2075551069E+034
  3.2300000534E+006  2.2075449608E+034
  3.2317000393E+006  2.2075359619E+034
  3.2334000402E+006  2.2075278370E+034
  3.2351000506E+006  2.2075194380E+034
  3.2368000507E+006  2.2075106458E+034
  3.2385000500E+006  2.2075028098E+034
  3.2402000506E+006  2.2074964750E+034
  3.2419000566E+006  2.2074903348E+034
  3.2436000874E+006  2.2074830890E+034
  3.2453000542E+006  2.2074751516E+034
  3.2470000482E+006  2.2074678213E+034
  3.2487000479E+006  2.2074607481E+034
  3.2504000522E+006  2.2074525228E+034
  3.2521000791E+006  2.2074398088E+034
  3.2538000631E+006  2.2074292323E+034
  3.2555000448E+006  2.2074209330E+034
  3.2572000607E+006  2.2074132928E+034
  3.2589000866E+006  2.2074051257E+034
  3.2606000452E+006  2.2073969123E+034
  3.2623000632E+006  2.2073901809E+034
  3.2640000373E+006  2.2073846943E+034
  3.2657000796E+006  2.2073788692E+034
  3.2674000714E+006  2.2073721231E+034
  3.2691000442E+006  2.2073657336E+034
  3.2708000680E+006  2.2073603087E+034
  3.2725000546E+006  2.2073543543E+034
  3.2742000800E+006  2.2073464771E+034
  3.2759000531E+006  2.2073373425E+034
  3.2776000619E+006  2.2073284113E+034
  3.2793000530E+006  2.2073189828E+034
  3.2810000652E+006  2.2073074707E+034
  3.2827000784E+006  2.2072903808E+034
  3.2844000448E+006  2.2072763948E+034
  3.2861000628E+006  2.2072638945E+034
  3.2878000596E+006  2.2072509177E+034
  3.2895000773E+006  2.2072366947E+034
  3.2912000694E+006  2.2072228251E+034
  3.2929000512E+006  2.2072105829E+034
  3.2946000698E+006  2.2071985350E+034
  3.2963000616E+006  2.2071850141E+034
  3.2980000687E+006  2.2071708065E+034
  3.2997000598E+006  2.2071578039E+034
  3.3014000515E+006  2.2071451985E+034
  3.3031000597E+006  2.2071309683E+034
  3.3048000586E+006  2.2071153421E+034
  3.3065000544E+006  2.2071013655E+034
  3.3082000387E+006  2.2070878340E+034
  3.3099000593E+006  2.2070736236E+034
  3.3116000706E+006  2.2070582434E+034
  3.3133000667E+006  2.2070437540E+034
  3.3150000374E+006  2.2070306717E+034
  3.3167000634E+006  2.2070168802E+034
  3.3184000722E+006  2.2070013826E+034
  3.3201000460E+006  2.2069861010E+034
  3.3218000344E+006  2.2069685434E+034
  3.3235000656E+006  2.2069527276E+034
  3.3252000526E+006  2.2069354890E+034
  3.3269000522E+006  2.2069176529E+034
  3.3286000575E+006  2.2069009291E+034
  3.3303000492E+006  2.2068834352E+034
  3.3320000705E+006  2.2068632437E+034
  3.3337000374E+006  2.2068417759E+034
  3.3354000558E+006  2.2068213589E+034
  3.3371000371E+006  2.2068005811E+034
  3.3388000556E+006  2.2067774482E+034
  3.3405000688E+006  2.2067533084E+034
  3.3422000439E+006  2.2067307867E+034
  3.3439000375E+006  2.2067084229E+034
  3.3456000621E+006  2.2066837529E+034
  3.3473000398E+006  2.2066578905E+034
  3.3490000607E+006  2.2066336814E+034
  3.3507000274E+006  2.2066097710E+034
  3.3524000486E+006  2.2065835508E+034
  3.3541000681E+006  2.2065561438E+034
  3.3558000354E+006  2.2065305752E+034
  3.3575000372E+006  2.2065056017E+034
  3.3592000358E+006  2.2064787903E+034
  3.3609000506E+006  2.2064516261E+034
  3.3626000540E+006  2.2064272410E+034
  3.3643000264E+006  2.2064040422E+034
  3.3660000688E+006  2.2063783203E+034
  3.3677000349E+006  2.2063518086E+034
  3.3694000334E+006  2.2063276062E+034
  3.3711000284E+006  2.2063035408E+034
  3.3728000472E+006  2.2062766563E+034
  3.3745000507E+006  2.2062488240E+034
  3.3762000496E+006  2.2062227966E+034
  3.3779000329E+006  2.2061956682E+034
  3.3796000606E+006  2.2061647333E+034
  3.3813000368E+006  2.2061327321E+034
  3.3830000498E+006  2.2061021792E+034
  3.3847000492E+006  2.2060697676E+034
  3.3864000591E+006  2.2060335360E+034
  3.3881000560E+006  2.2059973458E+034
  3.3898000291E+006  2.2059631133E+034
  3.3915000351E+006  2.2059228142E+034
  3.3932000365E+006  2.2058833160E+034
  3.3949000597E+006  2.2058466465E+034
  3.3966000337E+006  2.2058121311E+034
  3.3983000578E+006  2.2057750269E+034
  3.4000000530E+006  2.2057357431E+034
  3.4017000462E+006  2.2056989653E+034
  3.4034000282E+006  2.2056625523E+034
  3.4051000486E+006  2.2056221795E+034
  3.4068000504E+006  2.2055805456E+034
  3.4085000343E+006  2.2055416726E+034
  3.4102000346E+006  2.2055015535E+034
  3.4119000344E+006  2.2054578290E+034
  3.4136000567E+006  2.2054157512E+034
  3.4153000493E+006  2.2053775722E+034
  3.4170000483E+006  2.2053375944E+034
  3.4187000381E+006  2.2052953669E+034
  3.4204000498E+006  2.2052563763E+034
  3.4221000291E+006  2.2052190979E+034
  3.4238000450E+006  2.2051785437E+034
  3.4255000441E+006  2.2051374857E+034
  3.4272000330E+006  2.2051002843E+034
  3.4289000334E+006  2.2050618086E+034
  3.4306000366E+006  2.2050188996E+034
  3.4323000528E+006  2.2049770936E+034
  3.4340000450E+006  2.2049369757E+034
  3.4357000443E+006  2.2048921258E+034
  3.4374000552E+006  2.2048437003E+034
  3.4391000425E+006  2.2047980383E+034
  3.4408000317E+006  2.2047512362E+034
  3.4425000294E+006  2.2046982064E+034
  3.4442000462E+006  2.2046455190E+034
  3.4459000303E+006  2.2045963055E+034
  3.4476000363E+006  2.2045438942E+034
  3.4493000277E+006  2.2044887970E+034
  3.4510000441E+006  2.2044382927E+034
  3.4527000265E+006  2.2043883336E+034
  3.4544000367E+006  2.2043336841E+034
  3.4561000357E+006  2.2042807085E+034
  3.4578000400E+006  2.2042318708E+034
  3.4595000327E+006  2.2041791831E+034
  3.4612000426E+006  2.2041235169E+034
  3.4629000363E+006  2.2040728177E+034
  3.4646000189E+006  2.2040215552E+034
  3.4663000383E+006  2.2039647681E+034
  3.4680000414E+006  2.2039112568E+034
  3.4697000262E+006  2.2038625163E+034
  3.4714000475E+006  2.2038101749E+034
  3.4731000272E+006  2.2037579772E+034
  3.4748000255E+006  2.2037129623E+034
  3.4765000265E+006  2.2036686489E+034
  3.4782000379E+006  2.2036176465E+034
  3.4799000363E+006  2.2035714445E+034
  3.4816000193E+006  2.2035263882E+034
  3.4833000299E+006  2.2034745500E+034
  3.4850000328E+006  2.2034241796E+034
  3.4867000218E+006  2.2033779228E+034
  3.4884000442E+006  2.2033253306E+034
  3.4901000372E+006  2.2032701063E+034
  3.4918000393E+006  2.2032205279E+034
  3.4935000260E+006  2.2031665420E+034
  3.4952000262E+006  2.2031064200E+034
  3.4969000397E+006  2.2030519906E+034
  3.4986000308E+006  2.2029969747E+034
  3.5003000448E+006  2.2029348056E+034
  3.5020000399E+006  2.2028780013E+034
  3.5037000214E+006  2.2028255757E+034
  3.5054000252E+006  2.2027670635E+034
  3.5071000329E+006  2.2027118701E+034
  3.5088000297E+006  2.2026635541E+034
  3.5105000288E+006  2.2026094285E+034
  3.5122000287E+006  2.2025544336E+034
  3.5139000225E+006  2.2025073582E+034
  3.5156000363E+006  2.2024547461E+034
  3.5173000432E+006  2.2023989179E+034
  3.5190000238E+006  2.2023522827E+034
  3.5207000380E+006  2.2023029850E+034
  3.5224000265E+006  2.2022495530E+034
  3.5241000243E+006  2.2022034052E+034
  3.5258000159E+006  2.2021602158E+034
  3.5275000301E+006  2.2021125030E+034
  3.5292000363E+006  2.2020753336E+034
  3.5309000182E+006  2.2020400759E+034
  3.5326000403E+006  2.2019978762E+034
