 0001  0.3022822685271025E+034
 0002  0.3034309851731274E+034
 0003  0.3046070113700285E+034
 0004  0.3058109963741492E+034
 0005  0.3070436048772313E+034
 0006  0.3083055173733755E+034
 0007  0.3095974305347266E+034
 0008  0.3109200575960893E+034
 0009  0.3122741287486887E+034
 0010  0.3136603915432913E+034
 0011  0.3150796113029106E+034
 0012  0.3165325715453236E+034
 0013  0.3180200744156325E+034
 0014  0.3195429411291102E+034
 0015  0.3211020124245737E+034
 0016  0.3226981490285366E+034
 0017  0.3243322321303956E+034
 0018  0.3260051638689142E+034
 0019  0.3277178678302728E+034
 0020  0.3294712895579583E+034
 0021  0.3312663970747770E+034
 0022  0.3331041814172765E+034
 0023  0.3349856571828739E+034
 0024  0.3369118630899914E+034
 0025  0.3388838625515078E+034
 0026  0.3409027442618440E+034
 0027  0.3429696227980053E+034
 0028  0.3450856392349134E+034
 0029  0.3472519617753665E+034
 0030  0.3494697863949770E+034
 0031  0.3517403375024413E+034
 0032  0.3540648686155066E+034
 0033  0.3564446630530094E+034
 0034  0.3588810346433645E+034
 0035  0.3613753284498994E+034
 0036  0.3639289215134318E+034
 0037  0.3665432236125017E+034
 0038  0.3692196780416764E+034
 0039  0.3719597624083597E+034
 0040  0.3747649894485442E+034
 0041  0.3776369078619569E+034
 0042  0.3805771031670601E+034
 0043  0.3835871985763786E+034
 0044  0.3866688558926373E+034
 0045  0.3898237764262027E+034
 0046  0.3930537019343372E+034
 0047  0.3963604155827815E+034
 0048  0.3997457429301986E+034
 0049  0.4032115529360217E+034
 0050  0.4067597589922625E+034
 0051  0.4103923199798504E+034
 0052  0.4141112413500837E+034
 0053  0.4179185762317925E+034
 0054  0.4218164265648225E+034
 0055  0.4258069442604667E+034
 0056  0.4298923323894847E+034
 0057  0.4340748463983661E+034
 0058  0.4383567953545096E+034
 0059  0.4427405432210041E+034
 0060  0.4472285101617179E+034
 0061  0.4518231738774134E+034
 0062  0.4565270709736276E+034
 0063  0.4613427983610720E+034
 0064  0.4662730146893262E+034
 0065  0.4713204418146154E+034
 0066  0.4764878663024825E+034
 0067  0.4817781409661864E+034
 0068  0.4871941864416725E+034
 0069  0.4927389927999864E+034
 0070  0.4984156211980224E+034
 0071  0.5042272055685156E+034
 0072  0.5101769543502126E+034
 0073  0.5162681522591747E+034
 0074  0.5225041621021922E+034
 0075  0.5288884266333109E+034
 0076  0.5354244704544955E+034
 0077  0.5421159019614789E+034
 0078  0.5489664153358729E+034
 0079  0.5559797925846387E+034
 0080  0.5631599056280435E+034
 0081  0.5705107184372565E+034
 0082  0.5780362892227644E+034
 0083  0.5857407726748131E+034
 0084  0.5936284222571147E+034
 0085  0.6017035925550845E+034
 0086  0.6099707416799045E+034
 0087  0.6184344337297425E+034
 0088  0.6270993413094817E+034
 0089  0.6359702481103569E+034
 0090  0.6450520515509182E+034
 0091  0.6543497654807781E+034
 0092  0.6638685229486417E+034
 0093  0.6736135790361407E+034
 0094  0.6835903137590415E+034
 0095  0.6938042350374232E+034
 0096  0.7042609817364726E+034
 0097  0.7149663267795671E+034
 0098  0.7259261803353694E+034
 0099  0.7371465930806941E+034
 0100  0.7486337595409423E+034
 0101  0.7601209260011882E+034
 0102  0.7715201653686431E+034
 0103  0.7828321506703454E+034
 0104  0.7940575497817333E+034
 0105  0.8051970254660758E+034
 0106  0.8162512354136018E+034
 0107  0.8272208322803323E+034
 0108  0.8381064637266134E+034
 0109  0.8489087724553557E+034
 0110  0.8596283962499794E+034
 0111  0.8702659680120711E+034
 0112  0.8808221157987501E+034
 0113  0.8912974628597506E+034
 0114  0.9016926276742185E+034
 0115  0.9120082239872281E+034
 0116  0.9222448608460183E+034
 0117  0.9324031426359507E+034
 0118  0.9424836691161942E+034
 0119  0.9524870354551356E+034
 0120  0.9624138322655191E+034
 0121  0.9722646456393163E+034
 0122  0.9820400571823310E+034
 0123  0.9917406440485371E+034
 0124  0.1001366978974155E+035
 0125  0.1010919630311467E+035
 0126  0.1020399162062372E+035
 0127  0.1029806133911687E+035
 0128  0.1039141101260191E+035
 0129  0.1048404615257418E+035
 0130  0.1057597222834193E+035
 0131  0.1066719466734929E+035
 0132  0.1075771885549669E+035
 0133  0.1084755013745884E+035
 0134  0.1093669381700031E+035
 0135  0.1102515515728865E+035
 0136  0.1111293938120517E+035
 0137  0.1120005167165326E+035
 0138  0.1128649717186442E+035
 0139  0.1137228098570193E+035
 0140  0.1145740817796217E+035
 0141  0.1154188377467367E+035
 0142  0.1162571276339386E+035
 0143  0.1170890009350349E+035
 0144  0.1179145067649895E+035
 0145  0.1187336938628212E+035
 0146  0.1195466105944826E+035
 0147  0.1203533049557147E+035
 0148  0.1211538245748813E+035
 0149  0.1219482167157807E+035
 0150  0.1227365282804362E+035
 0151  0.1235188058118655E+035
 0152  0.1242950954968287E+035
 0153  0.1250654431685547E+035
 0154  0.1258298943094478E+035
 0155  0.1265884940537729E+035
 0156  0.1273412871903203E+035
 0157  0.1280883181650500E+035
 0158  0.1288296310837158E+035
 0159  0.1295652697144697E+035
 0160  0.1302952774904454E+035
 0161  0.1310196975123237E+035
 0162  0.1317385725508759E+035
 0163  0.1324519450494902E+035
 0164  0.1331598571266769E+035
 0165  0.1338623505785554E+035
 0166  0.1345594668813220E+035
 0167  0.1352512471936986E+035
 0168  0.1359377323593626E+035
 0169  0.1366189629093587E+035
 0170  0.1372949790644914E+035
 0171  0.1379658207377007E+035
 0172  0.1386315275364172E+035
 0173  0.1392921387649018E+035
 0174  0.1399476934265657E+035
 0175  0.1405982302262732E+035
 0176  0.1412437875726272E+035
 0177  0.1418844035802365E+035
 0178  0.1425201160719665E+035
 0179  0.1431509625811722E+035
 0180  0.1437769803539140E+035
 0181  0.1443982063511570E+035
 0182  0.1450146772509533E+035
 0183  0.1456264294506073E+035
 0184  0.1462334990688248E+035
 0185  0.1468359219478453E+035
 0186  0.1474337336555584E+035
 0187  0.1480269694876037E+035
 0188  0.1486156644694548E+035
 0189  0.1491998533584870E+035
 0190  0.1497795706460296E+035
 0191  0.1503548505594023E+035
 0192  0.1509257270639361E+035
 0193  0.1514922338649785E+035
 0194  0.1520544044098837E+035
 0195  0.1526122718899870E+035
 0196  0.1531658692425651E+035
 0197  0.1537152291527801E+035
 0198  0.1542603840556097E+035
 0199  0.1548013661377621E+035
 0200  0.1553382073395763E+035
 0201  0.1558709393569079E+035
 0202  0.1563995936430006E+035
 0203  0.1569242014103430E+035
 0204  0.1574447936325117E+035
 0205  0.1579614010459999E+035
 0206  0.1584740541520319E+035
 0207  0.1589827832183644E+035
 0208  0.1594876182810732E+035
 0209  0.1599885891463267E+035
 0210  0.1604857253921457E+035
 0211  0.1609790563701497E+035
 0212  0.1614686112072898E+035
 0213  0.1619544188075686E+035
 0214  0.1624365078537464E+035
 0215  0.1629149068090349E+035
 0216  0.1633896439187779E+035
 0217  0.1638607472121184E+035
 0218  0.1643282445036541E+035
 0219  0.1647921633950790E+035
 0220  0.1652525312768135E+035
 0221  0.1657093753296215E+035
 0222  0.1661627225262150E+035
 0223  0.1666125996328469E+035
 0224  0.1670590332108908E+035
 0225  0.1675020496184097E+035
 0226  0.1679416750117123E+035
 0227  0.1683779353468968E+035
 0228  0.1688108563813837E+035
 0229  0.1692404636754366E+035
 0230  0.1696667825936711E+035
 0231  0.1700898383065528E+035
 0232  0.1705096557918827E+035
 0233  0.1709262598362724E+035
 0234  0.1713396750366078E+035
 0235  0.1717499258015005E+035
 0236  0.1721570363527298E+035
 0237  0.1725610307266721E+035
 0238  0.1729619327757205E+035
 0239  0.1733597661696928E+035
 0240  0.1737545543972292E+035
 0241  0.1741463207671791E+035
 0242  0.1745350884099770E+035
 0243  0.1749208802790084E+035
 0244  0.1753037191519650E+035
 0245  0.1756836276321896E+035
 0246  0.1760606281500103E+035
 0247  0.1764347429640651E+035
 0248  0.1768059941626161E+035
 0249  0.1771744036648534E+035
 0250  0.1775399932221895E+035
 0251  0.1779027844195433E+035
 0252  0.1782627986766146E+035
 0253  0.1786200572491490E+035
 0254  0.1789745812301923E+035
 0255  0.1793263915513364E+035
 0256  0.1796755089839550E+035
 0257  0.1800219541404295E+035
 0258  0.1803657474753667E+035
 0259  0.1807069092868063E+035
 0260  0.1810454597174187E+035
 0261  0.1813814187556951E+035
 0262  0.1817148062371272E+035
 0263  0.1820456418453782E+035
 0264  0.1823739451134453E+035
 0265  0.1826997354248129E+035
 0266  0.1830230320145966E+035
 0267  0.1833438539706795E+035
 0268  0.1836622202348387E+035
 0269  0.1839781496038638E+035
 0270  0.1842916607306669E+035
 0271  0.1846027721253834E+035
 0272  0.1849115021564654E+035
 0273  0.1852178690517659E+035
 0274  0.1855218908996148E+035
 0275  0.1858235856498876E+035
 0276  0.1861229711150644E+035
 0277  0.1864200649712818E+035
 0278  0.1867148847593768E+035
 0279  0.1870074478859222E+035
 0280  0.1872977716242542E+035
 0281  0.1875858731154926E+035
 0282  0.1878717693695525E+035
 0283  0.1881554772661487E+035
 0284  0.1884370135557924E+035
 0285  0.1887163948607799E+035
 0286  0.1889936376761744E+035
 0287  0.1892687583707796E+035
 0288  0.1895417731881062E+035
 0289  0.1898126982473311E+035
 0290  0.1900815495442486E+035
 0291  0.1903483429522157E+035
 0292  0.1906130942230883E+035
 0293  0.1908758189881518E+035
 0294  0.1911365327590440E+035
 0295  0.1913952509286706E+035
 0296  0.1916519887721143E+035
 0297  0.1919067614475367E+035
 0298  0.1921595839970728E+035
 0299  0.1924104713477199E+035
 0300  0.1926594383122180E+035
 0301  0.1929064995899250E+035
 0302  0.1931516697676845E+035
 0303  0.1933949633206867E+035
 0304  0.1936363946133234E+035
 0305  0.1938759779000359E+035
 0306  0.1941137273261566E+035
 0307  0.1943496569287444E+035
 0308  0.1945837806374129E+035
 0309  0.1948161122751536E+035
 0310  0.1950466655591513E+035
 0311  0.1952754541015945E+035
 0312  0.1955024914104788E+035
 0313  0.1957277908904046E+035
 0314  0.1959513658433685E+035
 0315  0.1961732294695483E+035
 0316  0.1963933948680831E+035
 0317  0.1966118750378459E+035
 0318  0.1968286828782116E+035
 0319  0.1970438311898186E+035
 0320  0.1972573326753241E+035
 0321  0.1974691999401544E+035
 0322  0.1976794454932494E+035
 0323  0.1978880817478006E+035
 0324  0.1980951210219845E+035
 0325  0.1983005755396893E+035
 0326  0.1985044574312374E+035
 0327  0.1987067787341008E+035
 0328  0.1989075513936122E+035
 0329  0.1991067872636705E+035
 0330  0.1993044981074401E+035
 0331  0.1995006955980458E+035
 0332  0.1996953913192621E+035
 0333  0.1998885967661965E+035
 0334  0.2000803233459692E+035
 0335  0.2002705823783854E+035
 0336  0.2004593850966048E+035
 0337  0.2006467426478040E+035
 0338  0.2008326660938348E+035
 0339  0.2010171664118777E+035
 0340  0.2012002544950896E+035
 0341  0.2013819411532470E+035
 0342  0.2015622371133845E+035
 0343  0.2017411530204278E+035
 0344  0.2019186994378223E+035
 0345  0.2020948868481570E+035
 0346  0.2022697256537830E+035
 0347  0.2024432261774280E+035
 0348  0.2026153986628057E+035
 0349  0.2027862532752205E+035
 0350  0.2029558001021678E+035
 0351  0.2031240491539294E+035
 0352  0.2032910103641647E+035
 0353  0.2034566935904972E+035
 0354  0.2036211086150964E+035
 0355  0.2037842651452553E+035
 0356  0.2039461728139638E+035
 0357  0.2041068411804771E+035
 0358  0.2042662797308804E+035
 0359  0.2044244978786487E+035
 0360  0.2045815049652029E+035
 0361  0.2047373102604610E+035
 0362  0.2048919229633856E+035
 0363  0.2050453522025271E+035
 0364  0.2051976070365623E+035
 0365  0.2053486964548296E+035
 0366  0.2054986293778598E+035
 0367  0.2056474146579024E+035
 0368  0.2057950610794483E+035
 0369  0.2059415773597491E+035
 0370  0.2060869721493307E+035
 0371  0.2062312540325051E+035
 0372  0.2063744315278764E+035
 0373  0.2065165130888443E+035
 0374  0.2066575071041029E+035
 0375  0.2067974218981362E+035
 0376  0.2069362657317094E+035
 0377  0.2070740468023565E+035
 0378  0.2072107732448649E+035
 0379  0.2073464531317550E+035
 0380  0.2074810944737570E+035
 0381  0.2076147052202843E+035
 0382  0.2077472932599022E+035
 0383  0.2078788664207941E+035
 0384  0.2080094324712235E+035
 0385  0.2081389991199925E+035
 0386  0.2082675740168977E+035
 0387  0.2083951647531805E+035
 0388  0.2085217788619768E+035
 0389  0.2086474238187606E+035
 0390  0.2087721070417858E+035
 0391  0.2088958358925245E+035
 0392  0.2090186176761011E+035
 0393  0.2091404596417239E+035
 0394  0.2092613689831130E+035
 0395  0.2093813528389250E+035
 0396  0.2095004182931747E+035
 0397  0.2096185723756531E+035
 0398  0.2097358220623425E+035
 0399  0.2098521742758285E+035
 0400  0.2099676358857085E+035
 0401  0.2100822137089975E+035
 0402  0.2101959145105306E+035
 0403  0.2103087450033621E+035
 0404  0.2104207118491620E+035
 0405  0.2105318216586098E+035
 0406  0.2106420809917839E+035
 0407  0.2107514963585498E+035
 0408  0.2108600742189436E+035
 0409  0.2109678209835542E+035
 0410  0.2110747430139013E+035
 0411  0.2111808466228112E+035
 0412  0.2112861380747894E+035
 0413  0.2113906235863906E+035
 0414  0.2114943093265854E+035
 0415  0.2115972014171252E+035
 0416  0.2116993059329028E+035
 0417  0.2118006289023117E+035
 0418  0.2119011763076018E+035
 0419  0.2120009540852326E+035
 0420  0.2120999681262237E+035
 0421  0.2121982242765025E+035
 0422  0.2122957283372497E+035
 0423  0.2123924860652414E+035
 0424  0.2124885031731893E+035
 0425  0.2125837853300776E+035
 0426  0.2126783381614984E+035
 0427  0.2127721672499829E+035
 0428  0.2128652781353320E+035
 0429  0.2129576763149425E+035
 0430  0.2130493672441322E+035
 0431  0.2131403563364619E+035
 0432  0.2132306489640549E+035
 0433  0.2133202504579141E+035
 0434  0.2134091661082373E+035
 0435  0.2134974011647288E+035
 0436  0.2135849608369097E+035
 0437  0.2136718502944256E+035
 0438  0.2137580746673518E+035
 0439  0.2138436390464956E+035
 0440  0.2139285484836978E+035
 0441  0.2140128079921305E+035
 0442  0.2140964225465928E+035
 0443  0.2141793970838050E+035
 0444  0.2142617365026999E+035
 0445  0.2143434456647120E+035
 0446  0.2144245293940645E+035
 0447  0.2145049924780543E+035
 0448  0.2145848396673343E+035
 0449  0.2146640756761944E+035
 0450  0.2147427051828394E+035
 0451  0.2148207328296653E+035
 0452  0.2148981632235336E+035
 0453  0.2149750009360431E+035
 0454  0.2150512505037999E+035
 0455  0.2151269164286850E+035
 0456  0.2152020031781205E+035
 0457  0.2152765151853333E+035
 0458  0.2153504568496163E+035
 0459  0.2154238325365891E+035
 0460  0.2154966465784547E+035
 0461  0.2155689032742561E+035
 0462  0.2156406068901296E+035
 0463  0.2157117616595572E+035
 0464  0.2157823717836159E+035
 0465  0.2158524414312262E+035
 0466  0.2159219747393981E+035
 0467  0.2159909758134755E+035
 0468  0.2160594487273783E+035
 0469  0.2161273975238432E+035
 0470  0.2161948262146621E+035
 0471  0.2162617387809192E+035
 0472  0.2163281391732262E+035
 0473  0.2163940313119552E+035
 0474  0.2164594190874700E+035
 0475  0.2165243063603565E+035
 0476  0.2165886969616500E+035
 0477  0.2166525946930618E+035
 0478  0.2167160033272034E+035
 0479  0.2167789266078091E+035
 0480  0.2168413682499574E+035
 0481  0.2169033319402904E+035
 0482  0.2169648213372310E+035
 0483  0.2170258400711992E+035
 0484  0.2170863917448265E+035
 0485  0.2171464799331683E+035
 0486  0.2172061081839153E+035
 0487  0.2172652800176029E+035
 0488  0.2173239989278190E+035
 0489  0.2173822683814102E+035
 0490  0.2174400918186865E+035
 0491  0.2174974726536245E+035
 0492  0.2175544142740691E+035
 0493  0.2176109200419332E+035
 0494  0.2176669932933964E+035
 0495  0.2177226373391018E+035
 0496  0.2177778554643517E+035
 0497  0.2178326509293017E+035
 0498  0.2178870269691526E+035
 0499  0.2179409867943417E+035
 0500  0.2179945335907328E+035
 0501  0.2180476705198036E+035
 0502  0.2181004007188327E+035
 0503  0.2181527273010848E+035
 0504  0.2182046533559946E+035
 0505  0.2182561819493490E+035
 0506  0.2183073161234683E+035
 0507  0.2183580588973855E+035
 0508  0.2184084132670252E+035
 0509  0.2184583822053796E+035
 0510  0.2185079686626850E+035
 0511  0.2185571755665949E+035
 0512  0.2186060058223540E+035
 0513  0.2186544623129689E+035
 0514  0.2187025478993784E+035
 0515  0.2187502654206230E+035
 0516  0.2187976176940119E+035
 0517  0.2188446075152894E+035
 0518  0.2188912376588005E+035
 0519  0.2189375108776540E+035
 0520  0.2189834299038854E+035
 0521  0.2190289974486184E+035
 0522  0.2190742162022245E+035
 0523  0.2191190888344823E+035
 0524  0.2191636179947347E+035
 0525  0.2192078063120455E+035
 0526  0.2192516563953551E+035
 0527  0.2192951708336334E+035
 0528  0.2193383521960339E+035
 0529  0.2193812030320447E+035
 0530  0.2194237258716391E+035
 0531  0.2194659232254249E+035
 0532  0.2195077975847930E+035
 0533  0.2195493514220641E+035
 0534  0.2195905871906350E+035
 0535  0.2196315073251231E+035
 0536  0.2196721142415105E+035
 0537  0.2197124103372861E+035
 0538  0.2197523979915880E+035
 0539  0.2197920795653432E+035
 0540  0.2198314574014073E+035
 0541  0.2198705338247028E+035
 0542  0.2199093111423565E+035
 0543  0.2199477916438355E+035
 0544  0.2199859776010823E+035
 0545  0.2200238712686493E+035
 0546  0.2200614748838317E+035
 0547  0.2200987906667995E+035
 0548  0.2201358208207288E+035
 0549  0.2201725675319316E+035
 0550  0.2202090329699852E+035
 0551  0.2202452192878601E+035
 0552  0.2202811286220471E+035
 0553  0.2203167630926835E+035
 0554  0.2203521248036783E+035
 0555  0.2203872158428365E+035
 0556  0.2204220382819821E+035
 0557  0.2204565941770806E+035
 0558  0.2204908855683603E+035
 0559  0.2205249144804330E+035
 0560  0.2205586829224134E+035
 0561  0.2205921928880373E+035
 0562  0.2206254463557802E+035
 0563  0.2206584452889732E+035
 0564  0.2206911916359196E+035
 0565  0.2207236873300095E+035
 0566  0.2207559342898341E+035
 0567  0.2207879344192990E+035
 0568  0.2208196896077367E+035
 0569  0.2208512017300179E+035
 0570  0.2208824726466624E+035
 0571  0.2209135042039488E+035
 0572  0.2209442982340238E+035
 0573  0.2209748565550100E+035
 0574  0.2210051809711132E+035
 0575  0.2210352732727297E+035
 0576  0.2210651352365508E+035
 0577  0.2210947686256687E+035
 0578  0.2211241751896803E+035
 0579  0.2211533566647901E+035
 0580  0.2211823147739133E+035
 0581  0.2212110512267772E+035
 0582  0.2212395677200221E+035
 0583  0.2212678659373017E+035
 0584  0.2212959475493823E+035
 0585  0.2213238142142416E+035
 0586  0.2213514675771665E+035
 0587  0.2213789092708502E+035
 0588  0.2214061409154888E+035
 0589  0.2214331641188765E+035
 0590  0.2214599804765012E+035
 0591  0.2214865915716382E+035
 0592  0.2215129989754436E+035
 0593  0.2215392042470476E+035
 0594  0.2215652089336460E+035
 0595  0.2215910145705920E+035
 0596  0.2216166226814865E+035
 0597  0.2216420347782681E+035
 0598  0.2216672523613026E+035
 0599  0.2216922769194714E+035
 0600  0.2217171099302593E+035
 0601  0.2217417528598422E+035
 0602  0.2217662071631730E+035
 0603  0.2217904742840681E+035
 0604  0.2218145556552922E+035
 0605  0.2218384526986430E+035
 0606  0.2218621668250357E+035
 0607  0.2218856994345853E+035
 0608  0.2219090519166899E+035
 0609  0.2219322256501129E+035
 0610  0.2219552220030638E+035
 0611  0.2219780423332795E+035
 0612  0.2220006879881043E+035
 0613  0.2220231603045694E+035
 0614  0.2220454606094715E+035
 0615  0.2220675902194520E+035
 0616  0.2220895504410741E+035
 0617  0.2221113425708999E+035
 0618  0.2221329678955673E+035
 0619  0.2221544276918657E+035
 0620  0.2221757232268115E+035
 0621  0.2221968557577228E+035
 0622  0.2222178265322939E+035
 0623  0.2222386367886686E+035
 0624  0.2222592877555135E+035
 0625  0.2222797806520908E+035
 0626  0.2223001166883296E+035
 0627  0.2223202970648979E+035
 0628  0.2223403229732735E+035
 0629  0.2223601955958139E+035
 0630  0.2223799161058267E+035
 0631  0.2223994856676382E+035
 0632  0.2224189054366629E+035
 0633  0.2224381765594711E+035
 0634  0.2224573001738567E+035
 0635  0.2224762774089049E+035
 0636  0.2224951093850580E+035
 0637  0.2225137972141824E+035
 0638  0.2225323419996334E+035
 0639  0.2225507448363213E+035
 0640  0.2225690068107753E+035
 0641  0.2225871290012079E+035
 0642  0.2226051124775786E+035
 0643  0.2226229583016569E+035
 0644  0.2226406675270853E+035
 0645  0.2226582411994413E+035
 0646  0.2226756803562990E+035
 0647  0.2226929860272906E+035
 0648  0.2227101592341673E+035
 0649  0.2227272009908591E+035
 0650  0.2227441123035352E+035
 0651  0.2227608941706632E+035
 0652  0.2227775475830679E+035
 0653  0.2227940735239903E+035
 0654  0.2228104729691448E+035
 0655  0.2228267468867777E+035
 0656  0.2228428962377240E+035
 0657  0.2228589219754637E+035
 0658  0.2228748250461790E+035
 0659  0.2228906063888093E+035
 0660  0.2229062669351073E+035
 0661  0.2229218076096935E+035
 0662  0.2229372293301109E+035
 0663  0.2229525330068798E+035
 0664  0.2229677195435504E+035
 0665  0.2229827898367571E+035
 0666  0.2229977447762713E+035
 0667  0.2230125852450533E+035
 0668  0.2230273121193053E+035
 0669  0.2230419262685225E+035
 0670  0.2230564285555447E+035
 0671  0.2230708198366072E+035
 0672  0.2230851009613914E+035
 0673  0.2230992727730750E+035
 0674  0.2231133361083814E+035
 0675  0.2231272917976297E+035
 0676  0.2231411406647833E+035
 0677  0.2231548835274987E+035
 0678  0.2231685211971736E+035
 0679  0.2231820544789954E+035
 0680  0.2231954841719877E+035
 0681  0.2232088110690585E+035
 0682  0.2232220359570465E+035
 0683  0.2232351596167674E+035
 0684  0.2232481828230607E+035
 0685  0.2232611063448345E+035
 0686  0.2232739309451116E+035
 0687  0.2232866573810745E+035
 0688  0.2232992864041097E+035
 0689  0.2233118187598524E+035
 0690  0.2233242551882304E+035
 0691  0.2233365964235078E+035
 0692  0.2233488431943284E+035
 0693  0.2233609962237588E+035
 0694  0.2233730562293308E+035
 0695  0.2233850239230839E+035
 0696  0.2233969000116076E+035
 0697  0.2234086851960828E+035
 0698  0.2234203801723232E+035
 0699  0.2234319856308165E+035
 0700  0.2234435022567654E+035
 0701  0.2234549307301275E+035
 0702  0.2234662717256557E+035
 0703  0.2234775259129386E+035
 0704  0.2234886939564388E+035
 0705  0.2234997765155335E+035
 0706  0.2235107742445524E+035
 0707  0.2235216877928166E+035
 0708  0.2235325178046775E+035
 0709  0.2235432649195542E+035
 0710  0.2235539297719712E+035
 0711  0.2235645129915964E+035
 0712  0.2235750152032779E+035
 0713  0.2235854370270809E+035
 0714  0.2235957790783246E+035
 0715  0.2236060419676181E+035
 0716  0.2236162263008966E+035
 0717  0.2236263326794577E+035
 0718  0.2236363616999958E+035
 0719  0.2236463139546385E+035
 0720  0.2236561900309808E+035
 0721  0.2236659905121201E+035
 0722  0.2236757159766904E+035
 0723  0.2236853669988968E+035
 0724  0.2236949441485492E+035
 0725  0.2237044479910959E+035
 0726  0.2237138790876570E+035
 0727  0.2237232379950576E+035
 0728  0.2237325252658609E+035
 0729  0.2237417414484001E+035
 0730  0.2237508870868117E+035
 0731  0.2237599627210669E+035
 0732  0.2237689688870038E+035
 0733  0.2237779061163592E+035
 0734  0.2237867749367995E+035
 0735  0.2237955758719523E+035
 0736  0.2238043094414371E+035
 0737  0.2238129761608960E+035
 0738  0.2238215765420244E+035
 0739  0.2238301110926007E+035
 0740  0.2238385803165168E+035
 0741  0.2238469847138075E+035
 0742  0.2238553247806802E+035
 0743  0.2238636010095439E+035
 0744  0.2238718138890391E+035
 0745  0.2238799639040655E+035
 0746  0.2238880515358114E+035
 0747  0.2238960772617817E+035
 0748  0.2239040415558269E+035
 0749  0.2239119448881697E+035
 0750  0.2239197877254341E+035
 0751  0.2239275705306721E+035
 0752  0.2239352937633915E+035
 0753  0.2239429578795826E+035
 0754  0.2239505633317457E+035
 0755  0.2239581105689173E+035
 0756  0.2239656000366968E+035
 0757  0.2239730321772728E+035
 0758  0.2239804074294495E+035
 0759  0.2239877262286719E+035
 0760  0.2239949890070522E+035
 0761  0.2240021961933950E+035
 0762  0.2240093482132227E+035
 0763  0.2240164454888005E+035
 0764  0.2240234884391614E+035
 0765  0.2240304774801313E+035
 0766  0.2240374130243528E+035
 0767  0.2240442954813100E+035
 0768  0.2240511252573530E+035
 0769  0.2240579027557213E+035
 0770  0.2240646283765679E+035
 0771  0.2240713025169827E+035
 0772  0.2240779255710164E+035
 0773  0.2240844979297035E+035
 0774  0.2240910199810850E+035
 0775  0.2240974921102322E+035
 0776  0.2241039146992684E+035
 0777  0.2241102881273924E+035
 0778  0.2241166127709003E+035
 0779  0.2241228890032078E+035
 0780  0.2241291171948726E+035
 0781  0.2241352977136157E+035
 0782  0.2241414309243437E+035
 0783  0.2241475171891699E+035
 0784  0.2241535568674358E+035
 0785  0.2241595503157326E+035
 0786  0.2241654978879218E+035
 0787  0.2241713999351563E+035
 0788  0.2241772568059014E+035
 0789  0.2241830688459548E+035
 0790  0.2241888363984675E+035
 0791  0.2241945598039639E+035
 0792  0.2242002394003619E+035
 0793  0.2242058755229928E+035
 0794  0.2242114685046212E+035
 0795  0.2242170186754644E+035
 0796  0.2242225263632125E+035
 0797  0.2242279918930468E+035
 0798  0.2242334155876600E+035
 0799  0.2242387977672747E+035
 0800  0.2242441387496622E+035
 0801  0.2242494388501615E+035
 0802  0.2242546983816980E+035
 0803  0.2242599176548019E+035
 0804  0.2242650969776264E+035
 0805  0.2242702366559658E+035
 0806  0.2242753369932740E+035
 0807  0.2242803982906820E+035
 0808  0.2242854208470159E+035
 0809  0.2242904049588146E+035
 0810  0.2242953509203468E+035
 0811  0.2243002590236291E+035
 0812  0.2243051295584428E+035
 0813  0.2243099628123510E+035
 0814  0.2243147590707160E+035
 0815  0.2243195186167153E+035
 0816  0.2243242417313593E+035
 0817  0.2243289286935073E+035
 0818  0.2243335797798841E+035
 0819  0.2243381952650964E+035
 0820  0.2243427754216487E+035
 0821  0.2243473205199602E+035
 0822  0.2243518308283796E+035
 0823  0.2243563066132018E+035
 0824  0.2243607481386835E+035
 0825  0.2243651556670586E+035
 0826  0.2243695294585537E+035
 0827  0.2243738697714035E+035
 0828  0.2243781768618663E+035
 0829  0.2243824509842386E+035
 0830  0.2243866923908706E+035
 0831  0.2243909013321809E+035
 0832  0.2243950780566714E+035
 0833  0.2243992228109416E+035
 0834  0.2244033358397036E+035
 0835  0.2244074173857964E+035
 0836  0.2244114676902002E+035
 0837  0.2244154869920506E+035
 0838  0.2244194755286530E+035
 0839  0.2244234335354959E+035
 0840  0.2244273612462657E+035
 0841  0.2244312588928599E+035
 0842  0.2244351267054011E+035
 0843  0.2244389649122502E+035
 0844  0.2244427737400205E+035
 0845  0.2244465534135904E+035
 0846  0.2244503041561170E+035
 0847  0.2244540261890497E+035
 0848  0.2244577197321423E+035
 0849  0.2244613850034669E+035
 0850  0.2244650222194260E+035
 0851  0.2244686315947661E+035
 0852  0.2244722133425898E+035
 0853  0.2244757676743684E+035
 0854  0.2244792947999546E+035
 0855  0.2244827949275950E+035
 0856  0.2244862682639418E+035
 0857  0.2244897150140659E+035
 0858  0.2244931353814681E+035
 0859  0.2244965295680916E+035
 0860  0.2244998977743341E+035
 0861  0.2245032401990591E+035
 0862  0.2245065570396080E+035
 0863  0.2245098484918118E+035
 0864  0.2245131147500025E+035
 0865  0.2245163560070244E+035
 0866  0.2245195724542459E+035
 0867  0.2245227642815705E+035
 0868  0.2245259316774482E+035
 0869  0.2245290748288866E+035
 0870  0.2245321939214616E+035
 0871  0.2245352891393288E+035
 0872  0.2245383606652342E+035
 0873  0.2245414086805251E+035
 0874  0.2245444333651605E+035
 0875  0.2245474348977220E+035
 0876  0.2245504134554243E+035
 0877  0.2245533692141256E+035
 0878  0.2245563023483380E+035
 0879  0.2245592130312380E+035
 0880  0.2245621014346762E+035
 0881  0.2245649677291880E+035
 0882  0.2245678120840036E+035
 0883  0.2245706346670575E+035
 0884  0.2245734356449991E+035
 0885  0.2245762151832020E+035
 0886  0.2245789734457739E+035
 0887  0.2245817105955667E+035
 0888  0.2245844267941855E+035
 0889  0.2245871222019984E+035
 0890  0.2245897969781460E+035
 0891  0.2245924512805509E+035
 0892  0.2245950852659269E+035
 0893  0.2245976990897880E+035
 0894  0.2246002929064581E+035
 0895  0.2246028668690799E+035
 0896  0.2246054211296236E+035
 0897  0.2246079558388964E+035
 0898  0.2246104711465510E+035
 0899  0.2246129672010947E+035
 0900  0.2246154441498980E+035
 0901  0.2246179021392037E+035
 0902  0.2246203413141345E+035
 0903  0.2246227618187031E+035
 0904  0.2246251637958192E+035
 0905  0.2246275473872990E+035
 0906  0.2246299127338731E+035
 0907  0.2246322599751949E+035
 0908  0.2246345892498486E+035
 0909  0.2246369006953580E+035
 0910  0.2246391944481941E+035
 0911  0.2246414706437833E+035
 0912  0.2246437294165152E+035
 0913  0.2246459708997511E+035
 0914  0.2246481952258311E+035
 0915  0.2246504025260828E+035
 0916  0.2246525929308280E+035
 0917  0.2246547665693915E+035
 0918  0.2246569235701078E+035
 0919  0.2246590640603293E+035
 0920  0.2246611881664335E+035
 0921  0.2246632960138306E+035
 0922  0.2246653877269711E+035
 0923  0.2246674634293522E+035
 0924  0.2246695232435267E+035
 0925  0.2246715672911087E+035
 0926  0.2246735956927816E+035
 0927  0.2246756085683052E+035
 0928  0.2246776060365225E+035
 0929  0.2246795882153667E+035
 0930  0.2246815552218685E+035
 0931  0.2246835071721626E+035
 0932  0.2246854441814950E+035
 0933  0.2246873663642294E+035
 0934  0.2246892738338541E+035
 0935  0.2246911667029889E+035
 0936  0.2246930450833913E+035
 0937  0.2246949090859637E+035
 0938  0.2246967588207592E+035
 0939  0.2246985943969888E+035
 0940  0.2247004159230276E+035
 0941  0.2247022235064210E+035
 0942  0.2247040172538911E+035
 0943  0.2247057972713435E+035
 0944  0.2247075636638727E+035
 0945  0.2247093165357691E+035
 0946  0.2247110559905246E+035
 0947  0.2247127821308392E+035
 0948  0.2247144950586267E+035
 0949  0.2247161948750205E+035
 0950  0.2247178816803802E+035
 0951  0.2247195555742973E+035
 0952  0.2247212166556008E+035
 0953  0.2247228650223631E+035
 0954  0.2247245007719063E+035
 0955  0.2247261240008072E+035
 0956  0.2247277348049036E+035
 0957  0.2247293332792995E+035
 0958  0.2247309195183711E+035
 0959  0.2247324936157723E+035
 0960  0.2247340556644398E+035
 0961  0.2247356057565993E+035
 0962  0.2247371439837704E+035
 0963  0.2247386704367722E+035
 0964  0.2247401852057285E+035
 0965  0.2247416883800735E+035
 0966  0.2247431800485567E+035
 0967  0.2247446602992482E+035
 0968  0.2247461292195441E+035
 0969  0.2247475868961716E+035
 0970  0.2247490334151939E+035
 0971  0.2247504688620155E+035
 0972  0.2247518933213873E+035
 0973  0.2247533068774112E+035
 0974  0.2247547096135456E+035
 0975  0.2247561016126100E+035
 0976  0.2247574829567900E+035
 0977  0.2247588537276421E+035
 0978  0.2247602140060985E+035
 0979  0.2247615638724719E+035
 0980  0.2247629034064604E+035
 0981  0.2247642326871520E+035
 0982  0.2247655517930291E+035
 0983  0.2247668608019736E+035
 0984  0.2247681597912713E+035
 0985  0.2247694488376164E+035
 0986  0.2247707280171159E+035
 0987  0.2247719974052944E+035
 0988  0.2247732570770982E+035
 0989  0.2247745071069003E+035
 0990  0.2247757475685041E+035
 0991  0.2247769785351482E+035
 0992  0.2247782000795106E+035
 0993  0.2247794122737131E+035
 0994  0.2247806151893251E+035
 0995  0.2247818088973685E+035
 0996  0.2247829934683216E+035
 0997  0.2247841689721231E+035
 0998  0.2247853354781764E+035
 0999  0.2247864930553535E+035
 1000  0.2247876417719995E+035
