 0001  0.9978077397188824E+000
 0002  0.9978077397188824E+000
 0003  0.9978241509884548E+000
 0004  0.9978241509884548E+000
 0005  0.9978241509884548E+000
 0006  0.9978404293062823E+000
 0007  0.9978404293062823E+000
 0008  0.9978583738569268E+000
 0009  0.9978583738569268E+000
 0010  0.9978779934518865E+000
 0011  0.9978779934518865E+000
 0012  0.9978779934518865E+000
 0013  0.9978975062498479E+000
 0014  0.9978975062498479E+000
 0015  0.9979188659302599E+000
 0016  0.9979188659302599E+000
 0017  0.9979419239333761E+000
 0018  0.9979419239333761E+000
 0019  0.9979644464860825E+000
 0020  0.9979644464860825E+000
 0021  0.9979888430700661E+000
 0022  0.9979888430700661E+000
 0023  0.9980151164000854E+000
 0024  0.9980151164000854E+000
 0025  0.9980407796137274E+000
 0026  0.9980407796137274E+000
 0027  0.9980683511330247E+000
 0028  0.9980683511330247E+000
 0029  0.9980978496108546E+000
 0030  0.9980978496108546E+000
 0031  0.9981266630782798E+000
 0032  0.9981266630782798E+000
 0033  0.9981576403202531E+000
 0034  0.9981897852929983E+000
 0035  0.9981897852929983E+000
 0036  0.9982211837987253E+000
 0037  0.9982211837987253E+000
 0038  0.9982549042237818E+000
 0039  0.9982549042237818E+000
 0040  0.9982907506105593E+000
 0041  0.9983262734756007E+000
 0042  0.9983262734756007E+000
 0043  0.9983609714325808E+000
 0044  0.9983609714325808E+000
 0045  0.9983941470595774E+000
 0046  0.9984196328468961E+000
 0047  0.9984196328468961E+000
 0048  0.9984391452118937E+000
 0049  0.9984573992232086E+000
 0050  0.9984573992232086E+000
 0051  0.9983961863098527E+000
 0052  0.9982016285449142E+000
 0053  0.9982016285449142E+000
 0054  0.9980115887789744E+000
 0055  0.9975540036139137E+000
 0056  0.9975540036139137E+000
 0057  0.9966403853744585E+000
 0058  0.9953719222617807E+000
 0059  0.9953719222617807E+000
 0060  0.9934569131075877E+000
 0061  0.9916916215326934E+000
 0062  0.9890848650448625E+000
 0063  0.9890848650448625E+000
 0064  0.9852543068196418E+000
 0065  0.9802308524137036E+000
 0066  0.9756235526382978E+000
 0067  0.9756235526382978E+000
 0068  0.9691416639123912E+000
 0069  0.9614698334049823E+000
 0070  0.9614698334049823E+000
 0071  0.9518192448620570E+000
 0072  0.9407062104543051E+000
 0073  0.9306435556672231E+000
 0074  0.9187467733774560E+000
 0075  0.9187467733774560E+000
 0076  0.9040248414743832E+000
 0077  0.8876531701476680E+000
 0078  0.8697889860504993E+000
 0079  0.8697889860504993E+000
 0080  0.8489221761683590E+000
 0081  0.8303694864456737E+000
 0082  0.8101264945913176E+000
 0083  0.7885084522106461E+000
 0084  0.7885084522106461E+000
 0085  0.7636435810576965E+000
 0086  0.7382902094108150E+000
 0087  0.7127131657410595E+000
 0088  0.6871245355104936E+000
 0089  0.6616938089509898E+000
 0090  0.6616938089509898E+000
 0091  0.6337329337046100E+000
 0092  0.6065986253392733E+000
 0093  0.5808544957843156E+000
 0094  0.5565025217193542E+000
 0095  0.5333548756329840E+000
 0096  0.5112680888648136E+000
 0097  0.4901304048138729E+000
 0098  0.4698529384689275E+000
 0099  0.4503634189535928E+000
 0100  0.4316017087806343E+000
 0101  0.4135721852985115E+000
 0102  0.3962281801809382E+000
 0103  0.3796103722770114E+000
 0104  0.3637444716741778E+000
 0105  0.3486438553250497E+000
 0106  0.3343118111704315E+000
 0107  0.3207434456179776E+000
 0108  0.3079273016543149E+000
 0109  0.2951768910906528E+000
 0110  0.2833550360725958E+000
 0111  0.2723926422950224E+000
 0112  0.2622264421680218E+000
 0113  0.2527983665439367E+000
 0114  0.2440550021586683E+000
 0115  0.2359471217418481E+000
 0116  0.2222301043155768E+000
 0117  0.2164043984087993E+000
 0118  0.2109264461994038E+000
 0119  0.2057815447800706E+000
 0120  0.2009547528553395E+000
 0121  0.1964310592589407E+000
 0122  0.1921955224540409E+000
 0123  0.1880828524767196E+000
 0124  0.1842733548928458E+000
 0125  0.1807443315160063E+000
 0126  0.1774748702618428E+000
 0127  0.1744432335675881E+000
 0128  0.1716325789341407E+000
 0129  0.1690271834207565E+000
 0130  0.1666124032902657E+000
 0131  0.1625156885517726E+000
 0132  0.1607727478510147E+000
 0133  0.1591394584441930E+000
 0134  0.1576097354760143E+000
 0135  0.1561359295929424E+000
 0136  0.1547654855373505E+000
 0137  0.1534904274008599E+000
 0138  0.1523041792549440E+000
 0139  0.1512006128953800E+000
 0140  0.1501740178661727E+000
 0141  0.1492190734437359E+000
 0142  0.1483308224575752E+000
 0143  0.1475046468311433E+000
 0144  0.1460891007137352E+000
 0145  0.1454813633930419E+000
 0146  0.1448970775843142E+000
 0147  0.1443510668669458E+000
 0148  0.1438408342817957E+000
 0149  0.1433640449604465E+000
 0150  0.1429185156656375E+000
 0151  0.1425022050016659E+000
 0152  0.1421132042522320E+000
 0153  0.1417497280679904E+000
 0154  0.1414101074597349E+000
 0155  0.1410927822265136E+000
 0156  0.1405380288169162E+000
 0157  0.1402956790219434E+000
 0158  0.1400681893794390E+000
 0159  0.1398546503142540E+000
 0160  0.1396542078566156E+000
 0161  0.1394660602396082E+000
 0162  0.1392894508012403E+000
 0163  0.1391235961484957E+000
 0164  0.1389678127108280E+000
 0165  0.1388209263462807E+000
 0166  0.1386754837160774E+000
 0167  0.1384034750741133E+000
 0168  0.1382696081962340E+000
 0169  0.1381207443014801E+000
 0170  0.1379513325398574E+000
 0171  0.1377558909377945E+000
 0172  0.1375291376270484E+000
 0173  0.1372660930352064E+000
 0174  0.1368995221766454E+000
 0175  0.1364896111112349E+000
 0176  0.1360213208291534E+000
 0177  0.1349494957091156E+000
 0178  0.1343464074640465E+000
 0179  0.1336841306242492E+000
 0180  0.1329624560816798E+000
 0181  0.1320685837440244E+000
 0182  0.1311203592619941E+000
 0183  0.1301197037522261E+000
 0184  0.1290683936662487E+000
 0185  0.1279683852329745E+000
 0186  0.1257145652458895E+000
 0187  0.1245562377489764E+000
 0188  0.1232378051215058E+000
 0189  0.1218902329880055E+000
 0190  0.1205157256667683E+000
 0191  0.1191164864746197E+000
 0192  0.1176947077704219E+000
 0193  0.1162474179892535E+000
 0194  0.1132898025969690E+000
 0195  0.1117934300531719E+000
 0196  0.1102901959998079E+000
 0197  0.1087782058788077E+000
 0198  0.1072596686516063E+000
 0199  0.1057366230547905E+000
 0200  0.1042110016939513E+000
 0201  0.1026006330586909E+000
 0202  0.9950949887172467E-001
 0203  0.9802462162021930E-001
 0204  0.9654658146227990E-001
 0205  0.9507651475346734E-001
 0206  0.9361548784647467E-001
 0207  0.9209553593157083E-001
 0208  0.9059394000955290E-001
 0209  0.8773404905529103E-001
 0210  0.8636938312768505E-001
 0211  0.8501786470124428E-001
 0212  0.8362797990782289E-001
 0213  0.8225928310753072E-001
 0214  0.8091074715707658E-001
 0215  0.7958255297616990E-001
 0216  0.7706024014658008E-001
 0217  0.7582030853764787E-001
 0218  0.7460093005778579E-001
 0219  0.7340205690776325E-001
 0220  0.7222362348104960E-001
 0221  0.7106489774019065E-001
 0222  0.6992588134392830E-001
 0223  0.6770438325972394E-001
 0224  0.6665463361138302E-001
 0225  0.6562356508128320E-001
 0226  0.6461105476397189E-001
 0227  0.6358995700324643E-001
 0228  0.6258991409007553E-001
 0229  0.6070087674181512E-001
 0230  0.5980768360240607E-001
 0231  0.5890945153937166E-001
 0232  0.5802987138166515E-001
 0233  0.5716835175399337E-001
 0234  0.5632459852463756E-001
 0235  0.5471175913430715E-001
 0236  0.5394126851135528E-001
 0237  0.5318656897792318E-001
 0238  0.5244738463820930E-001
 0239  0.5170839408737038E-001
 0240  0.5098581712810690E-001
 0241  0.4962070771576033E-001
 0242  0.4897549477232077E-001
 0243  0.4833109265988111E-001
 0244  0.4770060984429414E-001
 0245  0.4708375613393345E-001
 0246  0.4590637683142773E-001
 0247  0.4534462898457559E-001
 0248  0.4479465867609222E-001
 0249  0.4425623087172914E-001
 0250  0.4372030898632318E-001
 0251  0.4270619194642067E-001
 0252  0.4222609345756823E-001
 0253  0.4174844972344716E-001
 0254  0.4128103365723823E-001
 0255  0.4082362405798967E-001
 0256  0.3995016838936094E-001
 0257  0.3953319607429984E-001
 0258  0.3912485439071633E-001
 0259  0.3872492520615822E-001
 0260  0.3795515554350148E-001
 0261  0.3758993661610310E-001
 0262  0.3722733362867758E-001
 0263  0.3687228336770321E-001
 0264  0.3652459561732313E-001
 0265  0.3585591679098876E-001
 0266  0.3553842961896403E-001
 0267  0.3522729783581313E-001
 0268  0.3491879090006389E-001
 0269  0.3433209925611436E-001
 0270  0.3404989832008376E-001
 0271  0.3377333403214611E-001
 0272  0.3350227391684502E-001
 0273  0.3298049751543197E-001
 0274  0.3273211750753047E-001
 0275  0.3248600926376533E-001
 0276  0.3224476443811197E-001
 0277  0.3178260223187723E-001
 0278  0.3156124251396353E-001
 0279  0.3134409651098791E-001
 0280  0.3112906930903070E-001
 0281  0.3071692680966709E-001
 0282  0.3051942321868528E-001
 0283  0.3032563064190896E-001
 0284  0.3013381277523419E-001
 0285  0.2976742605296423E-001
 0286  0.2959094008663521E-001
 0287  0.2941772009150712E-001
 0288  0.2908374283435877E-001
 0289  0.2892407166872213E-001
 0290  0.2876602086329094E-001
 0291  0.2846230714654563E-001
 0292  0.2831638729915531E-001
 0293  0.2817198537015486E-001
 0294  0.2803016054438479E-001
 0295  0.2775743855697832E-001
 0296  0.2762631598012433E-001
 0297  0.2749656736775685E-001
 0298  0.2724690265357288E-001
 0299  0.2712678718475536E-001
 0300  0.2700794265414863E-001
 0301  0.2677909910517606E-001
 0302  0.2666892423484202E-001
 0303  0.2655991831209759E-001
 0304  0.2634987330263294E-001
 0305  0.2624867895051231E-001
 0306  0.2614855806180671E-001
 0307  0.2595550074076536E-001
 0308  0.2586242616668810E-001
 0309  0.2577033469247370E-001
 0310  0.2559263520191823E-001
 0311  0.2550646422284764E-001
 0312  0.2534008311461367E-001
 0313  0.2525976303054778E-001
 0314  0.2518028231940361E-001
 0315  0.2502635564643019E-001
 0316  0.2495183910872989E-001
 0317  0.2487844820638674E-001
 0318  0.2473592465779317E-001
 0319  0.2466704888223614E-001
 0320  0.2453323800997309E-001
 0321  0.2446853188035336E-001
 0322  0.2440449711277226E-001
 0323  0.2428031755932569E-001
 0324  0.2422011853913475E-001
 0325  0.2410309902108887E-001
 0326  0.2404645352017487E-001
 0327  0.2393629188838686E-001
 0328  0.2388274370148213E-001
 0329  0.2382993315572757E-001
 0330  0.2372720783811932E-001
 0331  0.2367726243827639E-001
 0332  0.2358009180410126E-001
 0333  0.2353298553990513E-001
 0334  0.2344129511855086E-001
 0335  0.2339668388096217E-001
 0336  0.2330983006966247E-001
 0337  0.2326756161072840E-001
 0338  0.2318524797476573E-001
 0339  0.2314517825633255E-001
 0340  0.2306712737612515E-001
 0341  0.2302912421512093E-001
 0342  0.2295508248956735E-001
 0343  0.2291902292543824E-001
 0344  0.2284875092870298E-001
 0345  0.2281451856174477E-001
 0346  0.2274779008947803E-001
 0347  0.2271520624918288E-001
 0348  0.2265168293394537E-001
 0349  0.2262072529466852E-001
 0350  0.2256023991317690E-001
 0351  0.2250211581354111E-001
 0352  0.2247374914663591E-001
 0353  0.2241835903320277E-001
 0354  0.2239132248420472E-001
 0355  0.2233847852945992E-001
 0356  0.2228760314782852E-001
 0357  0.2226274250091365E-001
 0358  0.2221417291733929E-001
 0359  0.2219041976158909E-001
 0360  0.2214400775104153E-001
 0361  0.2209922761901462E-001
 0362  0.2207732356055758E-001
 0363  0.2203448347200943E-001
 0364  0.2199313307788830E-001
 0365  0.2197289102314337E-001
 0366  0.2193327025915781E-001
 0367  0.2189499260700589E-001
 0368  0.2187625225998868E-001
 0369  0.2183954659636778E-001
 0370  0.2180405702486132E-001
 0371  0.2176970856666482E-001
 0372  0.2175288753863247E-001
 0373  0.2171989667817409E-001
 0374  0.2168795169516302E-001
 0375  0.2165701571133194E-001
 0376  0.2164184830089066E-001
 0377  0.2161208396082193E-001
 0378  0.2158323443483234E-001
 0379  0.2155525650233658E-001
 0380  0.2152811769404583E-001
 0381  0.2150178239135747E-001
 0382  0.2148885065942763E-001
 0383  0.2146345215223411E-001
 0384  0.2143879136822646E-001
 0385  0.2141483759595486E-001
 0386  0.2139156245084961E-001
 0387  0.2136893833200193E-001
 0388  0.2134694253505476E-001
 0389  0.2132554943717557E-001
 0390  0.2130473604667149E-001
 0391  0.2128448492155777E-001
 0392  0.2126483436158610E-001
 0393  0.2124577667759209E-001
 0394  0.2122728754925240E-001
 0395  0.2120934391215223E-001
 0396  0.2119192388004976E-001
 0397  0.2117500667272687E-001
 0398  0.2115857254896869E-001
 0399  0.2114260274426116E-001
 0400  0.2112707941282554E-001
 0401  0.2111198557365102E-001
 0402  0.2109730506020902E-001
 0403  0.2107609950596745E-001
 0404  0.2106248113355025E-001
 0405  0.2104922099614515E-001
 0406  0.2103630627247288E-001
 0407  0.2101761823491088E-001
 0408  0.2100559575595573E-001
 0409  0.2099387471866354E-001
 0410  0.2097689197969044E-001
 0411  0.2096595266052548E-001
 0412  0.2095527774104478E-001
 0413  0.2093979215531061E-001
 0414  0.2092980546031464E-001
 0415  0.2091530602800418E-001
 0416  0.2090594756206443E-001
 0417  0.2089234938906337E-001
 0418  0.2088356574479455E-001
 0419  0.2087079314641638E-001
 0420  0.2086253663996118E-001
 0421  0.2085052194659420E-001
 0422  0.2083896063798218E-001
 0423  0.2083147848794309E-001
 0424  0.2082057844011709E-001
 0425  0.2081007540606028E-001
 0426  0.2079994971586485E-001
 0427  0.2079018294780755E-001
 0428  0.2078075783223321E-001
 0429  0.2077464453910949E-001
 0430  0.2076571938705962E-001
 0431  0.2075430841640391E-001
 0432  0.2074609807928784E-001
 0433  0.2073815749846109E-001
 0434  0.2073047472726064E-001
 0435  0.2072303849731172E-001
 0436  0.2071350587655973E-001
 0437  0.2070662934045409E-001
 0438  0.2069996495648696E-001
 0439  0.2069140911490186E-001
 0440  0.2068522830332264E-001
 0441  0.2067728555711756E-001
 0442  0.2066967818186005E-001
 0443  0.2066238747231119E-001
 0444  0.2065711005078430E-001
 0445  0.2065031516651628E-001
 0446  0.2064221352330087E-001
 0447  0.2063602778679141E-001
 0448  0.2063008305350622E-001
 0449  0.2062436710583293E-001
 0450  0.2061753483233730E-001
 0451  0.2061230569739025E-001
 0452  0.2060604786741693E-001
 0453  0.2060008855425277E-001
 0454  0.2059440961289749E-001
 0455  0.2058899429720384E-001
 0456  0.2058282787804999E-001
 0457  0.2057794872850727E-001
 0458  0.2057238477565193E-001
 0459  0.2056712256225157E-001
 0460  0.2056214183326821E-001
 0461  0.2055666612542295E-001
 0462  0.2055152888651901E-001
 0463  0.2054670470224362E-001
 0464  0.2054217052525831E-001
 0465  0.2053731990327212E-001
 0466  0.2053279784421325E-001
 0467  0.2052807304210702E-001
 0468  0.2052370162374850E-001
 0469  0.2051922364754166E-001
 0470  0.2051471922879256E-001
 0471  0.2051026083103225E-001
 0472  0.2050622858844420E-001
 0473  0.2050200489020093E-001
 0474  0.2049798924821145E-001
 0475  0.2049377849360490E-001
 0476  0.2048995370987583E-001
 0477  0.2048588878002555E-001
 0478  0.2048203528005155E-001
 0479  0.2047827941237923E-001
 0480  0.2047507946583571E-001
 0481  0.2047507946583571E-001
 0482  0.2047507946583571E-001
 0483  0.2047507946583571E-001
 0484  0.2047507946583571E-001
 0485  0.2047507946583571E-001
 0486  0.2047507946583571E-001
 0487  0.2047507946583571E-001
 0488  0.2047507946583571E-001
 0489  0.2047507946583571E-001
 0490  0.2047507946583571E-001
 0491  0.2047507946583571E-001
 0492  0.2047507946583571E-001
 0493  0.2047507946583571E-001
 0494  0.2047507946583571E-001
 0495  0.2047507946583571E-001
 0496  0.2047507946583571E-001
 0497  0.2047507946583571E-001
 0498  0.2047507946583571E-001
 0499  0.2047507946583571E-001
 0500  0.2047507946583571E-001
 0501  0.2047507946583571E-001
 0502  0.2047507946583571E-001
 0503  0.2047507946583571E-001
 0504  0.2047507946583571E-001
 0505  0.2047507946583571E-001
 0506  0.2047507946583571E-001
 0507  0.2047507946583571E-001
 0508  0.2047507946583571E-001
 0509  0.2047507946583571E-001
 0510  0.2047507946583571E-001
 0511  0.2047507946583571E-001
 0512  0.2047507946583571E-001
 0513  0.2047507946583571E-001
 0514  0.2047507946583571E-001
 0515  0.2047507946583571E-001
 0516  0.2047507946583571E-001
 0517  0.2047507946583571E-001
 0518  0.2047507946583571E-001
 0519  0.2047507946583571E-001
 0520  0.2047507946583571E-001
 0521  0.2047507946583571E-001
 0522  0.2047507946583571E-001
 0523  0.2047507946583571E-001
 0524  0.2047507946583571E-001
 0525  0.2047507946583571E-001
 0526  0.2047507946583571E-001
 0527  0.2047507946583571E-001
 0528  0.2047507946583571E-001
 0529  0.2047507946583571E-001
 0530  0.2047507946583571E-001
 0531  0.2047507946583571E-001
 0532  0.2047507946583571E-001
 0533  0.2047507946583571E-001
 0534  0.2047507946583571E-001
 0535  0.2047507946583571E-001
 0536  0.2047507946583571E-001
 0537  0.2047507946583571E-001
 0538  0.2047507946583571E-001
 0539  0.2047507946583571E-001
 0540  0.2047507946583571E-001
 0541  0.2047507946583571E-001
 0542  0.2047507946583571E-001
 0543  0.2047507946583571E-001
 0544  0.2047507946583571E-001
 0545  0.2047507946583571E-001
 0546  0.2047507946583571E-001
 0547  0.2047507946583571E-001
 0548  0.2047507946583571E-001
 0549  0.2047507946583571E-001
 0550  0.2047507946583571E-001
 0551  0.2047507946583571E-001
 0552  0.2047507946583571E-001
 0553  0.2047507946583571E-001
 0554  0.2047507946583571E-001
 0555  0.2047507946583571E-001
 0556  0.2047507946583571E-001
 0557  0.2047507946583571E-001
 0558  0.2047507946583571E-001
 0559  0.2047507946583571E-001
 0560  0.2047507946583571E-001
 0561  0.2047507946583571E-001
 0562  0.2047507946583571E-001
 0563  0.2047507946583571E-001
 0564  0.2047507946583571E-001
 0565  0.2047507946583571E-001
 0566  0.2047507946583571E-001
 0567  0.2047507946583571E-001
 0568  0.2047507946583571E-001
 0569  0.2047507946583571E-001
 0570  0.2047507946583571E-001
 0571  0.2047507946583571E-001
 0572  0.2047507946583571E-001
 0573  0.2047507946583571E-001
 0574  0.2047507946583571E-001
 0575  0.2047507946583571E-001
 0576  0.2047507946583571E-001
 0577  0.2047507946583571E-001
 0578  0.2047507946583571E-001
 0579  0.2047507946583571E-001
 0580  0.2047507946583571E-001
 0581  0.2047507946583571E-001
 0582  0.2047507946583571E-001
 0583  0.2047507946583571E-001
 0584  0.2047507946583571E-001
 0585  0.2047507946583571E-001
 0586  0.2047507946583571E-001
 0587  0.2047507946583571E-001
 0588  0.2047507946583571E-001
 0589  0.2047507946583571E-001
 0590  0.2047507946583571E-001
 0591  0.2047507946583571E-001
 0592  0.2047507946583571E-001
 0593  0.2047507946583571E-001
 0594  0.2047507946583571E-001
 0595  0.2047507946583571E-001
 0596  0.2047507946583571E-001
 0597  0.2047507946583571E-001
 0598  0.2047507946583571E-001
 0599  0.2047507946583571E-001
 0600  0.2047507946583571E-001
 0601  0.2047507946583571E-001
 0602  0.2047507946583571E-001
 0603  0.2047507946583571E-001
 0604  0.2047507946583571E-001
 0605  0.2047507946583571E-001
 0606  0.2047507946583571E-001
 0607  0.2047507946583571E-001
 0608  0.2047507946583571E-001
 0609  0.2047507946583571E-001
 0610  0.2047507946583571E-001
 0611  0.2047507946583571E-001
 0612  0.2047507946583571E-001
 0613  0.2047507946583571E-001
 0614  0.2047507946583571E-001
 0615  0.2047507946583571E-001
 0616  0.2047507946583571E-001
 0617  0.2047507946583571E-001
 0618  0.2047507946583571E-001
 0619  0.2047507946583571E-001
 0620  0.2047507946583571E-001
 0621  0.2047507946583571E-001
 0622  0.2047507946583571E-001
 0623  0.2047507946583571E-001
 0624  0.2047507946583571E-001
 0625  0.2047507946583571E-001
 0626  0.2047507946583571E-001
 0627  0.2047507946583571E-001
 0628  0.2047507946583571E-001
 0629  0.2047507946583571E-001
 0630  0.2047507946583571E-001
 0631  0.2047507946583571E-001
 0632  0.2047507946583571E-001
 0633  0.2047507946583571E-001
 0634  0.2047507946583571E-001
 0635  0.2047507946583571E-001
 0636  0.2047507946583571E-001
 0637  0.2047507946583571E-001
 0638  0.2047507946583571E-001
 0639  0.2047507946583571E-001
 0640  0.2047507946583571E-001
 0641  0.2047507946583571E-001
 0642  0.2047507946583571E-001
 0643  0.2047507946583571E-001
 0644  0.2047507946583571E-001
 0645  0.2047507946583571E-001
 0646  0.2047507946583571E-001
 0647  0.2047507946583571E-001
 0648  0.2047507946583571E-001
 0649  0.2047507946583571E-001
 0650  0.2047507946583571E-001
 0651  0.2047507946583571E-001
 0652  0.2047507946583571E-001
 0653  0.2047507946583571E-001
 0654  0.2047507946583571E-001
 0655  0.2047507946583571E-001
 0656  0.2047507946583571E-001
 0657  0.2047507946583571E-001
 0658  0.2047507946583571E-001
 0659  0.2047507946583571E-001
 0660  0.2047507946583571E-001
 0661  0.2047507946583571E-001
 0662  0.2047507946583571E-001
 0663  0.2047507946583571E-001
 0664  0.2047507946583571E-001
 0665  0.2047507946583571E-001
 0666  0.2047507946583571E-001
 0667  0.2047507946583571E-001
 0668  0.2047507946583571E-001
 0669  0.2047507946583571E-001
 0670  0.2047507946583571E-001
 0671  0.2047507946583571E-001
 0672  0.2047507946583571E-001
 0673  0.2047507946583571E-001
 0674  0.2047507946583571E-001
 0675  0.2047507946583571E-001
 0676  0.2047507946583571E-001
 0677  0.2047507946583571E-001
 0678  0.2047507946583571E-001
 0679  0.2047507946583571E-001
 0680  0.2047507946583571E-001
 0681  0.2047507946583571E-001
 0682  0.2047507946583571E-001
 0683  0.2047507946583571E-001
 0684  0.2047507946583571E-001
 0685  0.2047507946583571E-001
 0686  0.2047507946583571E-001
 0687  0.2047507946583571E-001
 0688  0.2047507946583571E-001
 0689  0.2047507946583571E-001
 0690  0.2047507946583571E-001
 0691  0.2047507946583571E-001
 0692  0.2047507946583571E-001
 0693  0.2047507946583571E-001
 0694  0.2047507946583571E-001
 0695  0.2047507946583571E-001
 0696  0.2047507946583571E-001
 0697  0.2047507946583571E-001
 0698  0.2047507946583571E-001
 0699  0.2047507946583571E-001
 0700  0.2047507946583571E-001
 0701  0.2047507946583571E-001
 0702  0.2047507946583571E-001
 0703  0.2047507946583571E-001
 0704  0.2047507946583571E-001
 0705  0.2047507946583571E-001
 0706  0.2047507946583571E-001
 0707  0.2047507946583571E-001
 0708  0.2047507946583571E-001
 0709  0.2047507946583571E-001
 0710  0.2047507946583571E-001
 0711  0.2047507946583571E-001
 0712  0.2047507946583571E-001
 0713  0.2047507946583571E-001
 0714  0.2047507946583571E-001
 0715  0.2047507946583571E-001
 0716  0.2047507946583571E-001
 0717  0.2047507946583571E-001
 0718  0.2047507946583571E-001
 0719  0.2047507946583571E-001
 0720  0.2047507946583571E-001
 0721  0.2047507946583571E-001
 0722  0.2047507946583571E-001
 0723  0.2047507946583571E-001
 0724  0.2047507946583571E-001
 0725  0.2047507946583571E-001
 0726  0.2047507946583571E-001
 0727  0.2047507946583571E-001
 0728  0.2047507946583571E-001
 0729  0.2047507946583571E-001
 0730  0.2047507946583571E-001
 0731  0.2047507946583571E-001
 0732  0.2047507946583571E-001
 0733  0.2047507946583571E-001
 0734  0.2047507946583571E-001
 0735  0.2047507946583571E-001
 0736  0.2047507946583571E-001
 0737  0.2047507946583571E-001
 0738  0.2047507946583571E-001
 0739  0.2047507946583571E-001
 0740  0.2047507946583571E-001
 0741  0.2047507946583571E-001
 0742  0.2047507946583571E-001
 0743  0.2047507946583571E-001
 0744  0.2047507946583571E-001
 0745  0.2047507946583571E-001
 0746  0.2047507946583571E-001
 0747  0.2047507946583571E-001
 0748  0.2047507946583571E-001
 0749  0.2047507946583571E-001
 0750  0.2047507946583571E-001
 0751  0.2047507946583571E-001
 0752  0.2047507946583571E-001
 0753  0.2047507946583571E-001
 0754  0.2047507946583571E-001
 0755  0.2047507946583571E-001
 0756  0.2047507946583571E-001
 0757  0.2047507946583571E-001
 0758  0.2047507946583571E-001
 0759  0.2047507946583571E-001
 0760  0.2047507946583571E-001
 0761  0.2047507946583571E-001
 0762  0.2047507946583571E-001
 0763  0.2047507946583571E-001
 0764  0.2047507946583571E-001
 0765  0.2047507946583571E-001
 0766  0.2047507946583571E-001
 0767  0.2047507946583571E-001
 0768  0.2047507946583571E-001
 0769  0.2047507946583571E-001
 0770  0.2047507946583571E-001
 0771  0.2047507946583571E-001
 0772  0.2047507946583571E-001
 0773  0.2047507946583571E-001
 0774  0.2047507946583571E-001
 0775  0.2047507946583571E-001
 0776  0.2047507946583571E-001
 0777  0.2047507946583571E-001
 0778  0.2047507946583571E-001
 0779  0.2047507946583571E-001
 0780  0.2047507946583571E-001
 0781  0.2047507946583571E-001
 0782  0.2047507946583571E-001
 0783  0.2047507946583571E-001
 0784  0.2047507946583571E-001
 0785  0.2047507946583571E-001
 0786  0.2047507946583571E-001
 0787  0.2047507946583571E-001
 0788  0.2047507946583571E-001
 0789  0.2047507946583571E-001
 0790  0.2047507946583571E-001
 0791  0.2047507946583571E-001
 0792  0.2047507946583571E-001
 0793  0.2047507946583571E-001
 0794  0.2047507946583571E-001
 0795  0.2047507946583571E-001
 0796  0.2047507946583571E-001
 0797  0.2047507946583571E-001
 0798  0.2047507946583571E-001
 0799  0.2047507946583571E-001
 0800  0.2047507946583571E-001
 0801  0.2047507946583571E-001
 0802  0.2047507946583571E-001
 0803  0.2047507946583571E-001
 0804  0.2047507946583571E-001
 0805  0.2047507946583571E-001
 0806  0.2047507946583571E-001
 0807  0.2047507946583571E-001
 0808  0.2047507946583571E-001
 0809  0.2047507946583571E-001
 0810  0.2047507946583571E-001
 0811  0.2047507946583571E-001
 0812  0.2047507946583571E-001
 0813  0.2047507946583571E-001
 0814  0.2047507946583571E-001
 0815  0.2047507946583571E-001
 0816  0.2047507946583571E-001
 0817  0.2047507946583571E-001
 0818  0.2047507946583571E-001
 0819  0.2047507946583571E-001
 0820  0.2047507946583571E-001
 0821  0.2047507946583571E-001
 0822  0.2047507946583571E-001
 0823  0.2047507946583571E-001
 0824  0.2047507946583571E-001
 0825  0.2047507946583571E-001
 0826  0.2047507946583571E-001
 0827  0.2047507946583571E-001
 0828  0.2047507946583571E-001
 0829  0.2047507946583571E-001
 0830  0.2047507946583571E-001
 0831  0.2047507946583571E-001
 0832  0.2047507946583571E-001
 0833  0.2047507946583571E-001
 0834  0.2047507946583571E-001
 0835  0.2047507946583571E-001
 0836  0.2047507946583571E-001
 0837  0.2047507946583571E-001
 0838  0.2047507946583571E-001
 0839  0.2047507946583571E-001
 0840  0.2047507946583571E-001
 0841  0.2047507946583571E-001
 0842  0.2047507946583571E-001
 0843  0.2047507946583571E-001
 0844  0.2047507946583571E-001
 0845  0.2047507946583571E-001
 0846  0.2047507946583571E-001
 0847  0.2047507946583571E-001
 0848  0.2047507946583571E-001
 0849  0.2047507946583571E-001
 0850  0.2047507946583571E-001
 0851  0.2047507946583571E-001
 0852  0.2047507946583571E-001
 0853  0.2047507946583571E-001
 0854  0.2047507946583571E-001
 0855  0.2047507946583571E-001
 0856  0.2047507946583571E-001
 0857  0.2047507946583571E-001
 0858  0.2047507946583571E-001
 0859  0.2047507946583571E-001
 0860  0.2047507946583571E-001
 0861  0.2047507946583571E-001
 0862  0.2047507946583571E-001
 0863  0.2047507946583571E-001
 0864  0.2047507946583571E-001
 0865  0.2047507946583571E-001
 0866  0.2047507946583571E-001
 0867  0.2047507946583571E-001
 0868  0.2047507946583571E-001
 0869  0.2047507946583571E-001
 0870  0.2047507946583571E-001
 0871  0.2047507946583571E-001
 0872  0.2047507946583571E-001
 0873  0.2047507946583571E-001
 0874  0.2047507946583571E-001
 0875  0.2047507946583571E-001
 0876  0.2047507946583571E-001
 0877  0.2047507946583571E-001
 0878  0.2047507946583571E-001
 0879  0.2047507946583571E-001
 0880  0.2047507946583571E-001
 0881  0.2047507946583571E-001
 0882  0.2047507946583571E-001
 0883  0.2047507946583571E-001
 0884  0.2047507946583571E-001
 0885  0.2047507946583571E-001
 0886  0.2047507946583571E-001
 0887  0.2047507946583571E-001
 0888  0.2047507946583571E-001
 0889  0.2047507946583571E-001
 0890  0.2047507946583571E-001
 0891  0.2047507946583571E-001
 0892  0.2047507946583571E-001
 0893  0.2047507946583571E-001
 0894  0.2047507946583571E-001
 0895  0.2047507946583571E-001
 0896  0.2047507946583571E-001
 0897  0.2047507946583571E-001
 0898  0.2047507946583571E-001
 0899  0.2047507946583571E-001
 0900  0.2047507946583571E-001
 0901  0.2047507946583571E-001
 0902  0.2047507946583571E-001
 0903  0.2047507946583571E-001
 0904  0.2047507946583571E-001
 0905  0.2047507946583571E-001
 0906  0.2047507946583571E-001
 0907  0.2047507946583571E-001
 0908  0.2047507946583571E-001
 0909  0.2047507946583571E-001
 0910  0.2047507946583571E-001
 0911  0.2047507946583571E-001
 0912  0.2047507946583571E-001
 0913  0.2047507946583571E-001
 0914  0.2047507946583571E-001
 0915  0.2047507946583571E-001
 0916  0.2047507946583571E-001
 0917  0.2047507946583571E-001
 0918  0.2047507946583571E-001
 0919  0.2047507946583571E-001
 0920  0.2047507946583571E-001
 0921  0.2047507946583571E-001
 0922  0.2047507946583571E-001
 0923  0.2047507946583571E-001
 0924  0.2047507946583571E-001
 0925  0.2047507946583571E-001
 0926  0.2047507946583571E-001
 0927  0.2047507946583571E-001
 0928  0.2047507946583571E-001
 0929  0.2047507946583571E-001
 0930  0.2047507946583571E-001
 0931  0.2047507946583571E-001
 0932  0.2047507946583571E-001
 0933  0.2047507946583571E-001
 0934  0.2047507946583571E-001
 0935  0.2047507946583571E-001
 0936  0.2047507946583571E-001
 0937  0.2047507946583571E-001
 0938  0.2047507946583571E-001
 0939  0.2047507946583571E-001
 0940  0.2047507946583571E-001
 0941  0.2047507946583571E-001
 0942  0.2047507946583571E-001
 0943  0.2047507946583571E-001
 0944  0.2047507946583571E-001
 0945  0.2047507946583571E-001
 0946  0.2047507946583571E-001
 0947  0.2047507946583571E-001
 0948  0.2047507946583571E-001
 0949  0.2047507946583571E-001
 0950  0.2047507946583571E-001
 0951  0.2047507946583571E-001
 0952  0.2047507946583571E-001
 0953  0.2047507946583571E-001
 0954  0.2047507946583571E-001
 0955  0.2047507946583571E-001
 0956  0.2047507946583571E-001
 0957  0.2047507946583571E-001
 0958  0.2047507946583571E-001
 0959  0.2047507946583571E-001
 0960  0.2047507946583571E-001
 0961  0.2047507946583571E-001
 0962  0.2047507946583571E-001
 0963  0.2047507946583571E-001
 0964  0.2047507946583571E-001
 0965  0.2047507946583571E-001
 0966  0.2047507946583571E-001
 0967  0.2047507946583571E-001
 0968  0.2047507946583571E-001
 0969  0.2047507946583571E-001
 0970  0.2047507946583571E-001
 0971  0.2047507946583571E-001
 0972  0.2047507946583571E-001
 0973  0.2047507946583571E-001
 0974  0.2047507946583571E-001
 0975  0.2047507946583571E-001
 0976  0.2047507946583571E-001
 0977  0.2047507946583571E-001
 0978  0.2047507946583571E-001
 0979  0.2047507946583571E-001
 0980  0.2047507946583571E-001
 0981  0.2047507946583571E-001
 0982  0.2047507946583571E-001
 0983  0.2047507946583571E-001
 0984  0.2047507946583571E-001
 0985  0.2047507946583571E-001
 0986  0.2047507946583571E-001
 0987  0.2047507946583571E-001
 0988  0.2047507946583571E-001
 0989  0.2047507946583571E-001
 0990  0.2047507946583571E-001
 0991  0.2047507946583571E-001
 0992  0.2047507946583571E-001
 0993  0.2047507946583571E-001
 0994  0.2047507946583571E-001
 0995  0.2047507946583571E-001
 0996  0.2047507946583571E-001
 0997  0.2047507946583571E-001
 0998  0.2047507946583571E-001
 0999  0.2047507946583571E-001
 1000  0.2047507946583571E-001
