 0001  0.1350832057778635E+000
 0002  0.1350832057778635E+000
 0003  0.1350631770605513E+000
 0004  0.1350631770605513E+000
 0005  0.1350631770605513E+000
 0006  0.1350433106008209E+000
 0007  0.1350433106008209E+000
 0008  0.1350095789825199E+000
 0009  0.1350095789825199E+000
 0010  0.1349547484634424E+000
 0011  0.1349547484634424E+000
 0012  0.1349547484634424E+000
 0013  0.1349002164079608E+000
 0014  0.1349002164079608E+000
 0015  0.1348161023977763E+000
 0016  0.1348161023977763E+000
 0017  0.1347045106776908E+000
 0018  0.1347045106776908E+000
 0019  0.1345955103282442E+000
 0020  0.1345955103282442E+000
 0021  0.1344474556669271E+000
 0022  0.1344474556669271E+000
 0023  0.1342499682978891E+000
 0024  0.1342499682978891E+000
 0025  0.1340570669587936E+000
 0026  0.1340570669587936E+000
 0027  0.1338144549219638E+000
 0028  0.1338144549219638E+000
 0029  0.1335086811475135E+000
 0030  0.1335086811475135E+000
 0031  0.1332100080179910E+000
 0032  0.1332100080179910E+000
 0033  0.1328274715900850E+000
 0034  0.1323629863679363E+000
 0035  0.1323629863679363E+000
 0036  0.1319092873704814E+000
 0037  0.1319092873704814E+000
 0038  0.1313392252811067E+000
 0039  0.1313392252811066E+000
 0040  0.1306614099018577E+000
 0041  0.1298871834930728E+000
 0042  0.1298871834930728E+000
 0043  0.1291309360847186E+000
 0044  0.1291309360847186E+000
 0045  0.1282226873263157E+000
 0046  0.1271883764521693E+000
 0047  0.1271883764521693E+000
 0048  0.1260039733194535E+000
 0049  0.1248959524214966E+000
 0050  0.1248959524214966E+000
 0051  0.1236031405982207E+000
 0052  0.1221761356142118E+000
 0053  0.1221761356142118E+000
 0054  0.1207822683828434E+000
 0055  0.1192282462893161E+000
 0056  0.1192282462893161E+000
 0057  0.1174317367400083E+000
 0058  0.1155161187703608E+000
 0059  0.1155161187703608E+000
 0060  0.1133678068676447E+000
 0061  0.1113874524166982E+000
 0062  0.1092545091931915E+000
 0063  0.1092545091931915E+000
 0064  0.1068423079896122E+000
 0065  0.1043010008369079E+000
 0066  0.1019702214712087E+000
 0067  0.1019702214712087E+000
 0068  0.9931529403340916E-001
 0069  0.9655828147397981E-001
 0070  0.9655828147397981E-001
 0071  0.9350528711611218E-001
 0072  0.9038483048906321E-001
 0073  0.8755931257343853E-001
 0074  0.8461808355884107E-001
 0075  0.8461808355884105E-001
 0076  0.8134912216538483E-001
 0077  0.7803591817638807E-001
 0078  0.7470234139116742E-001
 0079  0.7470234139116741E-001
 0080  0.7107799602318436E-001
 0081  0.6785558898349631E-001
 0082  0.6460474804493145E-001
 0083  0.6135719608865887E-001
 0084  0.6135719608865888E-001
 0085  0.5782941114780240E-001
 0086  0.5440972858629105E-001
 0087  0.5111392143435670E-001
 0088  0.4795186231848943E-001
 0089  0.4492900405133851E-001
 0090  0.4492900405133851E-001
 0091  0.4172391731920887E-001
 0092  0.3871957117022493E-001
 0093  0.3596220480941618E-001
 0094  0.3343522425752991E-001
 0095  0.3110465863210561E-001
 0096  0.2894372893389770E-001
 0097  0.2693098768920354E-001
 0098  0.2504899622540626E-001
 0099  0.2328336984446790E-001
 0100  0.2162207878274607E-001
 0101  0.2005974981129954E-001
 0102  0.1858950802698656E-001
 0103  0.1720909973164853E-001
 0104  0.1591572572998123E-001
 0105  0.1470618391483276E-001
 0106  0.1357698717301426E-001
 0107  0.1252446036089773E-001
 0108  0.1154481956087615E-001
 0109  0.1059385035967006E-001
 0110  0.9721336694851477E-002
 0111  0.8920634085726740E-002
 0112  0.8185700079446859E-002
 0113  0.7511033118716721E-002
 0114  0.6891618505373689E-002
 0115  0.6322880541833538E-002
 0116  0.5374709629025093E-002
 0117  0.4977965491704213E-002
 0118  0.4608257488192459E-002
 0119  0.4264022223419243E-002
 0120  0.3943749241749681E-002
 0121  0.3645985163445408E-002
 0122  0.3369336542011611E-002
 0123  0.3104262673855131E-002
 0124  0.2860150481985011E-002
 0125  0.2635313005200864E-002
 0126  0.2428203991539030E-002
 0127  0.2237293729045724E-002
 0128  0.2061324485813707E-002
 0129  0.1899134210455766E-002
 0130  0.1749650457799833E-002
 0131  0.1498060128029593E-002
 0132  0.1391897855501494E-002
 0133  0.1292921958539309E-002
 0134  0.1200682420720481E-002
 0135  0.1112587956792568E-002
 0136  0.1030988730608943E-002
 0137  0.9553709779295266E-003
 0138  0.8852965767861910E-003
 0139  0.8203594603908073E-003
 0140  0.7601832755488680E-003
 0141  0.7044192117365653E-003
 0142  0.6527439884424268E-003
 0143  0.6048579892713984E-003
 0144  0.5232467382504629E-003
 0145  0.4884011848055355E-003
 0146  0.4551140367553953E-003
 0147  0.4240975796783898E-003
 0148  0.3951967596154547E-003
 0149  0.3682671229252643E-003
 0150  0.3431740906138969E-003
 0151  0.3197922824178238E-003
 0152  0.2980048872231789E-003
 0153  0.2777030485919434E-003
 0154  0.2587853572188501E-003
 0155  0.2411573397168353E-003
 0156  0.2104950455200187E-003
 0157  0.1971652948305588E-003
 0158  0.1846806617126474E-003
 0159  0.1729874788703137E-003
 0160  0.1620354950655037E-003
 0161  0.1517776569067562E-003
 0162  0.1421699046504229E-003
 0163  0.1331694505398003E-003
 0164  0.1247381012443258E-003
 0165  0.1168400356761137E-003
 0166  0.1093282654679249E-003
 0167  0.9627905876329370E-004
 0168  0.9060433555919789E-004
 0169  0.8526371031197570E-004
 0170  0.8023759024590562E-004
 0171  0.7550752282805444E-004
 0172  0.7105613025170090E-004
 0173  0.6686704760859192E-004
 0174  0.6287180412922316E-004
 0175  0.5911976471233536E-004
 0176  0.5559544798180486E-004
 0177  0.4940805943456522E-004
 0178  0.4668949210559409E-004
 0179  0.4412042524214650E-004
 0180  0.4169265987991861E-004
 0181  0.3937061174854573E-004
 0182  0.3717988897152560E-004
 0183  0.3511294928252478E-004
 0184  0.3316268969096736E-004
 0185  0.3132242110616938E-004
 0186  0.2806225311887177E-004
 0187  0.2661695953104604E-004
 0188  0.2523090302017403E-004
 0189  0.2391804018106995E-004
 0190  0.2267445091706325E-004
 0191  0.2149642806617634E-004
 0192  0.2038046567259858E-004
 0193  0.1932317684622832E-004
 0194  0.1742621141646506E-004
 0195  0.1657528403376700E-004
 0196  0.1576643779226044E-004
 0197  0.1499752140395509E-004
 0198  0.1426654271972695E-004
 0199  0.1357160985033736E-004
 0200  0.1291092617998166E-004
 0201  0.1227701566645921E-004
 0202  0.1113880001178419E-004
 0203  0.1062754862963160E-004
 0204  0.1014001475774422E-004
 0205  0.9675087220310148E-005
 0206  0.9231707377295603E-005
 0207  0.8805239821278389E-005
 0208  0.8398889342936283E-005
 0209  0.7664579961267817E-005
 0210  0.7332646686422602E-005
 0211  0.7015219920438712E-005
 0212  0.6709262712850648E-005
 0213  0.6416912383913603E-005
 0214  0.6137542848040469E-005
 0215  0.5870567712138254E-005
 0216  0.5385328685111998E-005
 0217  0.5163105697301160E-005
 0218  0.4950215948504138E-005
 0219  0.4746261021761428E-005
 0220  0.4550859763483410E-005
 0221  0.4363642100041942E-005
 0222  0.4184260052222731E-005
 0223  0.3854368197413614E-005
 0224  0.3703777718567644E-005
 0225  0.3559166776003029E-005
 0226  0.3420294500617784E-005
 0227  0.3286061278603469E-005
 0228  0.3157222682772161E-005
 0229  0.2920950347004041E-005
 0230  0.2812585751290828E-005
 0231  0.2707662136267065E-005
 0232  0.2606742032021500E-005
 0233  0.2509667643169634E-005
 0234  0.2416289547154965E-005
 0235  0.2243828098293359E-005
 0236  0.2164189706282394E-005
 0237  0.2087438266290927E-005
 0238  0.2013467153919148E-005
 0239  0.1941781115066568E-005
 0240  0.1872717968059383E-005
 0241  0.1745097398750100E-005
 0242  0.1686123472726044E-005
 0243  0.1628883069061352E-005
 0244  0.1573636759943353E-005
 0245  0.1520313517229961E-005
 0246  0.1421184237235895E-005
 0247  0.1375109012480380E-005
 0248  0.1330564699680265E-005
 0249  0.1287499356412456E-005
 0250  0.1245664019763416E-005
 0251  0.1167858277364243E-005
 0252  0.1131673495849287E-005
 0253  0.1096476730145879E-005
 0254  0.1062406292322462E-005
 0255  0.1029425274263195E-005
 0256  0.9677658360463617E-006
 0257  0.9389447150413063E-006
 0258  0.9110057795882715E-006
 0259  0.8839211591255646E-006
 0260  0.8330426698853597E-006
 0261  0.8092507207406158E-006
 0262  0.7860634575194818E-006
 0263  0.7635613430936621E-006
 0264  0.7417234546077640E-006
 0265  0.7006204588994471E-006
 0266  0.6813550495938773E-006
 0267  0.6626353334571214E-006
 0268  0.6443775822008871E-006
 0269  0.6100680227584959E-006
 0270  0.5938889673816835E-006
 0271  0.5781531838259451E-006
 0272  0.5628481233967459E-006
 0273  0.5339232369187881E-006
 0274  0.5203048661472461E-006
 0275  0.5070006245663769E-006
 0276  0.4940487485995372E-006
 0277  0.4695688125293873E-006
 0278  0.4580009058039881E-006
 0279  0.4467278844648824E-006
 0280  0.4357075872470259E-006
 0281  0.4148431186813408E-006
 0282  0.4049669744538790E-006
 0283  0.3953346927362892E-006
 0284  0.3859124689285743E-006
 0285  0.3680691768150018E-006
 0286  0.3595963954930916E-006
 0287  0.3513263460876533E-006
 0288  0.3355944834035684E-006
 0289  0.3281337427934026E-006
 0290  0.3208256425148207E-006
 0291  0.3069226351527950E-006
 0292  0.3003099855520184E-006
 0293  0.2938292160721374E-006
 0294  0.2874943346382035E-006
 0295  0.2754259860446595E-006
 0296  0.2696779491685843E-006
 0297  0.2640414320179075E-006
 0298  0.2532895314256560E-006
 0299  0.2481618547125282E-006
 0300  0.2431311305329323E-006
 0301  0.2335228166389053E-006
 0302  0.2289348159845900E-006
 0303  0.2244313453687014E-006
 0304  0.2158197739318045E-006
 0305  0.2117028217965967E-006
 0306  0.2076597915193237E-006
 0307  0.1999198469049472E-006
 0308  0.1962153742350241E-006
 0309  0.1925757279022473E-006
 0310  0.1856003817173334E-006
 0311  0.1822519332929831E-006
 0312  0.1758280934019306E-006
 0313  0.1727470271928401E-006
 0314  0.1697172745612350E-006
 0315  0.1638939690548233E-006
 0316  0.1610959266943275E-006
 0317  0.1583482470358581E-006
 0318  0.1530578928841163E-006
 0319  0.1505157553974977E-006
 0320  0.1456170435320972E-006
 0321  0.1432609569069782E-006
 0322  0.1409415445112774E-006
 0323  0.1364721422144622E-006
 0324  0.1343191210801055E-006
 0325  0.1301640549244713E-006
 0326  0.1281623330066926E-006
 0327  0.1242963193764718E-006
 0328  0.1224298087306794E-006
 0329  0.1205930717961954E-006
 0330  0.1170433952514125E-006
 0331  0.1153284839402118E-006
 0332  0.1120122204492589E-006
 0333  0.1104110289483035E-006
 0334  0.1073125258618557E-006
 0335  0.1058136144140260E-006
 0336  0.1029113515182222E-006
 0337  0.1015065487249235E-006
 0338  0.9878495404593322E-007
 0339  0.9746684491038415E-007
 0340  0.9491179486885952E-007
 0341  0.9367366362943185E-007
 0342  0.9127236422154938E-007
 0343  0.9010811238831564E-007
 0344  0.8784891982164948E-007
 0345  0.8675299174411763E-007
 0346  0.8462529379411951E-007
 0347  0.8359173735854617E-007
 0348  0.8158424009677118E-007
 0349  0.8060947215730225E-007
 0350  0.7871375710683755E-007
 0351  0.7690112924838294E-007
 0352  0.7601983087795940E-007
 0353  0.7430511236288310E-007
 0354  0.7347107755228926E-007
 0355  0.7184712519686319E-007
 0356  0.7029081182258279E-007
 0357  0.6953298232163942E-007
 0358  0.6805676829862924E-007
 0359  0.6733747484666441E-007
 0360  0.6593583736471680E-007
 0361  0.6458953929755207E-007
 0362  0.6393311668006545E-007
 0363  0.6265275955713358E-007
 0364  0.6142173960105533E-007
 0365  0.6082100239700767E-007
 0366  0.5964825691565221E-007
 0367  0.5851940430422239E-007
 0368  0.5796821820118958E-007
 0369  0.5689137708925788E-007
 0370  0.5585374556555632E-007
 0371  0.5485311618675040E-007
 0372  0.5436414775590184E-007
 0373  0.5340765680696184E-007
 0374  0.5248449078124917E-007
 0375  0.5159317003938429E-007
 0376  0.5115712208467844E-007
 0377  0.5030342106517462E-007
 0378  0.4947836379872797E-007
 0379  0.4868057416482375E-007
 0380  0.4790886431358421E-007
 0381  0.4716205221755364E-007
 0382  0.4679611026888692E-007
 0383  0.4607875115601718E-007
 0384  0.4538400357580665E-007
 0385  0.4471087411364373E-007
 0386  0.4405843354843895E-007
 0387  0.4342579465454381E-007
 0388  0.4281216294733045E-007
 0389  0.4221673416373469E-007
 0390  0.4163876381308122E-007
 0391  0.4107760302443230E-007
 0392  0.4053334262362029E-007
 0393  0.4000550307379885E-007
 0394  0.3949341077641246E-007
 0395  0.3899642691772299E-007
 0396  0.3851394531578310E-007
 0397  0.3804539042210872E-007
 0398  0.3759021546544470E-007
 0399  0.3714790072614393E-007
 0400  0.3671795193073147E-007
 0401  0.3629989875714715E-007
 0402  0.3589329344199861E-007
 0403  0.3530596445658865E-007
 0404  0.3492877719878407E-007
 0405  0.3456151195497629E-007
 0406  0.3420381361496549E-007
 0407  0.3368621214057138E-007
 0408  0.3335322624986858E-007
 0409  0.3302858937114269E-007
 0410  0.3255821945123371E-007
 0411  0.3225523377339455E-007
 0412  0.3195957115799756E-007
 0413  0.3153066780305289E-007
 0414  0.3125406690062369E-007
 0415  0.3085247697890060E-007
 0416  0.3059327609960070E-007
 0417  0.3021664830382218E-007
 0418  0.2997336822644934E-007
 0419  0.2961960632233803E-007
 0420  0.2939092634990323E-007
 0421  0.2905815609617400E-007
 0422  0.2873794321327100E-007
 0423  0.2853071054484016E-007
 0424  0.2822881256295732E-007
 0425  0.2793791064799795E-007
 0426  0.2765746000374357E-007
 0427  0.2738695040479837E-007
 0428  0.2712590353450712E-007
 0429  0.2695658401534331E-007
 0430  0.2670938460531640E-007
 0431  0.2639333562393095E-007
 0432  0.2616593440095230E-007
 0433  0.2594600460201154E-007
 0434  0.2573321534108983E-007
 0435  0.2552725451869027E-007
 0436  0.2526323008380427E-007
 0437  0.2507277106877516E-007
 0438  0.2488818801899884E-007
 0439  0.2465121737914509E-007
 0440  0.2448002780529091E-007
 0441  0.2426003803197927E-007
 0442  0.2404933700806747E-007
 0443  0.2384740665558679E-007
 0444  0.2370123822275711E-007
 0445  0.2351304071385659E-007
 0446  0.2328864997944154E-007
 0447  0.2311732400009490E-007
 0448  0.2295267307284349E-007
 0449  0.2279435880717231E-007
 0450  0.2260512573104272E-007
 0451  0.2246029468875695E-007
 0452  0.2228697194099437E-007
 0453  0.2212191719570496E-007
 0454  0.2196462789183365E-007
 0455  0.2181464021237492E-007
 0456  0.2164384926471189E-007
 0457  0.2150871174754753E-007
 0458  0.2135460727341633E-007
 0459  0.2120886005915645E-007
 0460  0.2107090910221041E-007
 0461  0.2091924874492136E-007
 0462  0.2077696294191316E-007
 0463  0.2064334779449754E-007
 0464  0.2051776496188010E-007
 0465  0.2038341757076918E-007
 0466  0.2025817036765950E-007
 0467  0.2012730780233883E-007
 0468  0.2000623288580608E-007
 0469  0.1988220664288774E-007
 0470  0.1975744802236393E-007
 0471  0.1963396404248638E-007
 0472  0.1952228325730147E-007
 0473  0.1940529973611676E-007
 0474  0.1929407873672358E-007
 0475  0.1917745371466766E-007
 0476  0.1907151890524645E-007
 0477  0.1895893278288303E-007
 0478  0.1885220262128430E-007
 0479  0.1874817657580672E-007
 0480  0.1865954784504162E-007
 0481  0.1865954784504162E-007
 0482  0.1865954784504162E-007
 0483  0.1865954784504162E-007
 0484  0.1865954784504162E-007
 0485  0.1865954784504162E-007
 0486  0.1865954784504162E-007
 0487  0.1865954784504162E-007
 0488  0.1865954784504162E-007
 0489  0.1865954784504162E-007
 0490  0.1865954784504162E-007
 0491  0.1865954784504162E-007
 0492  0.1865954784504162E-007
 0493  0.1865954784504162E-007
 0494  0.1865954784504162E-007
 0495  0.1865954784504162E-007
 0496  0.1865954784504162E-007
 0497  0.1865954784504162E-007
 0498  0.1865954784504162E-007
 0499  0.1865954784504162E-007
 0500  0.1865954784504162E-007
 0501  0.1865954784504162E-007
 0502  0.1865954784504162E-007
 0503  0.1865954784504162E-007
 0504  0.1865954784504162E-007
 0505  0.1865954784504162E-007
 0506  0.1865954784504162E-007
 0507  0.1865954784504162E-007
 0508  0.1865954784504162E-007
 0509  0.1865954784504162E-007
 0510  0.1865954784504162E-007
 0511  0.1865954784504162E-007
 0512  0.1865954784504162E-007
 0513  0.1865954784504162E-007
 0514  0.1865954784504162E-007
 0515  0.1865954784504162E-007
 0516  0.1865954784504162E-007
 0517  0.1865954784504162E-007
 0518  0.1865954784504162E-007
 0519  0.1865954784504162E-007
 0520  0.1865954784504162E-007
 0521  0.1865954784504162E-007
 0522  0.1865954784504162E-007
 0523  0.1865954784504162E-007
 0524  0.1865954784504162E-007
 0525  0.1865954784504162E-007
 0526  0.1865954784504162E-007
 0527  0.1865954784504162E-007
 0528  0.1865954784504162E-007
 0529  0.1865954784504162E-007
 0530  0.1865954784504162E-007
 0531  0.1865954784504162E-007
 0532  0.1865954784504162E-007
 0533  0.1865954784504162E-007
 0534  0.1865954784504162E-007
 0535  0.1865954784504162E-007
 0536  0.1865954784504162E-007
 0537  0.1865954784504162E-007
 0538  0.1865954784504162E-007
 0539  0.1865954784504162E-007
 0540  0.1865954784504162E-007
 0541  0.1865954784504162E-007
 0542  0.1865954784504162E-007
 0543  0.1865954784504162E-007
 0544  0.1865954784504162E-007
 0545  0.1865954784504162E-007
 0546  0.1865954784504162E-007
 0547  0.1865954784504162E-007
 0548  0.1865954784504162E-007
 0549  0.1865954784504162E-007
 0550  0.1865954784504162E-007
 0551  0.1865954784504162E-007
 0552  0.1865954784504162E-007
 0553  0.1865954784504162E-007
 0554  0.1865954784504162E-007
 0555  0.1865954784504162E-007
 0556  0.1865954784504162E-007
 0557  0.1865954784504162E-007
 0558  0.1865954784504162E-007
 0559  0.1865954784504162E-007
 0560  0.1865954784504162E-007
 0561  0.1865954784504162E-007
 0562  0.1865954784504162E-007
 0563  0.1865954784504162E-007
 0564  0.1865954784504162E-007
 0565  0.1865954784504162E-007
 0566  0.1865954784504162E-007
 0567  0.1865954784504162E-007
 0568  0.1865954784504162E-007
 0569  0.1865954784504162E-007
 0570  0.1865954784504162E-007
 0571  0.1865954784504162E-007
 0572  0.1865954784504162E-007
 0573  0.1865954784504162E-007
 0574  0.1865954784504162E-007
 0575  0.1865954784504162E-007
 0576  0.1865954784504162E-007
 0577  0.1865954784504162E-007
 0578  0.1865954784504162E-007
 0579  0.1865954784504162E-007
 0580  0.1865954784504162E-007
 0581  0.1865954784504162E-007
 0582  0.1865954784504162E-007
 0583  0.1865954784504162E-007
 0584  0.1865954784504162E-007
 0585  0.1865954784504162E-007
 0586  0.1865954784504162E-007
 0587  0.1865954784504162E-007
 0588  0.1865954784504162E-007
 0589  0.1865954784504162E-007
 0590  0.1865954784504162E-007
 0591  0.1865954784504162E-007
 0592  0.1865954784504162E-007
 0593  0.1865954784504162E-007
 0594  0.1865954784504162E-007
 0595  0.1865954784504162E-007
 0596  0.1865954784504162E-007
 0597  0.1865954784504162E-007
 0598  0.1865954784504162E-007
 0599  0.1865954784504162E-007
 0600  0.1865954784504162E-007
 0601  0.1865954784504162E-007
 0602  0.1865954784504162E-007
 0603  0.1865954784504162E-007
 0604  0.1865954784504162E-007
 0605  0.1865954784504162E-007
 0606  0.1865954784504162E-007
 0607  0.1865954784504162E-007
 0608  0.1865954784504162E-007
 0609  0.1865954784504162E-007
 0610  0.1865954784504162E-007
 0611  0.1865954784504162E-007
 0612  0.1865954784504162E-007
 0613  0.1865954784504162E-007
 0614  0.1865954784504162E-007
 0615  0.1865954784504162E-007
 0616  0.1865954784504162E-007
 0617  0.1865954784504162E-007
 0618  0.1865954784504162E-007
 0619  0.1865954784504162E-007
 0620  0.1865954784504162E-007
 0621  0.1865954784504162E-007
 0622  0.1865954784504162E-007
 0623  0.1865954784504162E-007
 0624  0.1865954784504162E-007
 0625  0.1865954784504162E-007
 0626  0.1865954784504162E-007
 0627  0.1865954784504162E-007
 0628  0.1865954784504162E-007
 0629  0.1865954784504162E-007
 0630  0.1865954784504162E-007
 0631  0.1865954784504162E-007
 0632  0.1865954784504162E-007
 0633  0.1865954784504162E-007
 0634  0.1865954784504162E-007
 0635  0.1865954784504162E-007
 0636  0.1865954784504162E-007
 0637  0.1865954784504162E-007
 0638  0.1865954784504162E-007
 0639  0.1865954784504162E-007
 0640  0.1865954784504162E-007
 0641  0.1865954784504162E-007
 0642  0.1865954784504162E-007
 0643  0.1865954784504162E-007
 0644  0.1865954784504162E-007
 0645  0.1865954784504162E-007
 0646  0.1865954784504162E-007
 0647  0.1865954784504162E-007
 0648  0.1865954784504162E-007
 0649  0.1865954784504162E-007
 0650  0.1865954784504162E-007
 0651  0.1865954784504162E-007
 0652  0.1865954784504162E-007
 0653  0.1865954784504162E-007
 0654  0.1865954784504162E-007
 0655  0.1865954784504162E-007
 0656  0.1865954784504162E-007
 0657  0.1865954784504162E-007
 0658  0.1865954784504162E-007
 0659  0.1865954784504162E-007
 0660  0.1865954784504162E-007
 0661  0.1865954784504162E-007
 0662  0.1865954784504162E-007
 0663  0.1865954784504162E-007
 0664  0.1865954784504162E-007
 0665  0.1865954784504162E-007
 0666  0.1865954784504162E-007
 0667  0.1865954784504162E-007
 0668  0.1865954784504162E-007
 0669  0.1865954784504162E-007
 0670  0.1865954784504162E-007
 0671  0.1865954784504162E-007
 0672  0.1865954784504162E-007
 0673  0.1865954784504162E-007
 0674  0.1865954784504162E-007
 0675  0.1865954784504162E-007
 0676  0.1865954784504162E-007
 0677  0.1865954784504162E-007
 0678  0.1865954784504162E-007
 0679  0.1865954784504162E-007
 0680  0.1865954784504162E-007
 0681  0.1865954784504162E-007
 0682  0.1865954784504162E-007
 0683  0.1865954784504162E-007
 0684  0.1865954784504162E-007
 0685  0.1865954784504162E-007
 0686  0.1865954784504162E-007
 0687  0.1865954784504162E-007
 0688  0.1865954784504162E-007
 0689  0.1865954784504162E-007
 0690  0.1865954784504162E-007
 0691  0.1865954784504162E-007
 0692  0.1865954784504162E-007
 0693  0.1865954784504162E-007
 0694  0.1865954784504162E-007
 0695  0.1865954784504162E-007
 0696  0.1865954784504162E-007
 0697  0.1865954784504162E-007
 0698  0.1865954784504162E-007
 0699  0.1865954784504162E-007
 0700  0.1865954784504162E-007
 0701  0.1865954784504162E-007
 0702  0.1865954784504162E-007
 0703  0.1865954784504162E-007
 0704  0.1865954784504162E-007
 0705  0.1865954784504162E-007
 0706  0.1865954784504162E-007
 0707  0.1865954784504162E-007
 0708  0.1865954784504162E-007
 0709  0.1865954784504162E-007
 0710  0.1865954784504162E-007
 0711  0.1865954784504162E-007
 0712  0.1865954784504162E-007
 0713  0.1865954784504162E-007
 0714  0.1865954784504162E-007
 0715  0.1865954784504162E-007
 0716  0.1865954784504162E-007
 0717  0.1865954784504162E-007
 0718  0.1865954784504162E-007
 0719  0.1865954784504162E-007
 0720  0.1865954784504162E-007
 0721  0.1865954784504162E-007
 0722  0.1865954784504162E-007
 0723  0.1865954784504162E-007
 0724  0.1865954784504162E-007
 0725  0.1865954784504162E-007
 0726  0.1865954784504162E-007
 0727  0.1865954784504162E-007
 0728  0.1865954784504162E-007
 0729  0.1865954784504162E-007
 0730  0.1865954784504162E-007
 0731  0.1865954784504162E-007
 0732  0.1865954784504162E-007
 0733  0.1865954784504162E-007
 0734  0.1865954784504162E-007
 0735  0.1865954784504162E-007
 0736  0.1865954784504162E-007
 0737  0.1865954784504162E-007
 0738  0.1865954784504162E-007
 0739  0.1865954784504162E-007
 0740  0.1865954784504162E-007
 0741  0.1865954784504162E-007
 0742  0.1865954784504162E-007
 0743  0.1865954784504162E-007
 0744  0.1865954784504162E-007
 0745  0.1865954784504162E-007
 0746  0.1865954784504162E-007
 0747  0.1865954784504162E-007
 0748  0.1865954784504162E-007
 0749  0.1865954784504162E-007
 0750  0.1865954784504162E-007
 0751  0.1865954784504162E-007
 0752  0.1865954784504162E-007
 0753  0.1865954784504162E-007
 0754  0.1865954784504162E-007
 0755  0.1865954784504162E-007
 0756  0.1865954784504162E-007
 0757  0.1865954784504162E-007
 0758  0.1865954784504162E-007
 0759  0.1865954784504162E-007
 0760  0.1865954784504162E-007
 0761  0.1865954784504162E-007
 0762  0.1865954784504162E-007
 0763  0.1865954784504162E-007
 0764  0.1865954784504162E-007
 0765  0.1865954784504162E-007
 0766  0.1865954784504162E-007
 0767  0.1865954784504162E-007
 0768  0.1865954784504162E-007
 0769  0.1865954784504162E-007
 0770  0.1865954784504162E-007
 0771  0.1865954784504162E-007
 0772  0.1865954784504162E-007
 0773  0.1865954784504162E-007
 0774  0.1865954784504162E-007
 0775  0.1865954784504162E-007
 0776  0.1865954784504162E-007
 0777  0.1865954784504162E-007
 0778  0.1865954784504162E-007
 0779  0.1865954784504162E-007
 0780  0.1865954784504162E-007
 0781  0.1865954784504162E-007
 0782  0.1865954784504162E-007
 0783  0.1865954784504162E-007
 0784  0.1865954784504162E-007
 0785  0.1865954784504162E-007
 0786  0.1865954784504162E-007
 0787  0.1865954784504162E-007
 0788  0.1865954784504162E-007
 0789  0.1865954784504162E-007
 0790  0.1865954784504162E-007
 0791  0.1865954784504162E-007
 0792  0.1865954784504162E-007
 0793  0.1865954784504162E-007
 0794  0.1865954784504162E-007
 0795  0.1865954784504162E-007
 0796  0.1865954784504162E-007
 0797  0.1865954784504162E-007
 0798  0.1865954784504162E-007
 0799  0.1865954784504162E-007
 0800  0.1865954784504162E-007
 0801  0.1865954784504162E-007
 0802  0.1865954784504162E-007
 0803  0.1865954784504162E-007
 0804  0.1865954784504162E-007
 0805  0.1865954784504162E-007
 0806  0.1865954784504162E-007
 0807  0.1865954784504162E-007
 0808  0.1865954784504162E-007
 0809  0.1865954784504162E-007
 0810  0.1865954784504162E-007
 0811  0.1865954784504162E-007
 0812  0.1865954784504162E-007
 0813  0.1865954784504162E-007
 0814  0.1865954784504162E-007
 0815  0.1865954784504162E-007
 0816  0.1865954784504162E-007
 0817  0.1865954784504162E-007
 0818  0.1865954784504162E-007
 0819  0.1865954784504162E-007
 0820  0.1865954784504162E-007
 0821  0.1865954784504162E-007
 0822  0.1865954784504162E-007
 0823  0.1865954784504162E-007
 0824  0.1865954784504162E-007
 0825  0.1865954784504162E-007
 0826  0.1865954784504162E-007
 0827  0.1865954784504162E-007
 0828  0.1865954784504162E-007
 0829  0.1865954784504162E-007
 0830  0.1865954784504162E-007
 0831  0.1865954784504162E-007
 0832  0.1865954784504162E-007
 0833  0.1865954784504162E-007
 0834  0.1865954784504162E-007
 0835  0.1865954784504162E-007
 0836  0.1865954784504162E-007
 0837  0.1865954784504162E-007
 0838  0.1865954784504162E-007
 0839  0.1865954784504162E-007
 0840  0.1865954784504162E-007
 0841  0.1865954784504162E-007
 0842  0.1865954784504162E-007
 0843  0.1865954784504162E-007
 0844  0.1865954784504162E-007
 0845  0.1865954784504162E-007
 0846  0.1865954784504162E-007
 0847  0.1865954784504162E-007
 0848  0.1865954784504162E-007
 0849  0.1865954784504162E-007
 0850  0.1865954784504162E-007
 0851  0.1865954784504162E-007
 0852  0.1865954784504162E-007
 0853  0.1865954784504162E-007
 0854  0.1865954784504162E-007
 0855  0.1865954784504162E-007
 0856  0.1865954784504162E-007
 0857  0.1865954784504162E-007
 0858  0.1865954784504162E-007
 0859  0.1865954784504162E-007
 0860  0.1865954784504162E-007
 0861  0.1865954784504162E-007
 0862  0.1865954784504162E-007
 0863  0.1865954784504162E-007
 0864  0.1865954784504162E-007
 0865  0.1865954784504162E-007
 0866  0.1865954784504162E-007
 0867  0.1865954784504162E-007
 0868  0.1865954784504162E-007
 0869  0.1865954784504162E-007
 0870  0.1865954784504162E-007
 0871  0.1865954784504162E-007
 0872  0.1865954784504162E-007
 0873  0.1865954784504162E-007
 0874  0.1865954784504162E-007
 0875  0.1865954784504162E-007
 0876  0.1865954784504162E-007
 0877  0.1865954784504162E-007
 0878  0.1865954784504162E-007
 0879  0.1865954784504162E-007
 0880  0.1865954784504162E-007
 0881  0.1865954784504162E-007
 0882  0.1865954784504162E-007
 0883  0.1865954784504162E-007
 0884  0.1865954784504162E-007
 0885  0.1865954784504162E-007
 0886  0.1865954784504162E-007
 0887  0.1865954784504162E-007
 0888  0.1865954784504162E-007
 0889  0.1865954784504162E-007
 0890  0.1865954784504162E-007
 0891  0.1865954784504162E-007
 0892  0.1865954784504162E-007
 0893  0.1865954784504162E-007
 0894  0.1865954784504162E-007
 0895  0.1865954784504162E-007
 0896  0.1865954784504162E-007
 0897  0.1865954784504162E-007
 0898  0.1865954784504162E-007
 0899  0.1865954784504162E-007
 0900  0.1865954784504162E-007
 0901  0.1865954784504162E-007
 0902  0.1865954784504162E-007
 0903  0.1865954784504162E-007
 0904  0.1865954784504162E-007
 0905  0.1865954784504162E-007
 0906  0.1865954784504162E-007
 0907  0.1865954784504162E-007
 0908  0.1865954784504162E-007
 0909  0.1865954784504162E-007
 0910  0.1865954784504162E-007
 0911  0.1865954784504162E-007
 0912  0.1865954784504162E-007
 0913  0.1865954784504162E-007
 0914  0.1865954784504162E-007
 0915  0.1865954784504162E-007
 0916  0.1865954784504162E-007
 0917  0.1865954784504162E-007
 0918  0.1865954784504162E-007
 0919  0.1865954784504162E-007
 0920  0.1865954784504162E-007
 0921  0.1865954784504162E-007
 0922  0.1865954784504162E-007
 0923  0.1865954784504162E-007
 0924  0.1865954784504162E-007
 0925  0.1865954784504162E-007
 0926  0.1865954784504162E-007
 0927  0.1865954784504162E-007
 0928  0.1865954784504162E-007
 0929  0.1865954784504162E-007
 0930  0.1865954784504162E-007
 0931  0.1865954784504162E-007
 0932  0.1865954784504162E-007
 0933  0.1865954784504162E-007
 0934  0.1865954784504162E-007
 0935  0.1865954784504162E-007
 0936  0.1865954784504162E-007
 0937  0.1865954784504162E-007
 0938  0.1865954784504162E-007
 0939  0.1865954784504162E-007
 0940  0.1865954784504162E-007
 0941  0.1865954784504162E-007
 0942  0.1865954784504162E-007
 0943  0.1865954784504162E-007
 0944  0.1865954784504162E-007
 0945  0.1865954784504162E-007
 0946  0.1865954784504162E-007
 0947  0.1865954784504162E-007
 0948  0.1865954784504162E-007
 0949  0.1865954784504162E-007
 0950  0.1865954784504162E-007
 0951  0.1865954784504162E-007
 0952  0.1865954784504162E-007
 0953  0.1865954784504162E-007
 0954  0.1865954784504162E-007
 0955  0.1865954784504162E-007
 0956  0.1865954784504162E-007
 0957  0.1865954784504162E-007
 0958  0.1865954784504162E-007
 0959  0.1865954784504162E-007
 0960  0.1865954784504162E-007
 0961  0.1865954784504162E-007
 0962  0.1865954784504162E-007
 0963  0.1865954784504162E-007
 0964  0.1865954784504162E-007
 0965  0.1865954784504162E-007
 0966  0.1865954784504162E-007
 0967  0.1865954784504162E-007
 0968  0.1865954784504162E-007
 0969  0.1865954784504162E-007
 0970  0.1865954784504162E-007
 0971  0.1865954784504162E-007
 0972  0.1865954784504162E-007
 0973  0.1865954784504162E-007
 0974  0.1865954784504162E-007
 0975  0.1865954784504162E-007
 0976  0.1865954784504162E-007
 0977  0.1865954784504162E-007
 0978  0.1865954784504162E-007
 0979  0.1865954784504162E-007
 0980  0.1865954784504162E-007
 0981  0.1865954784504162E-007
 0982  0.1865954784504162E-007
 0983  0.1865954784504162E-007
 0984  0.1865954784504162E-007
 0985  0.1865954784504162E-007
 0986  0.1865954784504162E-007
 0987  0.1865954784504162E-007
 0988  0.1865954784504162E-007
 0989  0.1865954784504162E-007
 0990  0.1865954784504162E-007
 0991  0.1865954784504162E-007
 0992  0.1865954784504162E-007
 0993  0.1865954784504162E-007
 0994  0.1865954784504162E-007
 0995  0.1865954784504162E-007
 0996  0.1865954784504162E-007
 0997  0.1865954784504162E-007
 0998  0.1865954784504162E-007
 0999  0.1865954784504162E-007
 1000  0.1865954784504162E-007
