 0001  0.4087379005853351E+000
 0002  0.4087379005853351E+000
 0003  0.4097716843014015E+000
 0004  0.4097716843014015E+000
 0005  0.4097716843014015E+000
 0006  0.4107970930804583E+000
 0007  0.4107970930804583E+000
 0008  0.4119325528650735E+000
 0009  0.4119325528650736E+000
 0010  0.4131825704472123E+000
 0011  0.4131825704472123E+000
 0012  0.4131825704472124E+000
 0013  0.4144257837030588E+000
 0014  0.4144257837030588E+000
 0015  0.4157987966010225E+000
 0016  0.4157987966010226E+000
 0017  0.4172913050308733E+000
 0018  0.4172913050308734E+000
 0019  0.4187491545942758E+000
 0020  0.4187491545942758E+000
 0021  0.4203437696145664E+000
 0022  0.4203437696145664E+000
 0023  0.4220832655026512E+000
 0024  0.4220832655026511E+000
 0025  0.4237823670087229E+000
 0026  0.4237823670087229E+000
 0027  0.4256284626744822E+000
 0028  0.4256284626744822E+000
 0029  0.4276359097886978E+000
 0030  0.4276359097886977E+000
 0031  0.4295967401870257E+000
 0032  0.4295967401870256E+000
 0033  0.4317546938868019E+000
 0034  0.4340532392918175E+000
 0035  0.4340532392918175E+000
 0036  0.4362984081284838E+000
 0037  0.4362984081284838E+000
 0038  0.4387896332960745E+000
 0039  0.4387896332960746E+000
 0040  0.4415073188473179E+000
 0041  0.4443719790298331E+000
 0042  0.4443719790298330E+000
 0043  0.4471701163889587E+000
 0044  0.4471701163889587E+000
 0045  0.4502625729450530E+000
 0046  0.4535236733443240E+000
 0047  0.4535236733443240E+000
 0048  0.4570530121504879E+000
 0049  0.4603547436683987E+000
 0050  0.4603547436683987E+000
 0051  0.4639173216844164E+000
 0052  0.4675359453494758E+000
 0053  0.4675359453494758E+000
 0054  0.4710705377341576E+000
 0055  0.4745942710973115E+000
 0056  0.4745942710973115E+000
 0057  0.4781551775728438E+000
 0058  0.4815599448413143E+000
 0059  0.4815599448413142E+000
 0060  0.4848305714943627E+000
 0061  0.4878454968604420E+000
 0062  0.4903784266582700E+000
 0063  0.4903784266582700E+000
 0064  0.4924003674597810E+000
 0065  0.4936242352735875E+000
 0066  0.4947467150351260E+000
 0067  0.4947467150351261E+000
 0068  0.4949255204412233E+000
 0069  0.4942727043890015E+000
 0070  0.4942727043890014E+000
 0071  0.4925497337567024E+000
 0072  0.4897281226355483E+000
 0073  0.4871732040045253E+000
 0074  0.4833232032430826E+000
 0075  0.4833232032430826E+000
 0076  0.4778027376191131E+000
 0077  0.4710175100015850E+000
 0078  0.4630572533576734E+000
 0079  0.4630572533576733E+000
 0080  0.4532341168000272E+000
 0081  0.4445003618232516E+000
 0082  0.4344614046462064E+000
 0083  0.4233155796888335E+000
 0084  0.4233155796888335E+000
 0085  0.4101073058699615E+000
 0086  0.3963115129867150E+000
 0087  0.3821124752059877E+000
 0088  0.3676625114394534E+000
 0089  0.3530875318110128E+000
 0090  0.3530875318110128E+000
 0091  0.3368523760162839E+000
 0092  0.3209109468209742E+000
 0093  0.3056241316626147E+000
 0094  0.2910235008842383E+000
 0095  0.2770224482318911E+000
 0096  0.2635561365799138E+000
 0097  0.2505749683456727E+000
 0098  0.2380400599630487E+000
 0099  0.2259200709035261E+000
 0100  0.2141889595745178E+000
 0101  0.2028593347594989E+000
 0102  0.1919070230110761E+000
 0103  0.1813672125986757E+000
 0104  0.1712644045788768E+000
 0105  0.1616142193046006E+000
 0106  0.1524249402449720E+000
 0107  0.1436988314378690E+000
 0108  0.1354332599152053E+000
 0109  0.1271724957984174E+000
 0110  0.1194987879627309E+000
 0111  0.1123697737798771E+000
 0112  0.1057465872685949E+000
 0113  0.9959347734013937E-001
 0114  0.9387748001464735E-001
 0115  0.8856813613633509E-001
 0116  0.7956402912592909E-001
 0117  0.7573075259603966E-001
 0118  0.7212114094680777E-001
 0119  0.6872639424182672E-001
 0120  0.6553744640854568E-001
 0121  0.6254508795972476E-001
 0122  0.5974006846273431E-001
 0123  0.5701102752981461E-001
 0124  0.5448101093620682E-001
 0125  0.5213529994737138E-001
 0126  0.4996032121464324E-001
 0127  0.4794185012739589E-001
 0128  0.4606897140251563E-001
 0129  0.4433147679003375E-001
 0130  0.4271984352562468E-001
 0131  0.3998267887230583E-001
 0132  0.3881685120542824E-001
 0133  0.3772361337521370E-001
 0134  0.3669901437009863E-001
 0135  0.3571072323957751E-001
 0136  0.3479127539919869E-001
 0137  0.3393537836424710E-001
 0138  0.3313868939057418E-001
 0139  0.3239715804837567E-001
 0140  0.3170700695046103E-001
 0141  0.3106471371354063E-001
 0142  0.3046699407721934E-001
 0143  0.2991078610963292E-001
 0144  0.2895716024010115E-001
 0145  0.2854745904139423E-001
 0146  0.2815325746993175E-001
 0147  0.2778474874762638E-001
 0148  0.2744026693232126E-001
 0149  0.2711825343182467E-001
 0150  0.2681725013918862E-001
 0151  0.2653589300277270E-001
 0152  0.2627290600389399E-001
 0153  0.2602709500765521E-001
 0154  0.2579734318277207E-001
 0155  0.2558260601127149E-001
 0156  0.2520697872056444E-001
 0157  0.2504278966533639E-001
 0158  0.2488862911862704E-001
 0159  0.2474388606716921E-001
 0160  0.2460798665322776E-001
 0161  0.2448039191646069E-001
 0162  0.2436059564415459E-001
 0163  0.2424809756843193E-001
 0164  0.2414245792300080E-001
 0165  0.2404316610004600E-001
 0166  0.2394741114014362E-001
 0167  0.2377719025834601E-001
 0168  0.2370013879341451E-001
 0169  0.2362326033261954E-001
 0170  0.2354533214376048E-001
 0171  0.2346515277199356E-001
 0172  0.2338156670272068E-001
 0173  0.2329348350086254E-001
 0174  0.2318752626488015E-001
 0175  0.2307556373063358E-001
 0176  0.2295460033274744E-001
 0177  0.2269485848874376E-001
 0178  0.2255565684924832E-001
 0179  0.2240658350402781E-001
 0180  0.2224752258255119E-001
 0181  0.2205673567086459E-001
 0182  0.2185682279839855E-001
 0183  0.2164807901861559E-001
 0184  0.2143077590714316E-001
 0185  0.2120522305916926E-001
 0186  0.2074770805840868E-001
 0187  0.2051465562968506E-001
 0188  0.2025173016739794E-001
 0189  0.1998393054856168E-001
 0190  0.1971163948286891E-001
 0191  0.1943524148446161E-001
 0192  0.1915512086939365E-001
 0193  0.1887068168619192E-001
 0194  0.1829178298508969E-001
 0195  0.1799987204721322E-001
 0196  0.1770703459637807E-001
 0197  0.1741289085967097E-001
 0198  0.1711784244748869E-001
 0199  0.1682225954903136E-001
 0200  0.1652649307157063E-001
 0201  0.1621486311505974E-001
 0202  0.1561738283514921E-001
 0203  0.1533068912320961E-001
 0204  0.1504550529339034E-001
 0205  0.1476203726866367E-001
 0206  0.1448047815319126E-001
 0207  0.1418787155063545E-001
 0208  0.1389893107066421E-001
 0209  0.1334897449113363E-001
 0210  0.1308671237134251E-001
 0211  0.1282707663442329E-001
 0212  0.1256025082437324E-001
 0213  0.1229757128850418E-001
 0214  0.1203883721593244E-001
 0215  0.1178407779070278E-001
 0216  0.1130046668986369E-001
 0217  0.1106287351253921E-001
 0218  0.1082926808206805E-001
 0219  0.1059963779976016E-001
 0220  0.1037396683696814E-001
 0221  0.1015211278051676E-001
 0222  0.9934072885654522E-002
 0223  0.9508989267303052E-002
 0224  0.9308165726010896E-002
 0225  0.9110944642910514E-002
 0226  0.8917300550312469E-002
 0227  0.8722064501360040E-002
 0228  0.8530876916657753E-002
 0229  0.8169793306477390E-002
 0230  0.7999091168257859E-002
 0231  0.7827460972913654E-002
 0232  0.7659410426146230E-002
 0233  0.7494825748075532E-002
 0234  0.7333649738545563E-002
 0235  0.7025612651104337E-002
 0236  0.6878479828033298E-002
 0237  0.6734373227301234E-002
 0238  0.6593239488303483E-002
 0239  0.6452162135590829E-002
 0240  0.6314227039048090E-002
 0241  0.6053661184005282E-002
 0242  0.5930517361001987E-002
 0243  0.5807542429190105E-002
 0244  0.5687230246455574E-002
 0245  0.5569525045390088E-002
 0246  0.5344885416584468E-002
 0247  0.5237716363964425E-002
 0248  0.5132798994607566E-002
 0249  0.5030088189945345E-002
 0250  0.4927864130635732E-002
 0251  0.4734438546726137E-002
 0252  0.4642873410387565E-002
 0253  0.4551783225046574E-002
 0254  0.4462646673398448E-002
 0255  0.4375421395658795E-002
 0256  0.4208869728476452E-002
 0257  0.4129366066141313E-002
 0258  0.4051510396752772E-002
 0259  0.3975261019766414E-002
 0260  0.3828509403926286E-002
 0261  0.3758885684654821E-002
 0262  0.3689764290799532E-002
 0263  0.3622084330465014E-002
 0264  0.3555809469087181E-002
 0265  0.3428356041484267E-002
 0266  0.3367843533210181E-002
 0267  0.3308543685014728E-002
 0268  0.3249746649170574E-002
 0269  0.3137934986364087E-002
 0270  0.3084155839598466E-002
 0271  0.3031451868668456E-002
 0272  0.2979797785867084E-002
 0273  0.2880370854833678E-002
 0274  0.2833042132174637E-002
 0275  0.2786147862537967E-002
 0276  0.2740181024489697E-002
 0277  0.2652123291712692E-002
 0278  0.2609947980096243E-002
 0279  0.2568576117097582E-002
 0280  0.2527609116922195E-002
 0281  0.2449089820444885E-002
 0282  0.2411463446402629E-002
 0283  0.2374544536538778E-002
 0284  0.2338002743383639E-002
 0285  0.2268206401652114E-002
 0286  0.2234586986547894E-002
 0287  0.2201590094260440E-002
 0288  0.2137972098688423E-002
 0289  0.2107557470729248E-002
 0290  0.2077452123216969E-002
 0291  0.2019602208743566E-002
 0292  0.1991808652637363E-002
 0293  0.1964304731637036E-002
 0294  0.1937291912491406E-002
 0295  0.1885348547557824E-002
 0296  0.1860375030837850E-002
 0297  0.1835663616053228E-002
 0298  0.1788114212864483E-002
 0299  0.1765238224034079E-002
 0300  0.1742604632276303E-002
 0301  0.1699022689530293E-002
 0302  0.1678040823804272E-002
 0303  0.1657281864887668E-002
 0304  0.1617281678492519E-002
 0305  0.1598010862592422E-002
 0306  0.1578944715132748E-002
 0307  0.1542181018239671E-002
 0308  0.1524457146180765E-002
 0309  0.1506920690069954E-002
 0310  0.1473082771068458E-002
 0311  0.1456674182930487E-002
 0312  0.1424992399528422E-002
 0313  0.1409698255400225E-002
 0314  0.1394564094392763E-002
 0315  0.1365254810583259E-002
 0316  0.1351066234638540E-002
 0317  0.1337092054248525E-002
 0318  0.1309954863890848E-002
 0319  0.1296840690988514E-002
 0320  0.1271362985439135E-002
 0321  0.1259042984886147E-002
 0322  0.1246850909279687E-002
 0323  0.1223207630532715E-002
 0324  0.1211746092693396E-002
 0325  0.1189466509151944E-002
 0326  0.1178681734258941E-002
 0327  0.1157708202158289E-002
 0328  0.1147513333041197E-002
 0329  0.1137458933556179E-002
 0330  0.1117901634486356E-002
 0331  0.1108392896470418E-002
 0332  0.1089893453751646E-002
 0333  0.1080925367548823E-002
 0334  0.1063469498459466E-002
 0335  0.1054976554555396E-002
 0336  0.1038441732690863E-002
 0337  0.1030394922125657E-002
 0338  0.1014724668255147E-002
 0339  0.1007096548893460E-002
 0340  0.9922380103770294E-003
 0341  0.9850033994882716E-003
 0342  0.9709082625324816E-003
 0343  0.9640437356233074E-003
 0344  0.9506663904569884E-003
 0345  0.9441497746341174E-003
 0346  0.9314471332255578E-003
 0347  0.9252444141801791E-003
 0348  0.9131520598234986E-003
 0349  0.9072589647188511E-003
 0350  0.8957450396954450E-003
 0351  0.8846806777538965E-003
 0352  0.8792808946858555E-003
 0353  0.8687370683845558E-003
 0354  0.8635905293567738E-003
 0355  0.8535314740730447E-003
 0356  0.8438472013072755E-003
 0357  0.8391149281572811E-003
 0358  0.8298696467019887E-003
 0359  0.8253482247001761E-003
 0360  0.8165137116324785E-003
 0361  0.8079898743951863E-003
 0362  0.8038204834888216E-003
 0363  0.7956659915030802E-003
 0364  0.7877950970466529E-003
 0365  0.7839421118042617E-003
 0366  0.7764005000347653E-003
 0367  0.7691145757393779E-003
 0368  0.7655474735696361E-003
 0369  0.7585608129680224E-003
 0370  0.7518056549280032E-003
 0371  0.7452677277083257E-003
 0372  0.7420660012315455E-003
 0373  0.7357865173462419E-003
 0374  0.7297061297846527E-003
 0375  0.7238178158659318E-003
 0376  0.7209308787630891E-003
 0377  0.7152656047042816E-003
 0378  0.7097744733381229E-003
 0379  0.7044492570744288E-003
 0380  0.6992837737429466E-003
 0381  0.6942712425062343E-003
 0382  0.6918098867831606E-003
 0383  0.6869756835526825E-003
 0384  0.6822819083676153E-003
 0385  0.6777227147873986E-003
 0386  0.6732926992440912E-003
 0387  0.6689866074849273E-003
 0388  0.6648001168758783E-003
 0389  0.6607283498756739E-003
 0390  0.6567669296227578E-003
 0391  0.6529125350682141E-003
 0392  0.6491724480742148E-003
 0393  0.6455452030417635E-003
 0394  0.6420261710888154E-003
 0395  0.6386109623700868E-003
 0396  0.6352954112817346E-003
 0397  0.6320755627291086E-003
 0398  0.6289476593709489E-003
 0399  0.6259081297611432E-003
 0400  0.6229535773163789E-003
 0401  0.6200807700443634E-003
 0402  0.6172866309730494E-003
 0403  0.6132505822429688E-003
 0404  0.6106586002521563E-003
 0405  0.6081348010566534E-003
 0406  0.6056767443851534E-003
 0407  0.6021198540812326E-003
 0408  0.5998316181611757E-003
 0409  0.5976007555702474E-003
 0410  0.5943684343923790E-003
 0411  0.5922863560501676E-003
 0412  0.5902546008447400E-003
 0413  0.5873072325314883E-003
 0414  0.5854064669491305E-003
 0415  0.5826467930119551E-003
 0416  0.5808655981352814E-003
 0417  0.5782774606950630E-003
 0418  0.5766056715075279E-003
 0419  0.5741746655137702E-003
 0420  0.5726032063566914E-003
 0421  0.5703164522659921E-003
 0422  0.5681159908014621E-003
 0423  0.5666919147401257E-003
 0424  0.5646173109036718E-003
 0425  0.5626182706151525E-003
 0426  0.5606910501055044E-003
 0427  0.5588321431718799E-003
 0428  0.5570382628841654E-003
 0429  0.5558747210749323E-003
 0430  0.5541759987409423E-003
 0431  0.5520041510684264E-003
 0432  0.5504414793120152E-003
 0433  0.5489301502140614E-003
 0434  0.5474678899686926E-003
 0435  0.5460525538685820E-003
 0436  0.5442382121425593E-003
 0437  0.5429294024552524E-003
 0438  0.5416609716402396E-003
 0439  0.5400325400902789E-003
 0440  0.5388561475073810E-003
 0441  0.5373444062733171E-003
 0442  0.5358964961222590E-003
 0443  0.5345088568894950E-003
 0444  0.5335044063475413E-003
 0445  0.5322111374374904E-003
 0446  0.5306691533686376E-003
 0447  0.5294918234248594E-003
 0448  0.5283603635746772E-003
 0449  0.5272724484422926E-003
 0450  0.5259720632483471E-003
 0451  0.5249768030810225E-003
 0452  0.5237857516032670E-003
 0453  0.5226515167678213E-003
 0454  0.5215706450401954E-003
 0455  0.5205399491299898E-003
 0456  0.5193662958546570E-003
 0457  0.5184376483366793E-003
 0458  0.5173786623465993E-003
 0459  0.5163771063641103E-003
 0460  0.5154291252522859E-003
 0461  0.5143869349166383E-003
 0462  0.5134091653040272E-003
 0463  0.5124909793138195E-003
 0464  0.5116279903507396E-003
 0465  0.5107047724766811E-003
 0466  0.5098440899161155E-003
 0467  0.5089448193136111E-003
 0468  0.5081128081661014E-003
 0469  0.5072605158858599E-003
 0470  0.5064031908015545E-003
 0471  0.5055546248827074E-003
 0472  0.5047871689893035E-003
 0473  0.5039832733808002E-003
 0474  0.5032189770758156E-003
 0475  0.5024175450269009E-003
 0476  0.5016895747348560E-003
 0477  0.5009158974816005E-003
 0478  0.5001824616323880E-003
 0479  0.4994676081189827E-003
 0480  0.4988585629583673E-003
 0481  0.4988585629583673E-003
 0482  0.4988585629583673E-003
 0483  0.4988585629583673E-003
 0484  0.4988585629583673E-003
 0485  0.4988585629583673E-003
 0486  0.4988585629583673E-003
 0487  0.4988585629583673E-003
 0488  0.4988585629583673E-003
 0489  0.4988585629583673E-003
 0490  0.4988585629583673E-003
 0491  0.4988585629583673E-003
 0492  0.4988585629583673E-003
 0493  0.4988585629583673E-003
 0494  0.4988585629583673E-003
 0495  0.4988585629583673E-003
 0496  0.4988585629583673E-003
 0497  0.4988585629583673E-003
 0498  0.4988585629583673E-003
 0499  0.4988585629583673E-003
 0500  0.4988585629583673E-003
 0501  0.4988585629583673E-003
 0502  0.4988585629583673E-003
 0503  0.4988585629583673E-003
 0504  0.4988585629583673E-003
 0505  0.4988585629583673E-003
 0506  0.4988585629583673E-003
 0507  0.4988585629583673E-003
 0508  0.4988585629583673E-003
 0509  0.4988585629583673E-003
 0510  0.4988585629583673E-003
 0511  0.4988585629583673E-003
 0512  0.4988585629583673E-003
 0513  0.4988585629583673E-003
 0514  0.4988585629583673E-003
 0515  0.4988585629583673E-003
 0516  0.4988585629583673E-003
 0517  0.4988585629583673E-003
 0518  0.4988585629583673E-003
 0519  0.4988585629583673E-003
 0520  0.4988585629583673E-003
 0521  0.4988585629583673E-003
 0522  0.4988585629583673E-003
 0523  0.4988585629583673E-003
 0524  0.4988585629583673E-003
 0525  0.4988585629583673E-003
 0526  0.4988585629583673E-003
 0527  0.4988585629583673E-003
 0528  0.4988585629583673E-003
 0529  0.4988585629583673E-003
 0530  0.4988585629583673E-003
 0531  0.4988585629583673E-003
 0532  0.4988585629583673E-003
 0533  0.4988585629583673E-003
 0534  0.4988585629583673E-003
 0535  0.4988585629583673E-003
 0536  0.4988585629583673E-003
 0537  0.4988585629583673E-003
 0538  0.4988585629583673E-003
 0539  0.4988585629583673E-003
 0540  0.4988585629583673E-003
 0541  0.4988585629583673E-003
 0542  0.4988585629583673E-003
 0543  0.4988585629583673E-003
 0544  0.4988585629583673E-003
 0545  0.4988585629583673E-003
 0546  0.4988585629583673E-003
 0547  0.4988585629583673E-003
 0548  0.4988585629583673E-003
 0549  0.4988585629583673E-003
 0550  0.4988585629583673E-003
 0551  0.4988585629583673E-003
 0552  0.4988585629583673E-003
 0553  0.4988585629583673E-003
 0554  0.4988585629583673E-003
 0555  0.4988585629583673E-003
 0556  0.4988585629583673E-003
 0557  0.4988585629583673E-003
 0558  0.4988585629583673E-003
 0559  0.4988585629583673E-003
 0560  0.4988585629583673E-003
 0561  0.4988585629583673E-003
 0562  0.4988585629583673E-003
 0563  0.4988585629583673E-003
 0564  0.4988585629583673E-003
 0565  0.4988585629583673E-003
 0566  0.4988585629583673E-003
 0567  0.4988585629583673E-003
 0568  0.4988585629583673E-003
 0569  0.4988585629583673E-003
 0570  0.4988585629583673E-003
 0571  0.4988585629583673E-003
 0572  0.4988585629583673E-003
 0573  0.4988585629583673E-003
 0574  0.4988585629583673E-003
 0575  0.4988585629583673E-003
 0576  0.4988585629583673E-003
 0577  0.4988585629583673E-003
 0578  0.4988585629583673E-003
 0579  0.4988585629583673E-003
 0580  0.4988585629583673E-003
 0581  0.4988585629583673E-003
 0582  0.4988585629583673E-003
 0583  0.4988585629583673E-003
 0584  0.4988585629583673E-003
 0585  0.4988585629583673E-003
 0586  0.4988585629583673E-003
 0587  0.4988585629583673E-003
 0588  0.4988585629583673E-003
 0589  0.4988585629583673E-003
 0590  0.4988585629583673E-003
 0591  0.4988585629583673E-003
 0592  0.4988585629583673E-003
 0593  0.4988585629583673E-003
 0594  0.4988585629583673E-003
 0595  0.4988585629583673E-003
 0596  0.4988585629583673E-003
 0597  0.4988585629583673E-003
 0598  0.4988585629583673E-003
 0599  0.4988585629583673E-003
 0600  0.4988585629583673E-003
 0601  0.4988585629583673E-003
 0602  0.4988585629583673E-003
 0603  0.4988585629583673E-003
 0604  0.4988585629583673E-003
 0605  0.4988585629583673E-003
 0606  0.4988585629583673E-003
 0607  0.4988585629583673E-003
 0608  0.4988585629583673E-003
 0609  0.4988585629583673E-003
 0610  0.4988585629583673E-003
 0611  0.4988585629583673E-003
 0612  0.4988585629583673E-003
 0613  0.4988585629583673E-003
 0614  0.4988585629583673E-003
 0615  0.4988585629583673E-003
 0616  0.4988585629583673E-003
 0617  0.4988585629583673E-003
 0618  0.4988585629583673E-003
 0619  0.4988585629583673E-003
 0620  0.4988585629583673E-003
 0621  0.4988585629583673E-003
 0622  0.4988585629583673E-003
 0623  0.4988585629583673E-003
 0624  0.4988585629583673E-003
 0625  0.4988585629583673E-003
 0626  0.4988585629583673E-003
 0627  0.4988585629583673E-003
 0628  0.4988585629583673E-003
 0629  0.4988585629583673E-003
 0630  0.4988585629583673E-003
 0631  0.4988585629583673E-003
 0632  0.4988585629583673E-003
 0633  0.4988585629583673E-003
 0634  0.4988585629583673E-003
 0635  0.4988585629583673E-003
 0636  0.4988585629583673E-003
 0637  0.4988585629583673E-003
 0638  0.4988585629583673E-003
 0639  0.4988585629583673E-003
 0640  0.4988585629583673E-003
 0641  0.4988585629583673E-003
 0642  0.4988585629583673E-003
 0643  0.4988585629583673E-003
 0644  0.4988585629583673E-003
 0645  0.4988585629583673E-003
 0646  0.4988585629583673E-003
 0647  0.4988585629583673E-003
 0648  0.4988585629583673E-003
 0649  0.4988585629583673E-003
 0650  0.4988585629583673E-003
 0651  0.4988585629583673E-003
 0652  0.4988585629583673E-003
 0653  0.4988585629583673E-003
 0654  0.4988585629583673E-003
 0655  0.4988585629583673E-003
 0656  0.4988585629583673E-003
 0657  0.4988585629583673E-003
 0658  0.4988585629583673E-003
 0659  0.4988585629583673E-003
 0660  0.4988585629583673E-003
 0661  0.4988585629583673E-003
 0662  0.4988585629583673E-003
 0663  0.4988585629583673E-003
 0664  0.4988585629583673E-003
 0665  0.4988585629583673E-003
 0666  0.4988585629583673E-003
 0667  0.4988585629583673E-003
 0668  0.4988585629583673E-003
 0669  0.4988585629583673E-003
 0670  0.4988585629583673E-003
 0671  0.4988585629583673E-003
 0672  0.4988585629583673E-003
 0673  0.4988585629583673E-003
 0674  0.4988585629583673E-003
 0675  0.4988585629583673E-003
 0676  0.4988585629583673E-003
 0677  0.4988585629583673E-003
 0678  0.4988585629583673E-003
 0679  0.4988585629583673E-003
 0680  0.4988585629583673E-003
 0681  0.4988585629583673E-003
 0682  0.4988585629583673E-003
 0683  0.4988585629583673E-003
 0684  0.4988585629583673E-003
 0685  0.4988585629583673E-003
 0686  0.4988585629583673E-003
 0687  0.4988585629583673E-003
 0688  0.4988585629583673E-003
 0689  0.4988585629583673E-003
 0690  0.4988585629583673E-003
 0691  0.4988585629583673E-003
 0692  0.4988585629583673E-003
 0693  0.4988585629583673E-003
 0694  0.4988585629583673E-003
 0695  0.4988585629583673E-003
 0696  0.4988585629583673E-003
 0697  0.4988585629583673E-003
 0698  0.4988585629583673E-003
 0699  0.4988585629583673E-003
 0700  0.4988585629583673E-003
 0701  0.4988585629583673E-003
 0702  0.4988585629583673E-003
 0703  0.4988585629583673E-003
 0704  0.4988585629583673E-003
 0705  0.4988585629583673E-003
 0706  0.4988585629583673E-003
 0707  0.4988585629583673E-003
 0708  0.4988585629583673E-003
 0709  0.4988585629583673E-003
 0710  0.4988585629583673E-003
 0711  0.4988585629583673E-003
 0712  0.4988585629583673E-003
 0713  0.4988585629583673E-003
 0714  0.4988585629583673E-003
 0715  0.4988585629583673E-003
 0716  0.4988585629583673E-003
 0717  0.4988585629583673E-003
 0718  0.4988585629583673E-003
 0719  0.4988585629583673E-003
 0720  0.4988585629583673E-003
 0721  0.4988585629583673E-003
 0722  0.4988585629583673E-003
 0723  0.4988585629583673E-003
 0724  0.4988585629583673E-003
 0725  0.4988585629583673E-003
 0726  0.4988585629583673E-003
 0727  0.4988585629583673E-003
 0728  0.4988585629583673E-003
 0729  0.4988585629583673E-003
 0730  0.4988585629583673E-003
 0731  0.4988585629583673E-003
 0732  0.4988585629583673E-003
 0733  0.4988585629583673E-003
 0734  0.4988585629583673E-003
 0735  0.4988585629583673E-003
 0736  0.4988585629583673E-003
 0737  0.4988585629583673E-003
 0738  0.4988585629583673E-003
 0739  0.4988585629583673E-003
 0740  0.4988585629583673E-003
 0741  0.4988585629583673E-003
 0742  0.4988585629583673E-003
 0743  0.4988585629583673E-003
 0744  0.4988585629583673E-003
 0745  0.4988585629583673E-003
 0746  0.4988585629583673E-003
 0747  0.4988585629583673E-003
 0748  0.4988585629583673E-003
 0749  0.4988585629583673E-003
 0750  0.4988585629583673E-003
 0751  0.4988585629583673E-003
 0752  0.4988585629583673E-003
 0753  0.4988585629583673E-003
 0754  0.4988585629583673E-003
 0755  0.4988585629583673E-003
 0756  0.4988585629583673E-003
 0757  0.4988585629583673E-003
 0758  0.4988585629583673E-003
 0759  0.4988585629583673E-003
 0760  0.4988585629583673E-003
 0761  0.4988585629583673E-003
 0762  0.4988585629583673E-003
 0763  0.4988585629583673E-003
 0764  0.4988585629583673E-003
 0765  0.4988585629583673E-003
 0766  0.4988585629583673E-003
 0767  0.4988585629583673E-003
 0768  0.4988585629583673E-003
 0769  0.4988585629583673E-003
 0770  0.4988585629583673E-003
 0771  0.4988585629583673E-003
 0772  0.4988585629583673E-003
 0773  0.4988585629583673E-003
 0774  0.4988585629583673E-003
 0775  0.4988585629583673E-003
 0776  0.4988585629583673E-003
 0777  0.4988585629583673E-003
 0778  0.4988585629583673E-003
 0779  0.4988585629583673E-003
 0780  0.4988585629583673E-003
 0781  0.4988585629583673E-003
 0782  0.4988585629583673E-003
 0783  0.4988585629583673E-003
 0784  0.4988585629583673E-003
 0785  0.4988585629583673E-003
 0786  0.4988585629583673E-003
 0787  0.4988585629583673E-003
 0788  0.4988585629583673E-003
 0789  0.4988585629583673E-003
 0790  0.4988585629583673E-003
 0791  0.4988585629583673E-003
 0792  0.4988585629583673E-003
 0793  0.4988585629583673E-003
 0794  0.4988585629583673E-003
 0795  0.4988585629583673E-003
 0796  0.4988585629583673E-003
 0797  0.4988585629583673E-003
 0798  0.4988585629583673E-003
 0799  0.4988585629583673E-003
 0800  0.4988585629583673E-003
 0801  0.4988585629583673E-003
 0802  0.4988585629583673E-003
 0803  0.4988585629583673E-003
 0804  0.4988585629583673E-003
 0805  0.4988585629583673E-003
 0806  0.4988585629583673E-003
 0807  0.4988585629583673E-003
 0808  0.4988585629583673E-003
 0809  0.4988585629583673E-003
 0810  0.4988585629583673E-003
 0811  0.4988585629583673E-003
 0812  0.4988585629583673E-003
 0813  0.4988585629583673E-003
 0814  0.4988585629583673E-003
 0815  0.4988585629583673E-003
 0816  0.4988585629583673E-003
 0817  0.4988585629583673E-003
 0818  0.4988585629583673E-003
 0819  0.4988585629583673E-003
 0820  0.4988585629583673E-003
 0821  0.4988585629583673E-003
 0822  0.4988585629583673E-003
 0823  0.4988585629583673E-003
 0824  0.4988585629583673E-003
 0825  0.4988585629583673E-003
 0826  0.4988585629583673E-003
 0827  0.4988585629583673E-003
 0828  0.4988585629583673E-003
 0829  0.4988585629583673E-003
 0830  0.4988585629583673E-003
 0831  0.4988585629583673E-003
 0832  0.4988585629583673E-003
 0833  0.4988585629583673E-003
 0834  0.4988585629583673E-003
 0835  0.4988585629583673E-003
 0836  0.4988585629583673E-003
 0837  0.4988585629583673E-003
 0838  0.4988585629583673E-003
 0839  0.4988585629583673E-003
 0840  0.4988585629583673E-003
 0841  0.4988585629583673E-003
 0842  0.4988585629583673E-003
 0843  0.4988585629583673E-003
 0844  0.4988585629583673E-003
 0845  0.4988585629583673E-003
 0846  0.4988585629583673E-003
 0847  0.4988585629583673E-003
 0848  0.4988585629583673E-003
 0849  0.4988585629583673E-003
 0850  0.4988585629583673E-003
 0851  0.4988585629583673E-003
 0852  0.4988585629583673E-003
 0853  0.4988585629583673E-003
 0854  0.4988585629583673E-003
 0855  0.4988585629583673E-003
 0856  0.4988585629583673E-003
 0857  0.4988585629583673E-003
 0858  0.4988585629583673E-003
 0859  0.4988585629583673E-003
 0860  0.4988585629583673E-003
 0861  0.4988585629583673E-003
 0862  0.4988585629583673E-003
 0863  0.4988585629583673E-003
 0864  0.4988585629583673E-003
 0865  0.4988585629583673E-003
 0866  0.4988585629583673E-003
 0867  0.4988585629583673E-003
 0868  0.4988585629583673E-003
 0869  0.4988585629583673E-003
 0870  0.4988585629583673E-003
 0871  0.4988585629583673E-003
 0872  0.4988585629583673E-003
 0873  0.4988585629583673E-003
 0874  0.4988585629583673E-003
 0875  0.4988585629583673E-003
 0876  0.4988585629583673E-003
 0877  0.4988585629583673E-003
 0878  0.4988585629583673E-003
 0879  0.4988585629583673E-003
 0880  0.4988585629583673E-003
 0881  0.4988585629583673E-003
 0882  0.4988585629583673E-003
 0883  0.4988585629583673E-003
 0884  0.4988585629583673E-003
 0885  0.4988585629583673E-003
 0886  0.4988585629583673E-003
 0887  0.4988585629583673E-003
 0888  0.4988585629583673E-003
 0889  0.4988585629583673E-003
 0890  0.4988585629583673E-003
 0891  0.4988585629583673E-003
 0892  0.4988585629583673E-003
 0893  0.4988585629583673E-003
 0894  0.4988585629583673E-003
 0895  0.4988585629583673E-003
 0896  0.4988585629583673E-003
 0897  0.4988585629583673E-003
 0898  0.4988585629583673E-003
 0899  0.4988585629583673E-003
 0900  0.4988585629583673E-003
 0901  0.4988585629583673E-003
 0902  0.4988585629583673E-003
 0903  0.4988585629583673E-003
 0904  0.4988585629583673E-003
 0905  0.4988585629583673E-003
 0906  0.4988585629583673E-003
 0907  0.4988585629583673E-003
 0908  0.4988585629583673E-003
 0909  0.4988585629583673E-003
 0910  0.4988585629583673E-003
 0911  0.4988585629583673E-003
 0912  0.4988585629583673E-003
 0913  0.4988585629583673E-003
 0914  0.4988585629583673E-003
 0915  0.4988585629583673E-003
 0916  0.4988585629583673E-003
 0917  0.4988585629583673E-003
 0918  0.4988585629583673E-003
 0919  0.4988585629583673E-003
 0920  0.4988585629583673E-003
 0921  0.4988585629583673E-003
 0922  0.4988585629583673E-003
 0923  0.4988585629583673E-003
 0924  0.4988585629583673E-003
 0925  0.4988585629583673E-003
 0926  0.4988585629583673E-003
 0927  0.4988585629583673E-003
 0928  0.4988585629583673E-003
 0929  0.4988585629583673E-003
 0930  0.4988585629583673E-003
 0931  0.4988585629583673E-003
 0932  0.4988585629583673E-003
 0933  0.4988585629583673E-003
 0934  0.4988585629583673E-003
 0935  0.4988585629583673E-003
 0936  0.4988585629583673E-003
 0937  0.4988585629583673E-003
 0938  0.4988585629583673E-003
 0939  0.4988585629583673E-003
 0940  0.4988585629583673E-003
 0941  0.4988585629583673E-003
 0942  0.4988585629583673E-003
 0943  0.4988585629583673E-003
 0944  0.4988585629583673E-003
 0945  0.4988585629583673E-003
 0946  0.4988585629583673E-003
 0947  0.4988585629583673E-003
 0948  0.4988585629583673E-003
 0949  0.4988585629583673E-003
 0950  0.4988585629583673E-003
 0951  0.4988585629583673E-003
 0952  0.4988585629583673E-003
 0953  0.4988585629583673E-003
 0954  0.4988585629583673E-003
 0955  0.4988585629583673E-003
 0956  0.4988585629583673E-003
 0957  0.4988585629583673E-003
 0958  0.4988585629583673E-003
 0959  0.4988585629583673E-003
 0960  0.4988585629583673E-003
 0961  0.4988585629583673E-003
 0962  0.4988585629583673E-003
 0963  0.4988585629583673E-003
 0964  0.4988585629583673E-003
 0965  0.4988585629583673E-003
 0966  0.4988585629583673E-003
 0967  0.4988585629583673E-003
 0968  0.4988585629583673E-003
 0969  0.4988585629583673E-003
 0970  0.4988585629583673E-003
 0971  0.4988585629583673E-003
 0972  0.4988585629583673E-003
 0973  0.4988585629583673E-003
 0974  0.4988585629583673E-003
 0975  0.4988585629583673E-003
 0976  0.4988585629583673E-003
 0977  0.4988585629583673E-003
 0978  0.4988585629583673E-003
 0979  0.4988585629583673E-003
 0980  0.4988585629583673E-003
 0981  0.4988585629583673E-003
 0982  0.4988585629583673E-003
 0983  0.4988585629583673E-003
 0984  0.4988585629583673E-003
 0985  0.4988585629583673E-003
 0986  0.4988585629583673E-003
 0987  0.4988585629583673E-003
 0988  0.4988585629583673E-003
 0989  0.4988585629583673E-003
 0990  0.4988585629583673E-003
 0991  0.4988585629583673E-003
 0992  0.4988585629583673E-003
 0993  0.4988585629583673E-003
 0994  0.4988585629583673E-003
 0995  0.4988585629583673E-003
 0996  0.4988585629583673E-003
 0997  0.4988585629583673E-003
 0998  0.4988585629583673E-003
 0999  0.4988585629583673E-003
 1000  0.4988585629583673E-003
