 0001  0.8893428408627483E+025
 0002  0.8369215181977589E+025
 0003  0.7914490630331366E+025
 0004  0.7362157627307350E+025
 0005  0.6785908095017080E+025
 0006  0.6300719615397971E+025
 0007  0.5914517907116762E+025
 0008  0.5431432039737847E+025
 0009  0.5019640197163063E+025
 0010  0.4646744888253122E+025
 0011  0.4241840203560153E+025
 0012  0.3887169566999374E+025
 0013  0.3603360844440038E+025
 0014  0.3316065249671957E+025
 0015  0.3002278246571107E+025
 0016  0.2741639957769524E+025
 0017  0.2491086022011870E+025
 0018  0.2276061332932032E+025
 0019  0.2071987726145840E+025
 0020  0.1870070017200042E+025
 0021  0.1690832648616488E+025
 0022  0.1525171907102738E+025
 0023  0.1371222231681258E+025
 0024  0.1235576026464353E+025
 0025  0.1102799683835299E+025
 0026  0.9809402986221654E+024
 0027  0.8715774034107903E+024
 0028  0.7821127336865150E+024
 0029  0.6826546045110878E+024
 0030  0.6044473912341314E+024
 0031  0.5325433400194373E+024
 0032  0.4626486720593586E+024
 0033  0.4003934760389827E+024
 0034  0.3446236790550407E+024
 0035  0.2946677334004088E+024
 0036  0.2504677869481081E+024
 0037  0.2129293524467050E+024
 0038  0.1814432633318009E+024
 0039  0.1551444157390328E+024
 0040  0.1315886219379489E+024
 0041  0.1092832432412179E+024
 0042  0.9515290666074357E+023
 0043  0.8033575998925308E+023
 0044  0.6909341271660389E+023
 0045  0.5995289811341858E+023
 0046  0.5228202411261632E+023
 0047  0.4567013422681864E+023
 0048  0.3975544339527331E+023
 0049  0.3479373777195283E+023
 0050  0.3052439642657096E+023
 0051  0.2689188743343508E+023
 0052  0.2370867068724540E+023
 0053  0.2101572245185598E+023
 0054  0.1864805298018196E+023
 0055  0.1644743674611528E+023
 0056  0.1466045323969025E+023
 0057  0.1304075218907587E+023
 0058  0.1161236345846918E+023
 0059  0.1030959201931303E+023
 0060  0.9263766636342580E+022
 0061  0.8255604037382771E+022
 0062  0.7364434330343541E+022
 0063  0.6575550700340472E+022
 0064  0.5848507121270263E+022
 0065  0.5209172824276154E+022
 0066  0.4662806010504220E+022
 0067  0.4150574275744173E+022
 0068  0.3695212675794513E+022
 0069  0.3290389659355238E+022
 0070  0.2889630933404789E+022
 0071  0.2564232270575708E+022
 0072  0.2270239807191589E+022
 0073  0.2008989425399281E+022
 0074  0.1779824480638141E+022
 0075  0.1573044808780164E+022
 0076  0.1405357369128032E+022
 0077  0.1238873667144907E+022
 0078  0.1094048486000608E+022
 0079  0.9240821866246575E+021
 0080  0.8012021538867091E+021
 0081  0.6939165439701894E+021
 0082  0.5897084283851983E+021
 0083  0.5070139326985476E+021
 0084  0.4317073489549504E+021
 0085  0.3670599746071871E+021
 0086  0.3089980021450645E+021
 0087  0.2574360648585605E+021
 0088  0.2124701035277682E+021
 0089  0.1747963613653619E+021
 0090  0.1375583486454641E+021
 0091  0.1091767541454437E+021
 0092  0.8428403542487191E+020
 0093  0.6184008254065313E+020
 0094  0.4545039980651844E+020
 0095  0.3289118516652121E+020
 0096  0.2309760897786803E+020
 0097  0.1390139677963458E+020
 0098  0.9945924405525537E+019
 0099  0.7372106902247045E+019
 0100  0.5639695649196732E+019
 0101  0.4478492088514730E+019
 0102  0.3595413542976105E+019
 0103  0.2946843758280345E+019
 0104  0.2460984251940479E+019
 0105  0.2070169651845706E+019
 0106  0.1778748383763803E+019
 0107  0.1539820152206161E+019
 0108  0.1334983071752937E+019
 0109  0.1177165565746174E+019
 0110  0.1047140590377279E+019
 0111  0.9314177973154488E+018
 0112  0.8341199559965542E+018
 0113  0.7615142531845007E+018
 0114  0.6946021171764404E+018
 0115  0.6453570298262172E+018
 0116  0.5760415935665091E+018
 0117  0.5295138871119743E+018
 0118  0.4826923695819498E+018
 0119  0.4407207786257128E+018
 0120  0.3948442240353590E+018
 0121  0.3728256318008703E+018
 0122  0.3463853603074867E+018
 0123  0.3164171120948035E+018
 0124  0.2959317907632687E+018
 0125  0.2717012791066041E+018
 0126  0.2570440379048332E+018
 0127  0.2410990343549573E+018
 0128  0.2232234579678809E+018
 0129  0.2063998199075544E+018
 0130  0.1958555591944737E+018
 0131  0.1849513291197127E+018
 0132  0.1728706297849389E+018
 0133  0.1619348380664776E+018
 0134  0.1528219929226334E+018
 0135  0.1445329297566160E+018
 0136  0.1367388465297877E+018
 0137  0.1291728967294857E+018
 0138  0.1217125251707283E+018
 0139  0.1144826913112700E+018
 0140  0.1085290155851598E+018
 0141  0.1025934899752828E+018
 0142  0.9679068307116736E+017
 0143  0.9152534948236560E+017
 0144  0.8629604998653608E+017
 0145  0.8177998813503134E+017
 0146  0.7769336097172278E+017
 0147  0.7353686326325155E+017
 0148  0.6996201699833766E+017
 0149  0.6702311938372192E+017
 0150  0.6435520152294950E+017
 0151  0.6042544640243474E+017
 0152  0.5754138040733454E+017
 0153  0.5520110810933907E+017
 0154  0.5274963355019272E+017
 0155  0.5027061561989638E+017
 0156  0.4757334933558830E+017
 0157  0.4548276976925216E+017
 0158  0.4358688761422618E+017
 0159  0.4148029672573521E+017
 0160  0.3928640219592660E+017
 0161  0.3706145776932709E+017
 0162  0.3576547229561704E+017
 0163  0.3404306796713076E+017
 0164  0.3241324238437561E+017
 0165  0.3118918833449532E+017
 0166  0.2990140260351947E+017
 0167  0.2862457163389356E+017
 0168  0.2735472206835497E+017
 0169  0.2612028276022598E+017
 0170  0.2464005017042458E+017
 0171  0.2337296578414749E+017
 0172  0.2250584243744638E+017
 0173  0.2176156101517736E+017
 0174  0.2082566604233523E+017
 0175  0.1979939314941320E+017
 0176  0.1895431835072517E+017
 0177  0.1815237732516655E+017
 0178  0.1710463563829169E+017
 0179  0.1645434886672734E+017
 0180  0.1589489831880326E+017
 0181  0.1519057725144666E+017
 0182  0.1438982738568148E+017
 0183  0.1374459623860200E+017
 0184  0.1309524711785888E+017
 0185  0.1241382597287407E+017
 0186  0.1197581222039398E+017
 0187  0.1153123628801889E+017
 0188  0.1100811171676912E+017
 0189  0.1046828362231818E+017
 0190  0.9845673143433160E+016
 0191  0.9488477595601532E+016
 0192  0.9082891896472880E+016
 0193  0.8540001670864552E+016
 0194  0.8236155066568326E+016
 0195  0.7910640790521582E+016
 0196  0.7561385757004226E+016
 0197  0.7212661264383549E+016
 0198  0.6862323206538950E+016
 0199  0.6517435138296904E+016
 0200  0.6179514542159140E+016
 0201  0.5829648757763104E+016
 0202  0.5535684975850392E+016
 0203  0.5286516119957872E+016
 0204  0.5061429713291946E+016
 0205  0.4793498516661861E+016
 0206  0.4542647105617060E+016
 0207  0.4315163447733368E+016
 0208  0.4135686470720064E+016
 0209  0.3962501621870814E+016
 0210  0.3700451638013225E+016
 0211  0.3478357424882188E+016
 0212  0.3331629231848114E+016
 0213  0.3143514820250093E+016
 0214  0.2907842115795490E+016
 0215  0.2761175559897740E+016
 0216  0.2624910881987829E+016
 0217  0.2480268224621143E+016
 0218  0.2322212931765532E+016
 0219  0.2170842783691730E+016
 0220  0.2041747135609542E+016
 0221  0.1937189481799723E+016
 0222  0.1828925567060781E+016
 0223  0.1660297306085092E+016
 0224  0.1545810647557640E+016
 0225  0.1430151227280392E+016
 0226  0.1316292142955952E+016
 0227  0.1230303337476430E+016
 0228  0.1151495905902463E+016
 0229  0.1059823433491622E+016
 0230  0.9790168748267069E+015
 0231  0.8955877131424692E+015
 0232  0.8215077425772035E+015
 0233  0.7396687120460796E+015
 0234  0.6853809120391666E+015
 0235  0.6333778835915320E+015
 0236  0.5759537290346250E+015
 0237  0.5080670105929064E+015
 0238  0.4518803001456198E+015
 0239  0.4041116752479970E+015
 0240  0.3607502751982535E+015
 0241  0.3194365622359952E+015
 0242  0.2726913795005461E+015
 0243  0.2411950500642443E+015
 0244  0.2021254530971001E+015
 0245  0.1712616806854739E+015
 0246  0.1401918901952640E+015
 0247  0.1125877554125497E+015
 0248  0.8967983678416433E+014
 0249  0.6506731066437811E+014
 0250  0.4682761076169800E+014
 0251  0.2972698182767948E+014
 0252  0.1542272670356172E+014
 0253  0.4811707687898566E+013
 0254  0.3666632711252424E+000
 0255  0.3666589421561208E+000
 0256  0.3666506756497994E+000
 0257  0.3666467293485182E+000
 0258  0.3666428647210818E+000
 0259  0.3666390797033576E+000
 0260  0.3666317943984949E+000
 0261  0.3666283378594762E+000
 0262  0.3666249060659687E+000
 0263  0.3666215457480905E+000
 0264  0.3666182551057994E+000
 0265  0.3666119264619563E+000
 0266  0.3666089216290088E+000
 0267  0.3666059769414134E+000
 0268  0.3666030570874818E+000
 0269  0.3665975043510460E+000
 0270  0.3665948334537129E+000
 0271  0.3665922159009277E+000
 0272  0.3665896504390079E+000
 0273  0.3665847120439403E+000
 0274  0.3665823612265749E+000
 0275  0.3665800319046830E+000
 0276  0.3665777486104341E+000
 0277  0.3665733744033998E+000
 0278  0.3665712793045373E+000
 0279  0.3665692240847825E+000
 0280  0.3665671889143068E+000
 0281  0.3665632880961419E+000
 0282  0.3665614187737372E+000
 0283  0.3665595845732861E+000
 0284  0.3665577690593834E+000
 0285  0.3665543012846848E+000
 0286  0.3665526308774631E+000
 0287  0.3665509913805565E+000
 0288  0.3665478303373231E+000
 0289  0.3665463190723684E+000
 0290  0.3665448231413443E+000
 0291  0.3665419485244817E+000
 0292  0.3665405674069634E+000
 0293  0.3665392006542795E+000
 0294  0.3665378582926522E+000
 0295  0.3665352769951102E+000
 0296  0.3665340359258027E+000
 0297  0.3665328078592586E+000
 0298  0.3665304447873571E+000
 0299  0.3665293078951167E+000
 0300  0.3665281830308267E+000
 0301  0.3665260170223536E+000
 0302  0.3665249742138296E+000
 0303  0.3665239424681797E+000
 0304  0.3665219543809992E+000
 0305  0.3665209965699576E+000
 0306  0.3665200489182505E+000
 0307  0.3665182216142739E+000
 0308  0.3665173406545501E+000
 0309  0.3665164689990463E+000
 0310  0.3665147870529480E+000
 0311  0.3665139714335092E+000
 0312  0.3665123966133561E+000
 0313  0.3665116363719536E+000
 0314  0.3665108840746485E+000
 0315  0.3665094271331203E+000
 0316  0.3665087218209486E+000
 0317  0.3665080271628191E+000
 0318  0.3665066781500579E+000
 0319  0.3665060262270839E+000
 0320  0.3665047596789754E+000
 0321  0.3665041472213513E+000
 0322  0.3665035411178642E+000
 0323  0.3665023657293874E+000
 0324  0.3665017959310960E+000
 0325  0.3665006883119239E+000
 0326  0.3665001521476515E+000
 0327  0.3664991094383984E+000
 0328  0.3664986025900384E+000
 0329  0.3664981027235030E+000
 0330  0.3664971303988719E+000
 0331  0.3664966576509068E+000
 0332  0.3664957379013855E+000
 0333  0.3664952920260645E+000
 0334  0.3664944241472554E+000
 0335  0.3664940018874678E+000
 0336  0.3664931797874538E+000
 0337  0.3664927797022370E+000
 0338  0.3664920005753764E+000
 0339  0.3664916213014587E+000
 0340  0.3664908825220659E+000
 0341  0.3664905228083782E+000
 0342  0.3664898219762000E+000
 0343  0.3664894806589563E+000
 0344  0.3664888155078878E+000
 0345  0.3664884914853903E+000
 0346  0.3664878598744497E+000
 0347  0.3664875514555222E+000
 0348  0.3664869501819495E+000
 0349  0.3664866571553813E+000
 0350  0.3664860846364612E+000
 0351  0.3664855344676935E+000
 0352  0.3664852659652704E+000
 0353  0.3664847416743339E+000
 0354  0.3664844857618081E+000
 0355  0.3664839855708866E+000
 0356  0.3664835040130887E+000
 0357  0.3664832686960607E+000
 0358  0.3664828089632859E+000
 0359  0.3664825841289691E+000
 0360  0.3664821448182405E+000
 0361  0.3664817209537502E+000
 0362  0.3664815136217084E+000
 0363  0.3664811081203276E+000
 0364  0.3664807167194136E+000
 0365  0.3664805251187802E+000
 0366  0.3664801500893682E+000
 0367  0.3664797877729913E+000
 0368  0.3664796103865416E+000
 0369  0.3664792629495751E+000
 0370  0.3664789270233768E+000
 0371  0.3664786018982361E+000
 0372  0.3664784426788479E+000
 0373  0.3664781304038652E+000
 0374  0.3664778280285202E+000
 0375  0.3664775352037574E+000
 0376  0.3664773916364954E+000
 0377  0.3664771099017864E+000
 0378  0.3664768368261687E+000
 0379  0.3664765720005423E+000
 0380  0.3664763151175789E+000
 0381  0.3664760658401361E+000
 0382  0.3664759434344860E+000
 0383  0.3664757030241929E+000
 0384  0.3664754695967716E+000
 0385  0.3664752428615268E+000
 0386  0.3664750225497885E+000
 0387  0.3664748084003036E+000
 0388  0.3664746001981691E+000
 0389  0.3664743977008547E+000
 0390  0.3664742006907353E+000
 0391  0.3664740090027194E+000
 0392  0.3664738229993723E+000
 0393  0.3664736426079220E+000
 0394  0.3664734675981635E+000
 0395  0.3664732977517792E+000
 0396  0.3664731328616040E+000
 0397  0.3664729727309415E+000
 0398  0.3664728171729305E+000
 0399  0.3664726660099543E+000
 0400  0.3664725190730930E+000
 0401  0.3664723762016119E+000
 0402  0.3664722372424860E+000
 0403  0.3664720365202637E+000
 0404  0.3664719076148862E+000
 0405  0.3664717821003999E+000
 0406  0.3664716598554444E+000
 0407  0.3664714829629007E+000
 0408  0.3664713691635317E+000
 0409  0.3664712582174736E+000
 0410  0.3664710974665181E+000
 0411  0.3664709939198516E+000
 0412  0.3664708928758734E+000
 0413  0.3664707462962958E+000
 0414  0.3664706517667405E+000
 0415  0.3664705145216470E+000
 0416  0.3664704259386249E+000
 0417  0.3664702972244459E+000
 0418  0.3664702140824267E+000
 0419  0.3664700931827652E+000
 0420  0.3664700150303951E+000
 0421  0.3664699013047208E+000
 0422  0.3664697918705825E+000
 0423  0.3664697210479213E+000
 0424  0.3664696178729796E+000
 0425  0.3664695184559913E+000
 0426  0.3664694226107701E+000
 0427  0.3664693301629441E+000
 0428  0.3664692409490466E+000
 0429  0.3664691830833682E+000
 0430  0.3664690986019002E+000
 0431  0.3664689905907931E+000
 0432  0.3664689128754412E+000
 0433  0.3664688377134807E+000
 0434  0.3664687649918300E+000
 0435  0.3664686946038277E+000
 0436  0.3664686043723345E+000
 0437  0.3664685392821420E+000
 0438  0.3664684762000860E+000
 0439  0.3664683952143444E+000
 0440  0.3664683367095667E+000
 0441  0.3664682615271098E+000
 0442  0.3664681895191231E+000
 0443  0.3664681205085513E+000
 0444  0.3664680705548569E+000
 0445  0.3664680062375438E+000
 0446  0.3664679295510394E+000
 0447  0.3664678709996446E+000
 0448  0.3664678147294776E+000
 0449  0.3664677606248923E+000
 0450  0.3664676959536697E+000
 0451  0.3664676464570342E+000
 0452  0.3664675872232352E+000
 0453  0.3664675308150618E+000
 0454  0.3664674770607615E+000
 0455  0.3664674258018230E+000
 0456  0.3664673674332776E+000
 0457  0.3664673212494464E+000
 0458  0.3664672685835755E+000
 0459  0.3664672187738343E+000
 0460  0.3664671716284978E+000
 0461  0.3664671197979145E+000
 0462  0.3664670711711255E+000
 0463  0.3664670255075707E+000
 0464  0.3664669825890943E+000
 0465  0.3664669366752920E+000
 0466  0.3664668938715183E+000
 0467  0.3664668491486703E+000
 0468  0.3664668077707937E+000
 0469  0.3664667653842885E+000
 0470  0.3664667227474900E+000
 0471  0.3664666805463056E+000
 0472  0.3664666423789140E+000
 0473  0.3664666023992894E+000
 0474  0.3664665643890316E+000
 0475  0.3664665245319256E+000
 0476  0.3664664883282461E+000
 0477  0.3664664498514515E+000
 0478  0.3664664133759570E+000
 0479  0.3664663778246058E+000
 0480  0.3664663475353535E+000
 0481  0.3664663475353535E+000
 0482  0.3664663475353535E+000
 0483  0.3664663475353535E+000
 0484  0.3664663475353535E+000
 0485  0.3664663475353535E+000
 0486  0.3664663475353535E+000
 0487  0.3664663475353535E+000
 0488  0.3664663475353535E+000
 0489  0.3664663475353535E+000
 0490  0.3664663475353535E+000
 0491  0.3664663475353535E+000
 0492  0.3664663475353535E+000
 0493  0.3664663475353535E+000
 0494  0.3664663475353535E+000
 0495  0.3664663475353535E+000
 0496  0.3664663475353535E+000
 0497  0.3664663475353535E+000
 0498  0.3664663475353535E+000
 0499  0.3664663475353535E+000
 0500  0.3664663475353535E+000
 0501  0.3664663475353535E+000
 0502  0.3664663475353535E+000
 0503  0.3664663475353535E+000
 0504  0.3664663475353535E+000
 0505  0.3664663475353535E+000
 0506  0.3664663475353535E+000
 0507  0.3664663475353535E+000
 0508  0.3664663475353535E+000
 0509  0.3664663475353535E+000
 0510  0.3664663475353535E+000
 0511  0.3664663475353535E+000
 0512  0.3664663475353535E+000
 0513  0.3664663475353535E+000
 0514  0.3664663475353535E+000
 0515  0.3664663475353535E+000
 0516  0.3664663475353535E+000
 0517  0.3664663475353535E+000
 0518  0.3664663475353535E+000
 0519  0.3664663475353535E+000
 0520  0.3664663475353535E+000
 0521  0.3664663475353535E+000
 0522  0.3664663475353535E+000
 0523  0.3664663475353535E+000
 0524  0.3664663475353535E+000
 0525  0.3664663475353535E+000
 0526  0.3664663475353535E+000
 0527  0.3664663475353535E+000
 0528  0.3664663475353535E+000
 0529  0.3664663475353535E+000
 0530  0.3664663475353535E+000
 0531  0.3664663475353535E+000
 0532  0.3664663475353535E+000
 0533  0.3664663475353535E+000
 0534  0.3664663475353535E+000
 0535  0.3664663475353535E+000
 0536  0.3664663475353535E+000
 0537  0.3664663475353535E+000
 0538  0.3664663475353535E+000
 0539  0.3664663475353535E+000
 0540  0.3664663475353535E+000
 0541  0.3664663475353535E+000
 0542  0.3664663475353535E+000
 0543  0.3664663475353535E+000
 0544  0.3664663475353535E+000
 0545  0.3664663475353535E+000
 0546  0.3664663475353535E+000
 0547  0.3664663475353535E+000
 0548  0.3664663475353535E+000
 0549  0.3664663475353535E+000
 0550  0.3664663475353535E+000
 0551  0.3664663475353535E+000
 0552  0.3664663475353535E+000
 0553  0.3664663475353535E+000
 0554  0.3664663475353535E+000
 0555  0.3664663475353535E+000
 0556  0.3664663475353535E+000
 0557  0.3664663475353535E+000
 0558  0.3664663475353535E+000
 0559  0.3664663475353535E+000
 0560  0.3664663475353535E+000
 0561  0.3664663475353535E+000
 0562  0.3664663475353535E+000
 0563  0.3664663475353535E+000
 0564  0.3664663475353535E+000
 0565  0.3664663475353535E+000
 0566  0.3664663475353535E+000
 0567  0.3664663475353535E+000
 0568  0.3664663475353535E+000
 0569  0.3664663475353535E+000
 0570  0.3664663475353535E+000
 0571  0.3664663475353535E+000
 0572  0.3664663475353535E+000
 0573  0.3664663475353535E+000
 0574  0.3664663475353535E+000
 0575  0.3664663475353535E+000
 0576  0.3664663475353535E+000
 0577  0.3664663475353535E+000
 0578  0.3664663475353535E+000
 0579  0.3664663475353535E+000
 0580  0.3664663475353535E+000
 0581  0.3664663475353535E+000
 0582  0.3664663475353535E+000
 0583  0.3664663475353535E+000
 0584  0.3664663475353535E+000
 0585  0.3664663475353535E+000
 0586  0.3664663475353535E+000
 0587  0.3664663475353535E+000
 0588  0.3664663475353535E+000
 0589  0.3664663475353535E+000
 0590  0.3664663475353535E+000
 0591  0.3664663475353535E+000
 0592  0.3664663475353535E+000
 0593  0.3664663475353535E+000
 0594  0.3664663475353535E+000
 0595  0.3664663475353535E+000
 0596  0.3664663475353535E+000
 0597  0.3664663475353535E+000
 0598  0.3664663475353535E+000
 0599  0.3664663475353535E+000
 0600  0.3664663475353535E+000
 0601  0.3664663475353535E+000
 0602  0.3664663475353535E+000
 0603  0.3664663475353535E+000
 0604  0.3664663475353535E+000
 0605  0.3664663475353535E+000
 0606  0.3664663475353535E+000
 0607  0.3664663475353535E+000
 0608  0.3664663475353535E+000
 0609  0.3664663475353535E+000
 0610  0.3664663475353535E+000
 0611  0.3664663475353535E+000
 0612  0.3664663475353535E+000
 0613  0.3664663475353535E+000
 0614  0.3664663475353535E+000
 0615  0.3664663475353535E+000
 0616  0.3664663475353535E+000
 0617  0.3664663475353535E+000
 0618  0.3664663475353535E+000
 0619  0.3664663475353535E+000
 0620  0.3664663475353535E+000
 0621  0.3664663475353535E+000
 0622  0.3664663475353535E+000
 0623  0.3664663475353535E+000
 0624  0.3664663475353535E+000
 0625  0.3664663475353535E+000
 0626  0.3664663475353535E+000
 0627  0.3664663475353535E+000
 0628  0.3664663475353535E+000
 0629  0.3664663475353535E+000
 0630  0.3664663475353535E+000
 0631  0.3664663475353535E+000
 0632  0.3664663475353535E+000
 0633  0.3664663475353535E+000
 0634  0.3664663475353535E+000
 0635  0.3664663475353535E+000
 0636  0.3664663475353535E+000
 0637  0.3664663475353535E+000
 0638  0.3664663475353535E+000
 0639  0.3664663475353535E+000
 0640  0.3664663475353535E+000
 0641  0.3664663475353535E+000
 0642  0.3664663475353535E+000
 0643  0.3664663475353535E+000
 0644  0.3664663475353535E+000
 0645  0.3664663475353535E+000
 0646  0.3664663475353535E+000
 0647  0.3664663475353535E+000
 0648  0.3664663475353535E+000
 0649  0.3664663475353535E+000
 0650  0.3664663475353535E+000
 0651  0.3664663475353535E+000
 0652  0.3664663475353535E+000
 0653  0.3664663475353535E+000
 0654  0.3664663475353535E+000
 0655  0.3664663475353535E+000
 0656  0.3664663475353535E+000
 0657  0.3664663475353535E+000
 0658  0.3664663475353535E+000
 0659  0.3664663475353535E+000
 0660  0.3664663475353535E+000
 0661  0.3664663475353535E+000
 0662  0.3664663475353535E+000
 0663  0.3664663475353535E+000
 0664  0.3664663475353535E+000
 0665  0.3664663475353535E+000
 0666  0.3664663475353535E+000
 0667  0.3664663475353535E+000
 0668  0.3664663475353535E+000
 0669  0.3664663475353535E+000
 0670  0.3664663475353535E+000
 0671  0.3664663475353535E+000
 0672  0.3664663475353535E+000
 0673  0.3664663475353535E+000
 0674  0.3664663475353535E+000
 0675  0.3664663475353535E+000
 0676  0.3664663475353535E+000
 0677  0.3664663475353535E+000
 0678  0.3664663475353535E+000
 0679  0.3664663475353535E+000
 0680  0.3664663475353535E+000
 0681  0.3664663475353535E+000
 0682  0.3664663475353535E+000
 0683  0.3664663475353535E+000
 0684  0.3664663475353535E+000
 0685  0.3664663475353535E+000
 0686  0.3664663475353535E+000
 0687  0.3664663475353535E+000
 0688  0.3664663475353535E+000
 0689  0.3664663475353535E+000
 0690  0.3664663475353535E+000
 0691  0.3664663475353535E+000
 0692  0.3664663475353535E+000
 0693  0.3664663475353535E+000
 0694  0.3664663475353535E+000
 0695  0.3664663475353535E+000
 0696  0.3664663475353535E+000
 0697  0.3664663475353535E+000
 0698  0.3664663475353535E+000
 0699  0.3664663475353535E+000
 0700  0.3664663475353535E+000
 0701  0.3664663475353535E+000
 0702  0.3664663475353535E+000
 0703  0.3664663475353535E+000
 0704  0.3664663475353535E+000
 0705  0.3664663475353535E+000
 0706  0.3664663475353535E+000
 0707  0.3664663475353535E+000
 0708  0.3664663475353535E+000
 0709  0.3664663475353535E+000
 0710  0.3664663475353535E+000
 0711  0.3664663475353535E+000
 0712  0.3664663475353535E+000
 0713  0.3664663475353535E+000
 0714  0.3664663475353535E+000
 0715  0.3664663475353535E+000
 0716  0.3664663475353535E+000
 0717  0.3664663475353535E+000
 0718  0.3664663475353535E+000
 0719  0.3664663475353535E+000
 0720  0.3664663475353535E+000
 0721  0.3664663475353535E+000
 0722  0.3664663475353535E+000
 0723  0.3664663475353535E+000
 0724  0.3664663475353535E+000
 0725  0.3664663475353535E+000
 0726  0.3664663475353535E+000
 0727  0.3664663475353535E+000
 0728  0.3664663475353535E+000
 0729  0.3664663475353535E+000
 0730  0.3664663475353535E+000
 0731  0.3664663475353535E+000
 0732  0.3664663475353535E+000
 0733  0.3664663475353535E+000
 0734  0.3664663475353535E+000
 0735  0.3664663475353535E+000
 0736  0.3664663475353535E+000
 0737  0.3664663475353535E+000
 0738  0.3664663475353535E+000
 0739  0.3664663475353535E+000
 0740  0.3664663475353535E+000
 0741  0.3664663475353535E+000
 0742  0.3664663475353535E+000
 0743  0.3664663475353535E+000
 0744  0.3664663475353535E+000
 0745  0.3664663475353535E+000
 0746  0.3664663475353535E+000
 0747  0.3664663475353535E+000
 0748  0.3664663475353535E+000
 0749  0.3664663475353535E+000
 0750  0.3664663475353535E+000
 0751  0.3664663475353535E+000
 0752  0.3664663475353535E+000
 0753  0.3664663475353535E+000
 0754  0.3664663475353535E+000
 0755  0.3664663475353535E+000
 0756  0.3664663475353535E+000
 0757  0.3664663475353535E+000
 0758  0.3664663475353535E+000
 0759  0.3664663475353535E+000
 0760  0.3664663475353535E+000
 0761  0.3664663475353535E+000
 0762  0.3664663475353535E+000
 0763  0.3664663475353535E+000
 0764  0.3664663475353535E+000
 0765  0.3664663475353535E+000
 0766  0.3664663475353535E+000
 0767  0.3664663475353535E+000
 0768  0.3664663475353535E+000
 0769  0.3664663475353535E+000
 0770  0.3664663475353535E+000
 0771  0.3664663475353535E+000
 0772  0.3664663475353535E+000
 0773  0.3664663475353535E+000
 0774  0.3664663475353535E+000
 0775  0.3664663475353535E+000
 0776  0.3664663475353535E+000
 0777  0.3664663475353535E+000
 0778  0.3664663475353535E+000
 0779  0.3664663475353535E+000
 0780  0.3664663475353535E+000
 0781  0.3664663475353535E+000
 0782  0.3664663475353535E+000
 0783  0.3664663475353535E+000
 0784  0.3664663475353535E+000
 0785  0.3664663475353535E+000
 0786  0.3664663475353535E+000
 0787  0.3664663475353535E+000
 0788  0.3664663475353535E+000
 0789  0.3664663475353535E+000
 0790  0.3664663475353535E+000
 0791  0.3664663475353535E+000
 0792  0.3664663475353535E+000
 0793  0.3664663475353535E+000
 0794  0.3664663475353535E+000
 0795  0.3664663475353535E+000
 0796  0.3664663475353535E+000
 0797  0.3664663475353535E+000
 0798  0.3664663475353535E+000
 0799  0.3664663475353535E+000
 0800  0.3664663475353535E+000
 0801  0.3664663475353535E+000
 0802  0.3664663475353535E+000
 0803  0.3664663475353535E+000
 0804  0.3664663475353535E+000
 0805  0.3664663475353535E+000
 0806  0.3664663475353535E+000
 0807  0.3664663475353535E+000
 0808  0.3664663475353535E+000
 0809  0.3664663475353535E+000
 0810  0.3664663475353535E+000
 0811  0.3664663475353535E+000
 0812  0.3664663475353535E+000
 0813  0.3664663475353535E+000
 0814  0.3664663475353535E+000
 0815  0.3664663475353535E+000
 0816  0.3664663475353535E+000
 0817  0.3664663475353535E+000
 0818  0.3664663475353535E+000
 0819  0.3664663475353535E+000
 0820  0.3664663475353535E+000
 0821  0.3664663475353535E+000
 0822  0.3664663475353535E+000
 0823  0.3664663475353535E+000
 0824  0.3664663475353535E+000
 0825  0.3664663475353535E+000
 0826  0.3664663475353535E+000
 0827  0.3664663475353535E+000
 0828  0.3664663475353535E+000
 0829  0.3664663475353535E+000
 0830  0.3664663475353535E+000
 0831  0.3664663475353535E+000
 0832  0.3664663475353535E+000
 0833  0.3664663475353535E+000
 0834  0.3664663475353535E+000
 0835  0.3664663475353535E+000
 0836  0.3664663475353535E+000
 0837  0.3664663475353535E+000
 0838  0.3664663475353535E+000
 0839  0.3664663475353535E+000
 0840  0.3664663475353535E+000
 0841  0.3664663475353535E+000
 0842  0.3664663475353535E+000
 0843  0.3664663475353535E+000
 0844  0.3664663475353535E+000
 0845  0.3664663475353535E+000
 0846  0.3664663475353535E+000
 0847  0.3664663475353535E+000
 0848  0.3664663475353535E+000
 0849  0.3664663475353535E+000
 0850  0.3664663475353535E+000
 0851  0.3664663475353535E+000
 0852  0.3664663475353535E+000
 0853  0.3664663475353535E+000
 0854  0.3664663475353535E+000
 0855  0.3664663475353535E+000
 0856  0.3664663475353535E+000
 0857  0.3664663475353535E+000
 0858  0.3664663475353535E+000
 0859  0.3664663475353535E+000
 0860  0.3664663475353535E+000
 0861  0.3664663475353535E+000
 0862  0.3664663475353535E+000
 0863  0.3664663475353535E+000
 0864  0.3664663475353535E+000
 0865  0.3664663475353535E+000
 0866  0.3664663475353535E+000
 0867  0.3664663475353535E+000
 0868  0.3664663475353535E+000
 0869  0.3664663475353535E+000
 0870  0.3664663475353535E+000
 0871  0.3664663475353535E+000
 0872  0.3664663475353535E+000
 0873  0.3664663475353535E+000
 0874  0.3664663475353535E+000
 0875  0.3664663475353535E+000
 0876  0.3664663475353535E+000
 0877  0.3664663475353535E+000
 0878  0.3664663475353535E+000
 0879  0.3664663475353535E+000
 0880  0.3664663475353535E+000
 0881  0.3664663475353535E+000
 0882  0.3664663475353535E+000
 0883  0.3664663475353535E+000
 0884  0.3664663475353535E+000
 0885  0.3664663475353535E+000
 0886  0.3664663475353535E+000
 0887  0.3664663475353535E+000
 0888  0.3664663475353535E+000
 0889  0.3664663475353535E+000
 0890  0.3664663475353535E+000
 0891  0.3664663475353535E+000
 0892  0.3664663475353535E+000
 0893  0.3664663475353535E+000
 0894  0.3664663475353535E+000
 0895  0.3664663475353535E+000
 0896  0.3664663475353535E+000
 0897  0.3664663475353535E+000
 0898  0.3664663475353535E+000
 0899  0.3664663475353535E+000
 0900  0.3664663475353535E+000
 0901  0.3664663475353535E+000
 0902  0.3664663475353535E+000
 0903  0.3664663475353535E+000
 0904  0.3664663475353535E+000
 0905  0.3664663475353535E+000
 0906  0.3664663475353535E+000
 0907  0.3664663475353535E+000
 0908  0.3664663475353535E+000
 0909  0.3664663475353535E+000
 0910  0.3664663475353535E+000
 0911  0.3664663475353535E+000
 0912  0.3664663475353535E+000
 0913  0.3664663475353535E+000
 0914  0.3664663475353535E+000
 0915  0.3664663475353535E+000
 0916  0.3664663475353535E+000
 0917  0.3664663475353535E+000
 0918  0.3664663475353535E+000
 0919  0.3664663475353535E+000
 0920  0.3664663475353535E+000
 0921  0.3664663475353535E+000
 0922  0.3664663475353535E+000
 0923  0.3664663475353535E+000
 0924  0.3664663475353535E+000
 0925  0.3664663475353535E+000
 0926  0.3664663475353535E+000
 0927  0.3664663475353535E+000
 0928  0.3663524943793445E+000
 0929  0.3662195527417810E+000
 0930  0.3660876286895184E+000
 0931  0.3659567144335712E+000
 0932  0.3658268022445801E+000
 0933  0.3656978844523459E+000
 0934  0.3655699534453823E+000
 0935  0.3654430016704629E+000
 0936  0.3653170216321740E+000
 0937  0.3651920058924829E+000
 0938  0.3650679470702877E+000
 0939  0.3649448378409734E+000
 0940  0.3648226709360054E+000
 0941  0.3647014391424787E+000
 0942  0.3645811353026929E+000
 0943  0.3644617523137487E+000
 0944  0.3643432831271067E+000
 0945  0.3642257207481716E+000
 0946  0.3641090582359070E+000
 0947  0.3639932887023853E+000
 0948  0.3638784053124182E+000
 0949  0.3637644012831281E+000
 0950  0.3636512698835574E+000
 0951  0.3635390044342671E+000
 0952  0.3634275983069494E+000
 0953  0.3633170449240301E+000
 0954  0.3632073377582897E+000
 0955  0.3630984703324505E+000
 0956  0.3629904362188382E+000
 0957  0.3628832290389657E+000
 0958  0.3627768424631672E+000
 0959  0.3626712702102311E+000
 0960  0.3625665060470310E+000
 0961  0.3624625437881345E+000
 0962  0.3623593772954677E+000
 0963  0.3622570004779394E+000
 0964  0.3621554072910722E+000
 0965  0.3620545917366693E+000
 0966  0.3619545478624336E+000
 0967  0.3618552697616412E+000
 0968  0.3617567515727687E+000
 0969  0.3616589874791675E+000
 0970  0.3615619717087065E+000
 0971  0.3614656985334370E+000
 0972  0.3613701622692633E+000
 0973  0.3612753572755827E+000
 0974  0.3611812779549752E+000
 0975  0.3610879187528739E+000
 0976  0.3609952741572115E+000
 0977  0.3609033386981282E+000
 0978  0.3608121069476241E+000
 0979  0.3607215735192422E+000
 0980  0.3606317330677707E+000
 0981  0.3605425802888983E+000
 0982  0.3604541099189220E+000
 0983  0.3603663167344275E+000
 0984  0.3602791955519788E+000
 0985  0.3601927412278234E+000
 0986  0.3601069486575686E+000
 0987  0.3600218127759059E+000
 0988  0.3599373285562941E+000
 0989  0.3598534910106609E+000
 0990  0.3597702951891174E+000
 0991  0.3596877361796691E+000
 0992  0.3596058091079086E+000
 0993  0.3595245091367482E+000
 0994  0.3594438314661208E+000
 0995  0.3593637713326883E+000
 0996  0.3592843240095842E+000
 0997  0.3592054848061003E+000
 0998  0.3591272490674343E+000
 0999  0.3590496121743436E+000
 1000  0.0000000000000000E+000
