  0.0000000000E+000  0.0000000000E+000
  1.7022903710E+003  4.0935368536E+014
  3.4042480008E+003  4.4788657766E+014
  5.1053681142E+003  5.0276690986E+014
  6.8065868297E+003  5.3616555814E+014
  8.5078937876E+003  5.5708369998E+014
  1.0216292220E+004  5.8295939039E+014
  1.1917914388E+004  6.0412189789E+014
  1.3633288307E+004  6.1887248592E+014
  1.5339280223E+004  6.3105472439E+014
  1.7044359634E+004  6.4628337411E+014
  1.8747144616E+004  6.5872700085E+014
  2.0440007546E+004  6.6890622572E+014
  2.2165935009E+004  6.7817840483E+014
  2.3888562425E+004  6.8645831233E+014
  2.5588118977E+004  6.9728031965E+014
  2.7272762668E+004  7.0912527384E+014
  2.9031875365E+004  7.2133853020E+014
  3.0758881251E+004  7.3210023360E+014
  3.2407095267E+004  7.4118644811E+014
  3.4117095267E+004  7.5389470144E+014
  3.5827095267E+004  7.6614182785E+014
  3.7537095267E+004  7.7690532037E+014
  3.9247095267E+004  7.8638026157E+014
  4.0957095267E+004  7.9779952477E+014
  4.2667095267E+004  8.0794580937E+014
  4.4377095267E+004  8.1700935065E+014
  4.6087095267E+004  8.2497684153E+014
  4.7702095267E+004  8.3371260825E+014
  4.9412095267E+004  8.4246711256E+014
  5.1122095267E+004  8.5059095295E+014
  5.2832095267E+004  8.5829874296E+014
  5.4542095267E+004  8.6637608669E+014
  5.6252095267E+004  8.7485145781E+014
  5.7962095267E+004  8.8277158373E+014
  5.9672095267E+004  8.9038031661E+014
  6.1310059917E+004  8.9776620305E+014
  6.3085269316E+004  9.0673541137E+014
  6.4700269316E+004  9.1420737085E+014
  6.6410269316E+004  9.2177877927E+014
  6.8120269316E+004  9.2968950383E+014
  6.9830269316E+004  9.3798532484E+014
  7.1540269316E+004  9.4546453943E+014
  7.3250269316E+004  9.5249762905E+014
  7.4960269316E+004  9.6019909570E+014
  7.6670269316E+004  9.6780683775E+014
  7.8380269316E+004  9.7472341854E+014
  7.9995269316E+004  9.8095685368E+014
  8.1705269316E+004  9.8858769103E+014
  8.3415269316E+004  9.9574547164E+014
  8.5125269316E+004  1.0023496697E+015
  8.6835269316E+004  1.0088892253E+015
  8.8545269316E+004  1.0164146355E+015
  9.0255269316E+004  1.0231196355E+015
  9.1965269316E+004  1.0293766625E+015
  9.3649537811E+004  1.0362465537E+015
  9.5295159747E+004  1.0428737179E+015
  9.6971021164E+004  1.0490095251E+015
  9.8680491880E+004  1.0550306906E+015
  1.0034966678E+005  1.0619036839E+015
  1.0202795370E+005  1.0680822451E+015
  1.0373318072E+005  1.0738575294E+015
  1.0542104686E+005  1.0801557204E+015
  1.0711365644E+005  1.0864086970E+015
  1.0880794608E+005  1.0920727267E+015
  1.1050316525E+005  1.0975446456E+015
  1.1220175102E+005  1.1037820914E+015
  1.1390231605E+005  1.1094059675E+015
  1.1560195742E+005  1.1145532279E+015
  1.1730173326E+005  1.1201770070E+015
  1.1900286812E+005  1.1257218119E+015
  1.2070218408E+005  1.1307559192E+015
  1.2240202780E+005  1.1354520077E+015
  1.2410181377E+005  1.1408892420E+015
  1.2580230214E+005  1.1458146882E+015
  1.2750240922E+005  1.1503230309E+015
  1.2920223943E+005  1.1547909809E+015
  1.3090194306E+005  1.1596119749E+015
  1.3260251840E+005  1.1640042846E+015
  1.3430162948E+005  1.1680369905E+015
  1.3600199424E+005  1.1720289769E+015
  1.3770176087E+005  1.1763345886E+015
  1.3940250097E+005  1.1802833924E+015
  1.4110149811E+005  1.1839182399E+015
  1.4280194734E+005  1.1872983284E+015
  1.4450233577E+005  1.1911461569E+015
  1.4620171155E+005  1.1947573870E+015
  1.4790256929E+005  1.1981110233E+015
  1.4960181909E+005  1.2012308843E+015
  1.5130152938E+005  1.2042300328E+015
  1.5300166218E+005  1.2076163617E+015
  1.5470184716E+005  1.2107735792E+015
  1.5640141301E+005  1.2137263900E+015
  1.5810142545E+005  1.2165053374E+015
  1.5980208085E+005  1.2191258914E+015
  1.6150172668E+005  1.2220716028E+015
  1.6320166664E+005  1.2249280239E+015
  1.6490191095E+005  1.2276219497E+015
  1.6660184183E+005  1.2301662075E+015
  1.6830211475E+005  1.2325813217E+015
  1.7000176572E+005  1.2349200102E+015
  1.7170169501E+005  1.2375744695E+015
  1.7340130673E+005  1.2400896871E+015
  1.7510190707E+005  1.2424828603E+015
  1.7680176438E+005  1.2447590677E+015
  1.7850168015E+005  1.2469281048E+015
  1.8020162032E+005  1.2490023586E+015
  1.8190120041E+005  1.2513218012E+015
  1.8360197825E+005  1.2536104845E+015
  1.8530162024E+005  1.2557922877E+015
  1.8700116270E+005  1.2578799346E+015
  1.8870108958E+005  1.2598803618E+015
  1.9040166973E+005  1.2617980511E+015
  1.9210176236E+005  1.2636377909E+015
  1.9380135410E+005  1.2657575808E+015
  1.9550129471E+005  1.2677925781E+015
  1.9720170747E+005  1.2697459456E+015
  1.9890104364E+005  1.2716200654E+015
  2.0060173005E+005  1.2734231969E+015
  2.0230189613E+005  1.2751605482E+015
  2.0400107752E+005  1.2768339084E+015
  2.0570131562E+005  1.2786353184E+015
  2.0740106828E+005  1.2804850481E+015
  2.0910144649E+005  1.2822686892E+015
  2.1080173522E+005  1.2839904951E+015
  2.1250119255E+005  1.2856515368E+015
  2.1420191546E+005  1.2872564712E+015
  2.1590126531E+005  1.2888057312E+015
  2.1760127986E+005  1.2903060786E+015
  2.1930126704E+005  1.2919178861E+015
  2.2100133197E+005  1.2935836160E+015
  2.2270169419E+005  1.2951944388E+015
  2.2440154914E+005  1.2967525008E+015
  2.2610105646E+005  1.2982616557E+015
  2.2780139543E+005  1.2997278167E+015
  2.2950173960E+005  1.3011513845E+015
  2.3120136116E+005  1.3025333361E+015
  2.3290136658E+005  1.3038765086E+015
  2.3460101961E+005  1.3053972389E+015
  2.3630145001E+005  1.3068920334E+015
  2.3800190644E+005  1.3083466271E+015
  2.3970163895E+005  1.3097612105E+015
  2.4140180341E+005  1.3111384865E+015
  2.4310169831E+005  1.3124797153E+015
  2.4480159169E+005  1.3137869403E+015
  2.4650177137E+005  1.3150634694E+015
  2.4820156870E+005  1.3163115380E+015
  2.4990129301E+005  1.3176782988E+015
  2.5160125223E+005  1.3190748089E+015
  2.5330177715E+005  1.3204389457E+015
  2.5500129883E+005  1.3217708733E+015
  2.5670112642E+005  1.3230738470E+015
  2.5840163540E+005  1.3243515774E+015
  2.6010130806E+005  1.3256034013E+015
  2.6180152477E+005  1.3268310798E+015
  2.6350180476E+005  1.3280353625E+015
  2.6520178474E+005  1.3292442573E+015
  2.6690124336E+005  1.3305969742E+015
  2.6860116523E+005  1.3319258735E+015
  2.7030194053E+005  1.3332320710E+015
  2.7200160236E+005  1.3345141718E+015
  2.7370161265E+005  1.3357740122E+015
  2.7540198911E+005  1.3370127118E+015
  2.7710114316E+005  1.3382302180E+015
  2.7880161007E+005  1.3394303996E+015
  2.8050168015E+005  1.3406140848E+015
  2.8220207272E+005  1.3418900023E+015
  2.8390161177E+005  1.3432249831E+015
  2.8560199040E+005  1.3445397973E+015
  2.8730174334E+005  1.3458339959E+015
  2.8900164927E+005  1.3471094049E+015
  2.9070122316E+005  1.3483682695E+015
  2.9240134887E+005  1.3496114802E+015
  2.9410234303E+005  1.3508396998E+015
  2.9580171730E+005  1.3520516874E+015
  2.9750221683E+005  1.3533106474E+015
  2.9920207953E+005  1.3546801025E+015
  3.0090127061E+005  1.3560331092E+015
  3.0260116364E+005  1.3573702763E+015
  3.0430219063E+005  1.3586916552E+015
  3.0600176709E+005  1.3599954529E+015
  3.0770134380E+005  1.3612835310E+015
  3.0940117108E+005  1.3625576730E+015
  3.1110219169E+005  1.3638204545E+015
  3.1280143308E+005  1.3651823627E+015
  3.1450150181E+005  1.3666061632E+015
  3.1620170019E+005  1.3680123753E+015
  3.1790198473E+005  1.3694012609E+015
  3.1960175172E+005  1.3707745217E+015
  3.2130151265E+005  1.3721325781E+015
  3.2300161902E+005  1.3734754367E+015
  3.2470224421E+005  1.3748036240E+015
  3.2640182262E+005  1.3762054238E+015
  3.2810130320E+005  1.3776976765E+015
  3.2980177517E+005  1.3791735483E+015
  3.3150192673E+005  1.3806310020E+015
  3.3320236316E+005  1.3820704288E+015
  3.3490224717E+005  1.3834910959E+015
  3.3660216277E+005  1.3848952127E+015
  3.3830125834E+005  1.3862825516E+015
  3.4000165057E+005  1.3878294277E+015
  3.4170183941E+005  1.3893771287E+015
  3.4340170147E+005  1.3909007482E+015
  3.4510127549E+005  1.3924019780E+015
  3.4680137656E+005  1.3938805527E+015
  3.4850213836E+005  1.3953353042E+015
  3.5020188097E+005  1.3967644087E+015
  3.5190237163E+005  1.3983185652E+015
  3.5360126762E+005  1.3998932462E+015
  3.5530124290E+005  1.4014381514E+015
  3.5700225946E+005  1.4029526639E+015
  3.5870198272E+005  1.4044345220E+015
  3.6040168840E+005  1.4058866379E+015
  3.6210156362E+005  1.4073095513E+015
  3.6380142637E+005  1.4088611866E+015
  3.6550224787E+005  1.4104118268E+015
  3.6720153424E+005  1.4119255384E+015
  3.6890222355E+005  1.4134071708E+015
  3.7060226486E+005  1.4148546840E+015
  3.7230204787E+005  1.4162687265E+015
  3.7400183054E+005  1.4176503093E+015
  3.7570234566E+005  1.4191695528E+015
  3.7740181559E+005  1.4206678335E+015
  3.7910120265E+005  1.4221307355E+015
  3.8080142852E+005  1.4235597750E+015
  3.8250191880E+005  1.4249558775E+015
  3.8420182353E+005  1.4263211017E+015
  3.8590160254E+005  1.4276563163E+015
  3.8760136477E+005  1.4291222575E+015
  3.8930201226E+005  1.4305667335E+015
  3.9100136883E+005  1.4319780859E+015
  3.9270157768E+005  1.4333600884E+015
  3.9440226889E+005  1.4347127018E+015
  3.9610121719E+005  1.4360350100E+015
  3.9780152194E+005  1.4373306683E+015
  3.9950144848E+005  1.4387400475E+015
  4.0120219608E+005  1.4401447006E+015
  4.0290115382E+005  1.4415186560E+015
  4.0460192250E+005  1.4428656712E+015
  4.0630216923E+005  1.4441851945E+015
  4.0800115163E+005  1.4454790410E+015
  4.0970184324E+005  1.4467498656E+015
  4.1140183327E+005  1.4481104254E+015
  4.1310200039E+005  1.4494848674E+015
  4.1480196615E+005  1.4508323306E+015
  4.1650183776E+005  1.4521544880E+015
  4.1820118367E+005  1.4534509380E+015
  4.1990209491E+005  1.4547237087E+015
  4.2160139855E+005  1.4559711584E+015
  4.2330153906E+005  1.4572878032E+015
  4.2500162349E+005  1.4586371280E+015
  4.2670198028E+005  1.4599596863E+015
  4.2840131769E+005  1.4612549738E+015
  4.3010200428E+005  1.4625258801E+015
  4.3180107375E+005  1.4637721659E+015
  4.3350177122E+005  1.4649961022E+015
  4.3520205262E+005  1.4662633968E+015
  4.3690171534E+005  1.4675792924E+015
  4.3860129599E+005  1.4688687420E+015
  4.4030110617E+005  1.4701328789E+015
  4.4200143368E+005  1.4713720088E+015
  4.4370193996E+005  1.4725863880E+015
  4.4540136281E+005  1.4737759780E+015
  4.4710131141E+005  1.4749799050E+015
  4.4880118526E+005  1.4762580856E+015
  4.5050132272E+005  1.4775093405E+015
  4.5220194976E+005  1.4787344159E+015
  4.5390120360E+005  1.4799338248E+015
  4.5560151961E+005  1.4811104024E+015
  4.5730113264E+005  1.4822628847E+015
  4.5900122504E+005  1.4833924382E+015
  4.6070147639E+005  1.4846181262E+015
  4.6240139243E+005  1.4858255787E+015
  4.6410143772E+005  1.4870078884E+015
  4.6580171634E+005  1.4881655564E+015
  4.6750114318E+005  1.4892984581E+015
  4.6920117823E+005  1.4904086858E+015
  4.7090182055E+005  1.4914977265E+015
  4.7260160320E+005  1.4926154962E+015
  4.7430115623E+005  1.4937764843E+015
  4.7600130735E+005  1.4949128494E+015
  4.7770150655E+005  1.4960258140E+015
  4.7940131466E+005  1.4971163296E+015
  4.8110194183E+005  1.4981854256E+015
  4.8280116446E+005  1.4992322610E+015
  4.8450134576E+005  1.5002589814E+015
  4.8620173464E+005  1.5013395222E+015
  4.8790138741E+005  1.5024348837E+015
  4.8960175460E+005  1.5035090801E+015
  4.9130109009E+005  1.5045615235E+015
  4.9300196825E+005  1.5055944408E+015
  4.9470135909E+005  1.5066074677E+015
  4.9640178795E+005  1.5076031433E+015
  4.9810161322E+005  1.5085805563E+015
  4.9980157305E+005  1.5096057405E+015
  5.0150161196E+005  1.5106476631E+015
  5.0320195859E+005  1.5116699594E+015
  5.0490194405E+005  1.5126733601E+015
  5.0660147197E+005  1.5136577107E+015
  5.0830236363E+005  1.5146242950E+015
  5.1000190487E+005  1.5155720014E+015
  5.1170226753E+005  1.5165025653E+015
  5.1340170609E+005  1.5174491189E+015
  5.1510239956E+005  1.5184408473E+015
  5.1680230649E+005  1.5194132507E+015
  5.1850183142E+005  1.5203668904E+015
  5.2020228744E+005  1.5213029226E+015
  5.2190235948E+005  1.5222215189E+015
  5.2360247554E+005  1.5231242002E+015
  5.2530240336E+005  1.5240110298E+015
  5.2700233075E+005  1.5248825615E+015
  5.2870163159E+005  1.5258009600E+015
  5.3040125140E+005  1.5267280915E+015
  5.3210234087E+005  1.5276402612E+015
  5.3380194163E+005  1.5285365773E+015
  5.3550180896E+005  1.5294181172E+015
  5.3720175218E+005  1.5302851608E+015
  5.3890148284E+005  1.5311381374E+015
  5.4060155192E+005  1.5319780643E+015
  5.4230235990E+005  1.5328064759E+015
  5.4400197353E+005  1.5336834684E+015
  5.4570160242E+005  1.5345678952E+015
  5.4740134597E+005  1.5354392317E+015
  5.4910246548E+005  1.5362986163E+015
  5.5080157647E+005  1.5371450901E+015
  5.5250188437E+005  1.5379815764E+015
  5.5420227159E+005  1.5388078904E+015
  5.5590194976E+005  1.5396241348E+015
  5.5760139642E+005  1.5404311136E+015
  5.5930194115E+005  1.5412761431E+015
  5.6100205986E+005  1.5421439040E+015
  5.6270143868E+005  1.5430029863E+015
  5.6440210493E+005  1.5438545012E+015
  5.6610174486E+005  1.5446974695E+015
  5.6780129411E+005  1.5455325891E+015
  5.6950204117E+005  1.5463606480E+015
  5.7120137106E+005  1.5471810746E+015
  5.7290132034E+005  1.5479949468E+015
  5.7460170440E+005  1.5488432959E+015
  5.7630153158E+005  1.5497179478E+015
  5.7800171331E+005  1.5505829941E+015
  5.7970168717E+005  1.5514383836E+015
  5.8140199047E+005  1.5522858695E+015
  5.8310161650E+005  1.5531261916E+015
  5.8480140031E+005  1.5539618229E+015
  5.8650138360E+005  1.5547959663E+015
  5.8820212516E+005  1.5556330173E+015
  5.8990170200E+005  1.5565367474E+015
  5.9160216383E+005  1.5574745901E+015
  5.9330176819E+005  1.5584306479E+015
  5.9500155823E+005  1.5594109311E+015
  5.9670203845E+005  1.5604208533E+015
  5.9840185864E+005  1.5614644163E+015
  6.0010168535E+005  1.5625467294E+015
  6.0180158093E+005  1.5637149620E+015
  6.0350170487E+005  1.5649898124E+015
  6.0520120547E+005  1.5663103994E+015
  6.0690141526E+005  1.5676785165E+015
  6.0860219759E+005  1.5690934744E+015
  6.1030117699E+005  1.5705634240E+015
  6.1200164006E+005  1.5722020210E+015
  6.1370174720E+005  1.5738802045E+015
  6.1540190612E+005  1.5755942002E+015
  6.1710221902E+005  1.5773400448E+015
  6.1880128078E+005  1.5792578188E+015
  6.2050195453E+005  1.5812150066E+015
  6.2220183862E+005  1.5831872255E+015
  6.2390156079E+005  1.5852319832E+015
  6.2560164775E+005  1.5874003525E+015
  6.2730162289E+005  1.5895673221E+015
  6.2900211323E+005  1.5917613305E+015
  6.3070204428E+005  1.5941030327E+015
  6.3240126203E+005  1.5964243223E+015
  6.3410203355E+005  1.5987775005E+015
  6.3580106065E+005  1.6012474175E+015
  6.3750126457E+005  1.6036841414E+015
  6.3920166314E+005  1.6061959029E+015
  6.4090124574E+005  1.6087557229E+015
  6.4260111675E+005  1.6112678324E+015
  6.4430199069E+005  1.6139336613E+015
  6.4600105275E+005  1.6165426908E+015
  6.4770137959E+005  1.6192042544E+015
  6.4940183223E+005  1.6219008534E+015
  6.5110124764E+005  1.6245607546E+015
  6.5280175165E+005  1.6273303206E+015
  6.5450134578E+005  1.6300223585E+015
  6.5620119383E+005  1.6328214018E+015
  6.5790177067E+005  1.6355664195E+015
  6.5960098704E+005  1.6383626674E+015
  6.6130155092E+005  1.6411473586E+015
  6.6300140625E+005  1.6439422891E+015
  6.6470146107E+005  1.6467558549E+015
  6.6640157179E+005  1.6495492091E+015
  6.6810138764E+005  1.6523824396E+015
  6.6980131654E+005  1.6551722094E+015
  6.7150113835E+005  1.6580159998E+015
  6.7320086273E+005  1.6607999199E+015
  6.7490087572E+005  1.6636452800E+015
  6.7660115638E+005  1.6664224823E+015
  6.7830151881E+005  1.6692626204E+015
  6.8000142776E+005  1.6720303529E+015
  6.8170096234E+005  1.6748573086E+015
  6.8340110560E+005  1.6776142889E+015
  6.8510124984E+005  1.6804242004E+015
  6.8680135613E+005  1.6831669885E+015
  6.8850112090E+005  1.6859523927E+015
  6.9020113129E+005  1.6886779290E+015
  6.9190104739E+005  1.6914353173E+015
  6.9360093401E+005  1.6941418832E+015
  6.9530088971E+005  1.6968685208E+015
  6.9700091071E+005  1.6995555979E+015
  6.9870122112E+005  1.7022498430E+015
  7.0040068275E+005  1.7049144757E+015
  7.0210076189E+005  1.7075728381E+015
  7.0380092063E+005  1.7102148443E+015
  7.0550105615E+005  1.7128361627E+015
  7.0720066845E+005  1.7154528194E+015
  7.0890095091E+005  1.7180372794E+015
  7.1060080507E+005  1.7206304610E+015
  7.1230086292E+005  1.7231784826E+015
  7.1400124307E+005  1.7257494296E+015
  7.1570086461E+005  1.7282615117E+015
  7.1740080198E+005  1.7308089801E+015
  7.1910082551E+005  1.7332868245E+015
  7.2080121434E+005  1.7358123665E+015
  7.2250078006E+005  1.7382647632E+015
  7.2420107736E+005  1.7407587055E+015
  7.2590121084E+005  1.7431929142E+015
  7.2760099654E+005  1.7456506031E+015
  7.2930117371E+005  1.7480662871E+015
  7.3100083924E+005  1.7504884760E+015
  7.3270105011E+005  1.7528848976E+015
  7.3440089638E+005  1.7552713690E+015
  7.3610086175E+005  1.7576466698E+015
  7.3780110612E+005  1.7599970920E+015
  7.3950082884E+005  1.7623500655E+015
  7.4120113849E+005  1.7646638599E+015
  7.4290110103E+005  1.7669946446E+015
  7.4460068966E+005  1.7692711748E+015
  7.4630062066E+005  1.7715791338E+015
  7.4800090789E+005  1.7738284610E+015
  7.4970093686E+005  1.7761052487E+015
  7.5140073687E+005  1.7783316282E+015
  7.5310081918E+005  1.7805697467E+015
  7.5480072117E+005  1.7827722437E+015
  7.5650126860E+005  1.7849719032E+015
  7.5820109382E+005  1.7871489403E+015
  7.5990111400E+005  1.7893089821E+015
  7.6160126925E+005  1.7914602911E+015
  7.6330117779E+005  1.7935818218E+015
  7.6500119007E+005  1.7957063707E+015
  7.6670117339E+005  1.7977906854E+015
  7.6840094502E+005  1.7998880724E+015
  7.7010097277E+005  1.8019358760E+015
  7.7180067416E+005  1.8040058128E+015
  7.7350082320E+005  1.8060239391E+015
  7.7520076732E+005  1.8080593878E+015
  7.7690065630E+005  1.8100496426E+015
  7.7860083469E+005  1.8120476542E+015
  7.8030108598E+005  1.8140102239E+015
  7.8200121711E+005  1.8159714595E+015
  7.8370068357E+005  1.8179052035E+015
  7.8540081412E+005  1.8198319709E+015
  7.8710092824E+005  1.8217396546E+015
  7.8880066411E+005  1.8236327275E+015
  7.9050111170E+005  1.8255142907E+015
  7.9220097278E+005  1.8273757039E+015
  7.9390078636E+005  1.8292310719E+015
  7.9560101128E+005  1.8310631197E+015
  7.9730080262E+005  1.8328936448E+015
  7.9900055293E+005  1.8346963368E+015
  8.0070082499E+005  1.8365026444E+015
  8.0240093477E+005  1.8382774628E+015
  8.0410084793E+005  1.8400586707E+015
  8.0580062587E+005  1.8418054387E+015
  8.0750058284E+005  1.8435618107E+015
  8.0920069852E+005  1.8452816203E+015
  8.1090061740E+005  1.8470127968E+015
  8.1260080076E+005  1.8487055554E+015
  8.1430085912E+005  1.8504113297E+015
  8.1600098364E+005  1.8520768052E+015
  8.1770086285E+005  1.8537558823E+015
  8.1940104474E+005  1.8553940142E+015
  8.2110111782E+005  1.8570452203E+015
  8.2280095276E+005  1.8586552339E+015
  8.2450079300E+005  1.8602766603E+015
  8.2620060720E+005  1.8618577589E+015
  8.2790078794E+005  1.8634499814E+015
  8.2960105165E+005  1.8650023492E+015
  8.3130082277E+005  1.8665652104E+015
  8.3300072008E+005  1.8680898495E+015
  8.3470066419E+005  1.8696238220E+015
  8.3640088402E+005  1.8711228976E+015
  8.3810089487E+005  1.8726290653E+015
  8.3980085796E+005  1.8741038901E+015
  8.4150075477E+005  1.8755835685E+015
  8.4320089676E+005  1.8770363745E+015
  8.4490085043E+005  1.8784910741E+015
  8.4660098266E+005  1.8799231741E+015
  8.4830098307E+005  1.8813538037E+015
  8.5000106603E+005  1.8827661768E+015
  8.5170079384E+005  1.8841731349E+015
  8.5340062834E+005  1.8855665185E+015
  8.5510063850E+005  1.8869511171E+015
  8.5680092651E+005  1.8883273113E+015
  8.5850062070E+005  1.8896904257E+015
  8.6020101574E+005  1.8910508484E+015
  8.6190057205E+005  1.8923944268E+015
  8.6360085305E+005  1.8937408486E+015
  8.6530075699E+005  1.8950672020E+015
  8.6700070957E+005  1.8964011477E+015
  8.6870052336E+005  1.8977114126E+015
  8.7040075202E+005  1.8990342581E+015
  8.7210049375E+005  1.9003334140E+015
  8.7380050387E+005  1.9016404412E+015
  8.7550065135E+005  1.9029285909E+015
  8.7720059784E+005  1.9042192274E+015
  8.7890072745E+005  1.9054950198E+015
  8.8060087378E+005  1.9067683220E+015
  8.8230072707E+005  1.9080303785E+015
  8.8400096058E+005  1.9092847430E+015
  8.8570077697E+005  1.9105312956E+015
  8.8740089426E+005  1.9117647955E+015
  8.8910093814E+005  1.9129949146E+015
  8.9080051741E+005  1.9142063430E+015
  8.9250083324E+005  1.9154189002E+015
  8.9420097093E+005  1.9166075941E+015
  8.9590065163E+005  1.9178012558E+015
  8.9760060792E+005  1.9189714415E+015
  8.9930083174E+005  1.9201418185E+015
  9.0100100223E+005  1.9212944553E+015
  9.0270059794E+005  1.9224413712E+015
  9.0440081105E+005  1.9235777621E+015
  9.0610083448E+005  1.9247035468E+015
  9.0780099564E+005  1.9258257327E+015
  9.0950067320E+005  1.9269321078E+015
  9.1120083593E+005  1.9280425942E+015
  9.1290096423E+005  1.9291357882E+015
  9.1460085034E+005  1.9302335390E+015
  9.1630078601E+005  1.9313183894E+015
  9.1800099581E+005  1.9324029043E+015
  9.1970095511E+005  1.9334814063E+015
  9.2140086561E+005  1.9345542212E+015
  9.2310057438E+005  1.9356278181E+015
  9.2480085350E+005  1.9366911549E+015
  9.2650056062E+005  1.9377614134E+015
  9.2820077951E+005  1.9388196394E+015
  9.2990073522E+005  1.9398848414E+015
  9.3160049392E+005  1.9409409428E+015
  9.3330058596E+005  1.9419997374E+015
  9.3500076418E+005  1.9430545556E+015
  9.3670075713E+005  1.9441070701E+015
  9.3840064082E+005  1.9451595840E+015
  9.4010073583E+005  1.9462052919E+015
  9.4180064885E+005  1.9472542775E+015
  9.4350066426E+005  1.9482915881E+015
  9.4520068887E+005  1.9493350383E+015
  9.4690047282E+005  1.9503649368E+015
  9.4860071488E+005  1.9513973955E+015
  9.5030053234E+005  1.9524183431E+015
  9.5200057104E+005  1.9534366776E+015
  9.5370077074E+005  1.9544461671E+015
  9.5540071488E+005  1.9554483642E+015
  9.5710088368E+005  1.9564446393E+015
  9.5880062300E+005  1.9574293148E+015
  9.6050061601E+005  1.9584115796E+015
  9.6220055219E+005  1.9593787879E+015
  9.6390088460E+005  1.9603478849E+015
  9.6560059903E+005  1.9613023406E+015
  9.6730056918E+005  1.9622555912E+015
  9.6900089670E+005  1.9631997599E+015
  9.7070078164E+005  1.9641395338E+015
  9.7240084275E+005  1.9650753328E+015
  9.7410061579E+005  1.9660042338E+015
  9.7580061333E+005  1.9669344393E+015
  9.7750075284E+005  1.9678560375E+015
  9.7920065275E+005  1.9687830776E+015
  9.8090057600E+005  1.9697032307E+015
  9.8260060718E+005  1.9706270232E+015
  9.8430065168E+005  1.9715486138E+015
  9.8600052058E+005  1.9724718070E+015
  9.8770052682E+005  1.9733968312E+015
  9.8940051862E+005  1.9743216447E+015
  9.9110083417E+005  1.9752514730E+015
  9.9280052883E+005  1.9761788156E+015
  9.9450043559E+005  1.9771132878E+015
  9.9620059206E+005  1.9780438942E+015
  9.9790046522E+005  1.9789823624E+015
  9.9960074532E+005  1.9799164829E+015
  1.0013007350E+006  1.9808560653E+015
  1.0030004899E+006  1.9817911297E+015
  1.0047007233E+006  1.9827295283E+015
  1.0064004068E+006  1.9836627156E+015
  1.0081004444E+006  1.9845965569E+015
  1.0098006665E+006  1.9855247599E+015
  1.0115004113E+006  1.9864507850E+015
  1.0132005469E+006  1.9873705577E+015
  1.0149007743E+006  1.9882865420E+015
  1.0166005877E+006  1.9891954240E+015
  1.0183003936E+006  1.9900988374E+015
  1.0200007632E+006  1.9909960648E+015
  1.0217005706E+006  1.9918865244E+015
  1.0234005499E+006  1.9927716012E+015
  1.0251006401E+006  1.9936498508E+015
  1.0268005242E+006  1.9945241959E+015
  1.0285006164E+006  1.9953918815E+015
  1.0302006002E+006  1.9962577427E+015
  1.0319003985E+006  1.9971171999E+015
  1.0336005058E+006  1.9979772101E+015
  1.0353006940E+006  1.9988316657E+015
  1.0370006174E+006  1.9996885716E+015
  1.0387006119E+006  2.0005410077E+015
  1.0404006414E+006  2.0013971177E+015
  1.0421005857E+006  2.0022510624E+015
  1.0438005787E+006  2.0031101928E+015
  1.0455005263E+006  2.0039680409E+015
  1.0472006648E+006  2.0048317125E+015
  1.0489004771E+006  2.0056948720E+015
  1.0506004536E+006  2.0065641115E+015
  1.0523006098E+006  2.0074333425E+015
  1.0540004759E+006  2.0083084146E+015
  1.0557003678E+006  2.0091828791E+015
  1.0574005573E+006  2.0100631123E+015
  1.0591004531E+006  2.0109416409E+015
  1.0608002897E+006  2.0118239824E+015
  1.0625005564E+006  2.0127041004E+015
  1.0642003878E+006  2.0135851618E+015
  1.0659004214E+006  2.0144630281E+015
  1.0676004569E+006  2.0153392683E+015
  1.0693003695E+006  2.0162113983E+015
  1.0710003999E+006  2.0170794633E+015
  1.0727003777E+006  2.0179429049E+015
  1.0744005971E+006  2.0188003800E+015
  1.0761004179E+006  2.0196530416E+015
  1.0778003052E+006  2.0204983835E+015
  1.0795005463E+006  2.0213398541E+015
  1.0812004437E+006  2.0221733811E+015
  1.0829004497E+006  2.0230038953E+015
  1.0846003270E+006  2.0238270627E+015
  1.0863004387E+006  2.0246480254E+015
  1.0880004704E+006  2.0254630630E+015
  1.0897003557E+006  2.0262762303E+015
  1.0914003373E+006  2.0270855653E+015
  1.0931003050E+006  2.0278938322E+015
  1.0948001450E+006  2.0287002577E+015
  1.0965002237E+006  2.0295065278E+015
  1.0982004094E+006  2.0303129190E+015
  1.0999004738E+006  2.0311194425E+015
  1.1016002299E+006  2.0319275288E+015
  1.1033003440E+006  2.0327360389E+015
  1.1050003039E+006  2.0335474024E+015
  1.1067003054E+006  2.0343589253E+015
  1.1084001764E+006  2.0351736413E+015
  1.1101004531E+006  2.0359888145E+015
  1.1118002595E+006  2.0368054762E+015
  1.1135003470E+006  2.0376226945E+015
  1.1152003475E+006  2.0384394504E+015
  1.1169003138E+006  2.0392562726E+015
  1.1186002364E+006  2.0400704467E+015
  1.1203004589E+006  2.0408839550E+015
  1.1220004150E+006  2.0416933714E+015
  1.1237004191E+006  2.0424993514E+015
  1.1254005312E+006  2.0433010004E+015
  1.1271003622E+006  2.0440968042E+015
  1.1288003777E+006  2.0448881475E+015
  1.1305004860E+006  2.0456726866E+015
  1.1322003816E+006  2.0464519659E+015
  1.1339004635E+006  2.0472248049E+015
  1.1356003732E+006  2.0479915864E+015
  1.1373005229E+006  2.0487529769E+015
  1.1390003959E+006  2.0495080533E+015
  1.1407002994E+006  2.0502590008E+015
  1.1424002807E+006  2.0510045179E+015
  1.1441004783E+006  2.0517467508E+015
  1.1458003673E+006  2.0524850061E+015
  1.1475004640E+006  2.0532205108E+015
  1.1492003010E+006  2.0539537923E+015
  1.1509003154E+006  2.0546847449E+015
  1.1526002611E+006  2.0554149884E+015
  1.1543003498E+006  2.0561435117E+015
  1.1560002839E+006  2.0568717028E+015
  1.1577004152E+006  2.0575991131E+015
  1.1594002848E+006  2.0583258452E+015
  1.1611002578E+006  2.0590524469E+015
  1.1628002658E+006  2.0597778989E+015
  1.1645003796E+006  2.0605033314E+015
  1.1662004018E+006  2.0612271688E+015
  1.1679004121E+006  2.0619496115E+015
  1.1696003419E+006  2.0626701942E+015
  1.1713004986E+006  2.0633878730E+015
  1.1730003110E+006  2.0641029281E+015
  1.1747004846E+006  2.0648138891E+015
  1.1764004788E+006  2.0655204702E+015
  1.1781003026E+006  2.0662221218E+015
  1.1798003441E+006  2.0669180877E+015
  1.1815003863E+006  2.0676089076E+015
  1.1832003892E+006  2.0682933842E+015
  1.1849003693E+006  2.0689719559E+015
  1.1866004123E+006  2.0696444956E+015
  1.1883005369E+006  2.0703108120E+015
  1.1900004149E+006  2.0709715902E+015
  1.1917004305E+006  2.0716264949E+015
  1.1934004709E+006  2.0722765099E+015
  1.1951002753E+006  2.0729215257E+015
  1.1968004218E+006  2.0735600183E+015
  1.1985003235E+006  2.0741963233E+015
  1.2002004522E+006  2.0748292422E+015
  1.2019003049E+006  2.0754594596E+015
  1.2036003887E+006  2.0760867217E+015
  1.2053003628E+006  2.0767116785E+015
  1.2070002994E+006  2.0773343795E+015
  1.2087003979E+006  2.0779550666E+015
  1.2104002152E+006  2.0785739322E+015
  1.2121003600E+006  2.0791907119E+015
  1.2138003262E+006  2.0798056578E+015
  1.2155003745E+006  2.0804181216E+015
  1.2172004901E+006  2.0810280491E+015
  1.2189003831E+006  2.0816349486E+015
  1.2206005399E+006  2.0822383571E+015
  1.2223003011E+006  2.0828379806E+015
  1.2240003336E+006  2.0834330760E+015
  1.2257003511E+006  2.0840234381E+015
  1.2274005079E+006  2.0846084534E+015
  1.2291004728E+006  2.0851877170E+015
  1.2308004827E+006  2.0857612246E+015
  1.2325004219E+006  2.0863285364E+015
  1.2342004145E+006  2.0868901248E+015
  1.2359004515E+006  2.0874455866E+015
  1.2376004446E+006  2.0879953497E+015
  1.2393005030E+006  2.0885393565E+015
  1.2410002931E+006  2.0890778138E+015
  1.2427003901E+006  2.0896111574E+015
  1.2444003688E+006  2.0901394823E+015
  1.2461003705E+006  2.0906634075E+015
  1.2478003553E+006  2.0911830585E+015
  1.2495004245E+006  2.0916992051E+015
  1.2512002187E+006  2.0922117193E+015
  1.2529003226E+006  2.0927214700E+015
  1.2546002074E+006  2.0932282027E+015
  1.2563002771E+006  2.0937324956E+015
  1.2580002802E+006  2.0942341967E+015
  1.2597004781E+006  2.0947335356E+015
  1.2614002954E+006  2.0952301980E+015
  1.2631002932E+006  2.0957241561E+015
  1.2648003848E+006  2.0962151828E+015
  1.2665002847E+006  2.0967027643E+015
  1.2682002921E+006  2.0971868586E+015
  1.2699003092E+006  2.0976668920E+015
  1.2716004696E+006  2.0981427631E+015
  1.2733003362E+006  2.0986137051E+015
  1.2750002928E+006  2.0990799710E+015
  1.2767003815E+006  2.0995410413E+015
  1.2784003923E+006  2.0999970688E+015
  1.2801004060E+006  2.1004477190E+015
  1.2818004530E+006  2.1008932912E+015
  1.2835002797E+006  2.1013335695E+015
  1.2852003997E+006  2.1017691310E+015
  1.2869004197E+006  2.1021999056E+015
  1.2886002500E+006  2.1026264175E+015
  1.2903002185E+006  2.1030488233E+015
  1.2920002639E+006  2.1034676701E+015
  1.2937002794E+006  2.1038829728E+015
  1.2954002908E+006  2.1042953020E+015
  1.2971003046E+006  2.1047046220E+015
  1.2988004303E+006  2.1051114874E+015
  1.3005003948E+006  2.1055156268E+015
  1.3022004956E+006  2.1059175157E+015
  1.3039004284E+006  2.1063166819E+015
  1.3056005054E+006  2.1067134536E+015
  1.3073003082E+006  2.1071073081E+015
  1.3090003307E+006  2.1074985386E+015
  1.3107003757E+006  2.1078867621E+015
  1.3124004655E+006  2.1082721281E+015
  1.3141004022E+006  2.1086543502E+015
  1.3158003713E+006  2.1090335222E+015
  1.3175004936E+006  2.1094094912E+015
  1.3192004679E+006  2.1097821471E+015
  1.3209003116E+006  2.1101514613E+015
  1.3226002854E+006  2.1105174325E+015
  1.3243003021E+006  2.1108802706E+015
  1.3260004169E+006  2.1112399585E+015
  1.3277003241E+006  2.1115969174E+015
  1.3294002343E+006  2.1119510962E+015
  1.3311003470E+006  2.1123031142E+015
  1.3328003368E+006  2.1126527811E+015
  1.3345003543E+006  2.1130005843E+015
  1.3362003389E+006  2.1133465396E+015
  1.3379004376E+006  2.1136909398E+015
  1.3396004194E+006  2.1140338859E+015
  1.3413004746E+006  2.1143753869E+015
  1.3430003700E+006  2.1147155925E+015
  1.3447003301E+006  2.1150542222E+015
  1.3464003161E+006  2.1153915927E+015
  1.3481004516E+006  2.1157272979E+015
  1.3498005142E+006  2.1160616017E+015
  1.3515004290E+006  2.1163942676E+015
  1.3532004884E+006  2.1167255284E+015
  1.3549004771E+006  2.1170553181E+015
  1.3566004171E+006  2.1173835567E+015
  1.3583003783E+006  2.1177103540E+015
  1.3600004300E+006  2.1180353672E+015
  1.3617003706E+006  2.1183588640E+015
  1.3634002379E+006  2.1186804486E+015
  1.3651004127E+006  2.1190005795E+015
  1.3668002695E+006  2.1193152613E+015
  1.3685002178E+006  2.1196312584E+015
  1.3702002793E+006  2.1199461538E+015
  1.3719002795E+006  2.1202596423E+015
  1.3736003451E+006  2.1205718528E+015
  1.3753002508E+006  2.1208824021E+015
  1.3770003817E+006  2.1211916997E+015
  1.3787004071E+006  2.1214993100E+015
  1.3804003158E+006  2.1218054364E+015
  1.3821002610E+006  2.1221098857E+015
  1.3838003746E+006  2.1224125989E+015
  1.3855003296E+006  2.1227134572E+015
  1.3872004019E+006  2.1230122196E+015
  1.3889003116E+006  2.1233090337E+015
  1.3906002660E+006  2.1236035969E+015
  1.3923003372E+006  2.1238961710E+015
  1.3940003233E+006  2.1241865740E+015
  1.3957003978E+006  2.1244749232E+015
  1.3974004213E+006  2.1247612489E+015
  1.3991002299E+006  2.1250453367E+015
  1.4008003847E+006  2.1253275185E+015
  1.4025002305E+006  2.1256073963E+015
  1.4042002727E+006  2.1258852645E+015
  1.4059002091E+006  2.1261610261E+015
  1.4076003171E+006  2.1264347326E+015
  1.4093003148E+006  2.1267064633E+015
  1.4110003837E+006  2.1269759757E+015
  1.4127004577E+006  2.1272433757E+015
  1.4144002440E+006  2.1275083699E+015
  1.4161003616E+006  2.1277710133E+015
  1.4178003555E+006  2.1280273704E+015
  1.4195004191E+006  2.1282838894E+015
  1.4212002808E+006  2.1285385262E+015
  1.4229004893E+006  2.1287908657E+015
  1.4246004002E+006  2.1290406595E+015
  1.4263004418E+006  2.1292879474E+015
  1.4280003688E+006  2.1295324212E+015
  1.4297002845E+006  2.1297741624E+015
  1.4314004226E+006  2.1300131132E+015
  1.4331002326E+006  2.1302491389E+015
  1.4348002568E+006  2.1304825642E+015
  1.4365003111E+006  2.1307132490E+015
  1.4382002888E+006  2.1309412964E+015
  1.4399002996E+006  2.1311668706E+015
  1.4416002643E+006  2.1313898832E+015
  1.4433003110E+006  2.1316105017E+015
  1.4450003447E+006  2.1318287980E+015
  1.4467002953E+006  2.1320447418E+015
  1.4484003838E+006  2.1322585055E+015
  1.4501003276E+006  2.1324700023E+015
  1.4518002433E+006  2.1326791112E+015
  1.4535002782E+006  2.1328858586E+015
  1.4552004388E+006  2.1330900945E+015
  1.4569004198E+006  2.1332916709E+015
  1.4586003729E+006  2.1334906819E+015
  1.4603002790E+006  2.1336870881E+015
  1.4620002833E+006  2.1338809018E+015
  1.4637004012E+006  2.1340722389E+015
  1.4654002542E+006  2.1342610347E+015
  1.4671003188E+006  2.1344472369E+015
  1.4688002544E+006  2.1346307941E+015
  1.4705003853E+006  2.1348068724E+015
  1.4722002321E+006  2.1349844564E+015
  1.4739003906E+006  2.1351597794E+015
  1.4756003465E+006  2.1353329208E+015
  1.4773001994E+006  2.1355038466E+015
  1.4790002422E+006  2.1356726194E+015
  1.4807003274E+006  2.1358392790E+015
  1.4824004200E+006  2.1360038064E+015
  1.4841004318E+006  2.1361661358E+015
  1.4858002878E+006  2.1363262745E+015
  1.4875002532E+006  2.1364843575E+015
  1.4892004634E+006  2.1366403577E+015
  1.4909004178E+006  2.1367942265E+015
  1.4926003810E+006  2.1369459559E+015
  1.4943002593E+006  2.1370955286E+015
  1.4960002987E+006  2.1372428023E+015
  1.4977002537E+006  2.1373876896E+015
  1.4994003050E+006  2.1375301826E+015
  1.5011003411E+006  2.1376703449E+015
  1.5028002251E+006  2.1378081534E+015
  1.5045004004E+006  2.1379437408E+015
  1.5062002936E+006  2.1380771648E+015
  1.5079002197E+006  2.1382085967E+015
  1.5096002141E+006  2.1383380644E+015
  1.5113002581E+006  2.1384656349E+015
  1.5130002800E+006  2.1385913876E+015
  1.5147002177E+006  2.1387154344E+015
  1.5164003655E+006  2.1388378970E+015
  1.5181004209E+006  2.1389587699E+015
  1.5198003712E+006  2.1390780498E+015
  1.5215002898E+006  2.1391956850E+015
  1.5232004745E+006  2.1393116520E+015
  1.5249004290E+006  2.1394210586E+015
  1.5266003011E+006  2.1395328489E+015
  1.5283002884E+006  2.1396430367E+015
  1.5300004407E+006  2.1397514968E+015
  1.5317004220E+006  2.1398582439E+015
  1.5334003255E+006  2.1399633184E+015
  1.5351003101E+006  2.1400667206E+015
  1.5368002945E+006  2.1401684520E+015
  1.5385003405E+006  2.1402685269E+015
  1.5402003809E+006  2.1403669801E+015
  1.5419002923E+006  2.1404639100E+015
  1.5436002432E+006  2.1405593951E+015
  1.5453002499E+006  2.1406535319E+015
  1.5470002090E+006  2.1407463832E+015
  1.5487003366E+006  2.1408379730E+015
  1.5504004049E+006  2.1409282557E+015
  1.5521004001E+006  2.1410172166E+015
  1.5538003680E+006  2.1411048035E+015
  1.5555003109E+006  2.1411910011E+015
  1.5572003826E+006  2.1412758308E+015
  1.5589003390E+006  2.1413593147E+015
  1.5606002870E+006  2.1414414976E+015
  1.5623002617E+006  2.1415224082E+015
  1.5640004469E+006  2.1416020546E+015
  1.5657003471E+006  2.1416803203E+015
  1.5674002773E+006  2.1417571565E+015
  1.5691002141E+006  2.1418325461E+015
  1.5708002577E+006  2.1419065455E+015
  1.5725003872E+006  2.1419792588E+015
  1.5742002562E+006  2.1420508026E+015
  1.5759002397E+006  2.1421213121E+015
  1.5776002974E+006  2.1421908336E+015
  1.5793002482E+006  2.1422593570E+015
  1.5810002322E+006  2.1423268812E+015
  1.5827002322E+006  2.1423934019E+015
  1.5844003438E+006  2.1424589376E+015
  1.5861003204E+006  2.1425235052E+015
  1.5878004173E+006  2.1425871531E+015
  1.5895002501E+006  2.1426458363E+015
  1.5912002517E+006  2.1427065395E+015
  1.5929003082E+006  2.1427673121E+015
  1.5946003592E+006  2.1428271372E+015
  1.5963002990E+006  2.1428858781E+015
  1.5980003793E+006  2.1429434768E+015
  1.5997004103E+006  2.1429999283E+015
  1.6014003637E+006  2.1430553028E+015
  1.6031002268E+006  2.1431097196E+015
  1.6048002862E+006  2.1431633085E+015
  1.6065002823E+006  2.1432161402E+015
  1.6082001836E+006  2.1432682565E+015
  1.6099002616E+006  2.1433196605E+015
  1.6116003034E+006  2.1433703495E+015
  1.6133004192E+006  2.1434203455E+015
  1.6150002470E+006  2.1434696690E+015
  1.6167004381E+006  2.1435183778E+015
  1.6184002310E+006  2.1435664913E+015
  1.6201002708E+006  2.1436140511E+015
  1.6218002762E+006  2.1436610273E+015
  1.6235002971E+006  2.1437073455E+015
  1.6252002296E+006  2.1437529052E+015
  1.6269003444E+006  2.1437976279E+015
  1.6286002801E+006  2.1438414731E+015
  1.6303002562E+006  2.1438844635E+015
  1.6320004117E+006  2.1439266873E+015
  1.6337002115E+006  2.1439682531E+015
  1.6354002710E+006  2.1440092819E+015
  1.6371003222E+006  2.1440498216E+015
  1.6388001994E+006  2.1440898781E+015
  1.6405001957E+006  2.1441294527E+015
  1.6422003494E+006  2.1441685502E+015
  1.6439003339E+006  2.1442071816E+015
  1.6456003295E+006  2.1442453838E+015
  1.6473002339E+006  2.1442831941E+015
  1.6490002546E+006  2.1443206558E+015
  1.6507004052E+006  2.1443577957E+015
  1.6524003853E+006  2.1443945886E+015
  1.6541003643E+006  2.1444309685E+015
  1.6558002965E+006  2.1444668265E+015
  1.6575002532E+006  2.1445020759E+015
  1.6592003379E+006  2.1445366930E+015
  1.6609002013E+006  2.1445707166E+015
  1.6626003370E+006  2.1446042571E+015
  1.6643002305E+006  2.1446374301E+015
  1.6660003009E+006  2.1446703511E+015
  1.6677001844E+006  2.1447030600E+015
  1.6694001949E+006  2.1447355538E+015
  1.6711001674E+006  2.1447677993E+015
  1.6728003441E+006  2.1447997822E+015
  1.6745002957E+006  2.1448314986E+015
  1.6762003942E+006  2.1448629782E+015
  1.6779002839E+006  2.1448942489E+015
  1.6796004122E+006  2.1449253573E+015
  1.6813002994E+006  2.1449563293E+015
  1.6830002674E+006  2.1449871946E+015
  1.6847002953E+006  2.1450179389E+015
  1.6864003114E+006  2.1450435520E+015
  1.6881002926E+006  2.1450735266E+015
  1.6898003899E+006  2.1451033836E+015
  1.6915003447E+006  2.1451330163E+015
  1.6932003438E+006  2.1451624801E+015
  1.6949002256E+006  2.1451918683E+015
  1.6966002240E+006  2.1452197761E+015
  1.6983003103E+006  2.1452491407E+015
  1.7000002644E+006  2.1452786292E+015
  1.7017003496E+006  2.1453082038E+015
  1.7034003757E+006  2.1453378014E+015
  1.7051002477E+006  2.1453673799E+015
  1.7068002968E+006  2.1453969366E+015
  1.7085003738E+006  2.1454264878E+015
  1.7102004068E+006  2.1454560655E+015
  1.7119003670E+006  2.1454857073E+015
  1.7136002232E+006  2.1455154491E+015
  1.7153003051E+006  2.1455453292E+015
  1.7170002891E+006  2.1455753647E+015
  1.7187002285E+006  2.1456055577E+015
  1.7204001989E+006  2.1456359073E+015
  1.7221002652E+006  2.1456664362E+015
  1.7238002234E+006  2.1456971967E+015
  1.7255002137E+006  2.1457282680E+015
  1.7272002138E+006  2.1457597325E+015
  1.7289002718E+006  2.1457916756E+015
  1.7306003665E+006  2.1458241672E+015
  1.7323002070E+006  2.1458572399E+015
  1.7340003440E+006  2.1458908697E+015
  1.7357002544E+006  2.1459249483E+015
  1.7374002918E+006  2.1459593765E+015
  1.7391002326E+006  2.1459940769E+015
  1.7408002525E+006  2.1460290208E+015
  1.7425002874E+006  2.1460642124E+015
  1.7442002165E+006  2.1460996993E+015
  1.7459002143E+006  2.1461355841E+015
  1.7476003605E+006  2.1461720029E+015
  1.7493002424E+006  2.1462090644E+015
  1.7510001839E+006  2.1462468118E+015
  1.7527002722E+006  2.1462826092E+015
  1.7544002612E+006  2.1463134374E+015
  1.7561002573E+006  2.1463528712E+015
  1.7578002179E+006  2.1463928016E+015
  1.7595003753E+006  2.1464291783E+015
  1.7612002563E+006  2.1464693957E+015
  1.7629004073E+006  2.1465104531E+015
  1.7646003343E+006  2.1465520413E+015
  1.7663002991E+006  2.1465940942E+015
  1.7680002196E+006  2.1466365580E+015
  1.7697003928E+006  2.1466793781E+015
  1.7714003286E+006  2.1467224475E+015
  1.7731002768E+006  2.1467656504E+015
  1.7748001940E+006  2.1468088976E+015
  1.7765002761E+006  2.1468521598E+015
  1.7782002635E+006  2.1468954461E+015
  1.7799002948E+006  2.1469388055E+015
  1.7816003018E+006  2.1469810076E+015
  1.7833002159E+006  2.1470232976E+015
  1.7850002744E+006  2.1470671714E+015
  1.7867002813E+006  2.1471112204E+015
  1.7884002716E+006  2.1471553354E+015
  1.7901003722E+006  2.1471953832E+015
  1.7918002393E+006  2.1472385391E+015
  1.7935002653E+006  2.1472817169E+015
  1.7952004118E+006  2.1473245970E+015
  1.7969003699E+006  2.1473671075E+015
  1.7986003033E+006  2.1474092714E+015
  1.8003002921E+006  2.1474511717E+015
  1.8020002086E+006  2.1474929203E+015
  1.8037002199E+006  2.1475346374E+015
  1.8054002310E+006  2.1475763846E+015
  1.8071002656E+006  2.1476181234E+015
  1.8088002572E+006  2.1476582997E+015
  1.8105002320E+006  2.1476941576E+015
  1.8122002974E+006  2.1477353450E+015
  1.8139003004E+006  2.1477763572E+015
  1.8156003455E+006  2.1478170923E+015
  1.8173002846E+006  2.1478575342E+015
  1.8190004058E+006  2.1478942561E+015
  1.8207002300E+006  2.1479335251E+015
  1.8224002861E+006  2.1479729013E+015
  1.8241002572E+006  2.1480120880E+015
  1.8258003272E+006  2.1480510353E+015
  1.8275001628E+006  2.1480896933E+015
  1.8292002428E+006  2.1481280128E+015
  1.8309002313E+006  2.1481659447E+015
  1.8326001845E+006  2.1482034835E+015
  1.8343002105E+006  2.1482406519E+015
  1.8360002329E+006  2.1482774862E+015
  1.8377002408E+006  2.1483119809E+015
  1.8394002265E+006  2.1483481177E+015
  1.8411003211E+006  2.1483841662E+015
  1.8428002537E+006  2.1484200256E+015
  1.8445002218E+006  2.1484556720E+015
  1.8462002666E+006  2.1484910805E+015
  1.8479002667E+006  2.1485261890E+015
  1.8496003132E+006  2.1485574473E+015
  1.8513003707E+006  2.1485914302E+015
  1.8530002928E+006  2.1486249286E+015
  1.8547002438E+006  2.1486579234E+015
  1.8564001956E+006  2.1486904651E+015
  1.8581002117E+006  2.1487226308E+015
  1.8598002109E+006  2.1487544923E+015
  1.8615001615E+006  2.1487861063E+015
  1.8632001830E+006  2.1488175137E+015
  1.8649002460E+006  2.1488487334E+015
  1.8666003211E+006  2.1488797469E+015
  1.8683001909E+006  2.1489104719E+015
  1.8700002494E+006  2.1489407944E+015
  1.8717002075E+006  2.1489705988E+015
  1.8734002684E+006  2.1489998228E+015
  1.8751002488E+006  2.1490284507E+015
  1.8768003942E+006  2.1490565318E+015
  1.8785003651E+006  2.1490841540E+015
  1.8802001955E+006  2.1491086514E+015
  1.8819002229E+006  2.1491353652E+015
  1.8836002885E+006  2.1491621540E+015
  1.8853001766E+006  2.1491888602E+015
  1.8870001565E+006  2.1492154962E+015
  1.8887002067E+006  2.1492420211E+015
  1.8904002278E+006  2.1492683339E+015
  1.8921003178E+006  2.1492943207E+015
  1.8938002473E+006  2.1493198922E+015
  1.8955002608E+006  2.1493450082E+015
  1.8972002355E+006  2.1493696579E+015
  1.8989003414E+006  2.1493938560E+015
  1.9006003168E+006  2.1494176303E+015
  1.9023002627E+006  2.1494410426E+015
  1.9040002161E+006  2.1494641762E+015
  1.9057002770E+006  2.1494871174E+015
  1.9074002244E+006  2.1495099340E+015
  1.9091002820E+006  2.1495326758E+015
  1.9108002713E+006  2.1495553459E+015
  1.9125002644E+006  2.1495773664E+015
  1.9142002242E+006  2.1495990160E+015
  1.9159002045E+006  2.1496182790E+015
  1.9176003370E+006  2.1496394861E+015
  1.9193002889E+006  2.1496606582E+015
  1.9210003082E+006  2.1496814971E+015
  1.9227002320E+006  2.1497019952E+015
  1.9244003353E+006  2.1497221672E+015
  1.9261003026E+006  2.1497420426E+015
  1.9278003752E+006  2.1497616823E+015
  1.9295003388E+006  2.1497811529E+015
  1.9312001870E+006  2.1498005173E+015
  1.9329002442E+006  2.1498198248E+015
  1.9346002073E+006  2.1498390917E+015
  1.9363002380E+006  2.1498582890E+015
  1.9380001865E+006  2.1498773329E+015
  1.9397001903E+006  2.1498957980E+015
  1.9414002184E+006  2.1499142011E+015
  1.9431002156E+006  2.1499322982E+015
  1.9448002340E+006  2.1499500784E+015
  1.9465003088E+006  2.1499675428E+015
  1.9482003028E+006  2.1499847022E+015
  1.9499003180E+006  2.1500015884E+015
  1.9516003320E+006  2.1500182564E+015
  1.9533003546E+006  2.1500347733E+015
  1.9550002596E+006  2.1500511993E+015
  1.9567003061E+006  2.1500675834E+015
  1.9584002114E+006  2.1500839510E+015
  1.9601001676E+006  2.1500977010E+015
  1.9618001561E+006  2.1501139698E+015
  1.9635002046E+006  2.1501300684E+015
  1.9652001868E+006  2.1501459938E+015
  1.9669002057E+006  2.1501617223E+015
  1.9686003486E+006  2.1501771607E+015
  1.9703002053E+006  2.1501922796E+015
  1.9720003558E+006  2.1502070843E+015
  1.9737002815E+006  2.1502216009E+015
  1.9754002645E+006  2.1502358920E+015
  1.9771002396E+006  2.1502500286E+015
  1.9788003142E+006  2.1502640767E+015
  1.9805001686E+006  2.1502780828E+015
  1.9822003078E+006  2.1502920829E+015
  1.9839001941E+006  2.1503060888E+015
  1.9856001784E+006  2.1503201067E+015
  1.9873002477E+006  2.1503341308E+015
  1.9890001999E+006  2.1503481467E+015
  1.9907002339E+006  2.1503621389E+015
  1.9924002960E+006  2.1503760861E+015
  1.9941001900E+006  2.1503899543E+015
  1.9958002946E+006  2.1504036881E+015
  1.9975002440E+006  2.1504172170E+015
  1.9992003512E+006  2.1504305074E+015
  2.0009001969E+006  2.1504435622E+015
  2.0026001946E+006  2.1504564191E+015
  2.0043002760E+006  2.1504691218E+015
  2.0060001995E+006  2.1504817107E+015
  2.0077002895E+006  2.1504942227E+015
  2.0094001366E+006  2.1505066799E+015
  2.0111001937E+006  2.1505191016E+015
  2.0128002726E+006  2.1505314940E+015
  2.0145002530E+006  2.1505438580E+015
  2.0162002229E+006  2.1505561899E+015
  2.0179003651E+006  2.1505684852E+015
  2.0196003216E+006  2.1505807472E+015
  2.0213002486E+006  2.1505902010E+015
  2.0230002790E+006  2.1506023787E+015
  2.0247002897E+006  2.1506146125E+015
  2.0264003105E+006  2.1506268076E+015
  2.0281001640E+006  2.1506389178E+015
  2.0298002344E+006  2.1506509349E+015
  2.0315001498E+006  2.1506628690E+015
  2.0332002463E+006  2.1506747450E+015
  2.0349002813E+006  2.1506865851E+015
  2.0366002453E+006  2.1506984097E+015
  2.0383003430E+006  2.1507102355E+015
  2.0400002858E+006  2.1507220710E+015
  2.0417002572E+006  2.1507339354E+015
  2.0434001937E+006  2.1507458694E+015
  2.0451002820E+006  2.1507579324E+015
  2.0468002672E+006  2.1507701781E+015
  2.0485002656E+006  2.1507826484E+015
  2.0502001687E+006  2.1507953663E+015
  2.0519002597E+006  2.1508083428E+015
  2.0536002784E+006  2.1508215739E+015
  2.0553002192E+006  2.1508350498E+015
  2.0570001310E+006  2.1508487566E+015
  2.0587001780E+006  2.1508626781E+015
  2.0604002780E+006  2.1508767960E+015
  2.0621003464E+006  2.1508910917E+015
  2.0638002204E+006  2.1509055420E+015
  2.0655002526E+006  2.1509201074E+015
  2.0672002411E+006  2.1509347385E+015
  2.0689003346E+006  2.1509494220E+015
  2.0706002689E+006  2.1509641787E+015
  2.0723002547E+006  2.1509790549E+015
  2.0740001497E+006  2.1509940983E+015
  2.0757001768E+006  2.1510093543E+015
  2.0774001444E+006  2.1510248545E+015
  2.0791002459E+006  2.1510406238E+015
  2.0808001979E+006  2.1510566719E+015
  2.0825002212E+006  2.1510730075E+015
  2.0842002259E+006  2.1510869361E+015
  2.0859002560E+006  2.1511035350E+015
  2.0876002175E+006  2.1511207096E+015
  2.0893001991E+006  2.1511383096E+015
  2.0910001807E+006  2.1511563564E+015
  2.0927002822E+006  2.1511748688E+015
  2.0944002101E+006  2.1511938439E+015
  2.0961002224E+006  2.1512132686E+015
  2.0978002282E+006  2.1512331125E+015
  2.0995002339E+006  2.1512533392E+015
  2.1012001837E+006  2.1512739067E+015
  2.1029002806E+006  2.1512947724E+015
  2.1046002337E+006  2.1513158904E+015
  2.1063002654E+006  2.1513372251E+015
  2.1080002021E+006  2.1513587584E+015
  2.1097002127E+006  2.1513804840E+015
  2.1114002963E+006  2.1514023534E+015
  2.1131002282E+006  2.1514215873E+015
  2.1148001813E+006  2.1514433572E+015
  2.1165002030E+006  2.1514652263E+015
  2.1182001934E+006  2.1514871294E+015
  2.1199002479E+006  2.1515090726E+015
  2.1216001320E+006  2.1515310656E+015
  2.1233002428E+006  2.1515531222E+015
  2.1250002203E+006  2.1515752385E+015
  2.1267003021E+006  2.1515974146E+015
  2.1284002348E+006  2.1516196526E+015
  2.1301001771E+006  2.1516419820E+015
  2.1318003312E+006  2.1516644442E+015
  2.1335002652E+006  2.1516870657E+015
  2.1352002828E+006  2.1517075476E+015
  2.1369002296E+006  2.1517302979E+015
  2.1386002489E+006  2.1517533439E+015
  2.1403002326E+006  2.1517765497E+015
  2.1420001861E+006  2.1517998589E+015
  2.1437002291E+006  2.1518232292E+015
  2.1454003020E+006  2.1518466192E+015
  2.1471003273E+006  2.1518699924E+015
  2.1488001905E+006  2.1518933258E+015
  2.1505003129E+006  2.1519166292E+015
  2.1522002908E+006  2.1519399198E+015
  2.1539001789E+006  2.1519632212E+015
  2.1556002477E+006  2.1519865493E+015
  2.1573002921E+006  2.1520077406E+015
  2.1590001767E+006  2.1520310055E+015
  2.1607001451E+006  2.1520543099E+015
  2.1624001917E+006  2.1520775977E+015
  2.1641002025E+006  2.1521008302E+015
  2.1658002789E+006  2.1521239774E+015
  2.1675001807E+006  2.1521470093E+015
  2.1692001743E+006  2.1521699151E+015
  2.1709003039E+006  2.1521927022E+015
  2.1726002537E+006  2.1522153899E+015
  2.1743002848E+006  2.1522380066E+015
  2.1760003148E+006  2.1522605676E+015
  2.1777001596E+006  2.1522830751E+015
  2.1794002349E+006  2.1523036046E+015
  2.1811002429E+006  2.1523259376E+015
  2.1828001964E+006  2.1523482053E+015
  2.1845001264E+006  2.1523703774E+015
  2.1862001591E+006  2.1523924307E+015
  2.1879002988E+006  2.1524143465E+015
  2.1896002258E+006  2.1524361143E+015
  2.1913001906E+006  2.1524577467E+015
  2.1930001793E+006  2.1524792627E+015
  2.1947002348E+006  2.1525006864E+015
  2.1964001685E+006  2.1525220411E+015
  2.1981001727E+006  2.1525433547E+015
  2.1998002685E+006  2.1525646669E+015
  2.2015001371E+006  2.1525843355E+015
  2.2032002336E+006  2.1526057035E+015
  2.2049001780E+006  2.1526271291E+015
  2.2066002204E+006  2.1526485684E+015
  2.2083002447E+006  2.1526699701E+015
  2.2100002798E+006  2.1526912949E+015
  2.2117002434E+006  2.1527125174E+015
  2.2134002863E+006  2.1527336253E+015
  2.2151002184E+006  2.1527546055E+015
  2.2168002457E+006  2.1527754493E+015
  2.2185002756E+006  2.1527961443E+015
  2.2202002623E+006  2.1528166786E+015
  2.2219002048E+006  2.1528370416E+015
  2.2236001808E+006  2.1528572242E+015
  2.2253001439E+006  2.1528757194E+015
  2.2270002940E+006  2.1528954824E+015
  2.2287001849E+006  2.1529150629E+015
  2.2304003174E+006  2.1529344648E+015
  2.2321003170E+006  2.1529536965E+015
  2.2338003067E+006  2.1529727732E+015
  2.2355002609E+006  2.1529917058E+015
  2.2372002217E+006  2.1530105022E+015
  2.2389002528E+006  2.1530291678E+015
  2.2406002239E+006  2.1530477171E+015
  2.2423002436E+006  2.1530661915E+015
  2.2440001660E+006  2.1530846348E+015
  2.2457002291E+006  2.1531030752E+015
  2.2474002418E+006  2.1531215122E+015
  2.2491001922E+006  2.1531399328E+015
  2.2508002166E+006  2.1531583188E+015
  2.2525002331E+006  2.1531766481E+015
  2.2542002233E+006  2.1531934669E+015
  2.2559002222E+006  2.1532115960E+015
  2.2576002551E+006  2.1532296160E+015
  2.2593002555E+006  2.1532475086E+015
  2.2610001518E+006  2.1532652610E+015
  2.2627001773E+006  2.1532828667E+015
  2.2644001860E+006  2.1533003174E+015
  2.2661001898E+006  2.1533176090E+015
  2.2678002575E+006  2.1533347405E+015
  2.2695003041E+006  2.1533517116E+015
  2.2712003047E+006  2.1533685238E+015
  2.2729001796E+006  2.1533851784E+015
  2.2746001959E+006  2.1534016808E+015
  2.2763002045E+006  2.1534180320E+015
  2.2780001438E+006  2.1534342349E+015
  2.2797001390E+006  2.1534502939E+015
  2.2814001223E+006  2.1534662127E+015
  2.2831001549E+006  2.1534819963E+015
  2.2848001247E+006  2.1534976481E+015
  2.2865002385E+006  2.1535131717E+015
  2.2882001934E+006  2.1535285651E+015
  2.2899001592E+006  2.1535423454E+015
  2.2916001708E+006  2.1535574555E+015
  2.2933002591E+006  2.1535724464E+015
  2.2950002234E+006  2.1535873180E+015
  2.2967001656E+006  2.1536020917E+015
  2.2984001957E+006  2.1536168124E+015
  2.3001001906E+006  2.1536315248E+015
  2.3018000720E+006  2.1536462564E+015
  2.3035001433E+006  2.1536610152E+015
  2.3052001950E+006  2.1536757854E+015
  2.3069002197E+006  2.1536905430E+015
  2.3086002125E+006  2.1537052619E+015
  2.3103002377E+006  2.1537199202E+015
  2.3120002346E+006  2.1537345003E+015
  2.3137001758E+006  2.1537489906E+015
  2.3154001490E+006  2.1537633861E+015
  2.3171001751E+006  2.1537776857E+015
  2.3188001470E+006  2.1537918914E+015
  2.3205001419E+006  2.1538060073E+015
  2.3222001094E+006  2.1538200311E+015
  2.3239001116E+006  2.1538339543E+015
  2.3256001834E+006  2.1538477664E+015
  2.3273002383E+006  2.1538614598E+015
  2.3290002480E+006  2.1538750329E+015
  2.3307002139E+006  2.1538884906E+015
  2.3324001729E+006  2.1539018429E+015
  2.3341002022E+006  2.1539151047E+015
  2.3358002021E+006  2.1539282921E+015
  2.3375001499E+006  2.1539414224E+015
  2.3392001574E+006  2.1539545063E+015
  2.3409001920E+006  2.1539675394E+015
  2.3426001234E+006  2.1539805088E+015
  2.3443000978E+006  2.1539934044E+015
  2.3460002265E+006  2.1540043841E+015
  2.3477002221E+006  2.1540170555E+015
  2.3494001509E+006  2.1540297592E+015
  2.3511002388E+006  2.1540425144E+015
  2.3528001844E+006  2.1540553574E+015
  2.3545001234E+006  2.1540683144E+015
  2.3562001734E+006  2.1540813927E+015
  2.3579001902E+006  2.1540945739E+015
  2.3596001685E+006  2.1541078239E+015
  2.3613001623E+006  2.1541211064E+015
  2.3630002711E+006  2.1541343936E+015
  2.3647002304E+006  2.1541476671E+015
  2.3664001517E+006  2.1541609233E+015
  2.3681001353E+006  2.1541741708E+015
  2.3698001722E+006  2.1541874272E+015
  2.3715002196E+006  2.1542007176E+015
  2.3732001994E+006  2.1542140631E+015
  2.3749001230E+006  2.1542274671E+015
  2.3766001906E+006  2.1542409276E+015
  2.3783002710E+006  2.1542544606E+015
  2.3800001608E+006  2.1542680946E+015
  2.3817001946E+006  2.1542818568E+015
  2.3834001589E+006  2.1542957592E+015
  2.3851001880E+006  2.1543098119E+015
  2.3868002124E+006  2.1543240256E+015
  2.3885001331E+006  2.1543384158E+015
  2.3902001576E+006  2.1543529969E+015
  2.3919001154E+006  2.1543677582E+015
  2.3936001749E+006  2.1543826714E+015
  2.3953001864E+006  2.1543977020E+015
  2.3970002199E+006  2.1544128262E+015
  2.3987002313E+006  2.1544280335E+015
  2.4004002168E+006  2.1544433285E+015
  2.4021001875E+006  2.1544587297E+015
  2.4038001715E+006  2.1544742677E+015
  2.4055001532E+006  2.1544899815E+015
  2.4072001435E+006  2.1545037312E+015
  2.4089001787E+006  2.1545196664E+015
  2.4106001516E+006  2.1545359191E+015
  2.4123001532E+006  2.1545523929E+015
  2.4140001454E+006  2.1545690973E+015
  2.4157001668E+006  2.1545860496E+015
  2.4174001600E+006  2.1546032591E+015
  2.4191001329E+006  2.1546207311E+015
  2.4208001843E+006  2.1546384737E+015
  2.4225001209E+006  2.1546564928E+015
  2.4242001902E+006  2.1546747808E+015
  2.4259001660E+006  2.1546932954E+015
  2.4276002303E+006  2.1547119833E+015
  2.4293002239E+006  2.1547307925E+015
  2.4310002590E+006  2.1547496911E+015
  2.4327002200E+006  2.1547686628E+015
  2.4344001871E+006  2.1547855338E+015
  2.4361001719E+006  2.1548044904E+015
  2.4378002140E+006  2.1548236836E+015
  2.4395001204E+006  2.1548430662E+015
  2.4412001383E+006  2.1548626519E+015
  2.4429001338E+006  2.1548824442E+015
  2.4446001716E+006  2.1549024122E+015
  2.4463001525E+006  2.1549225332E+015
  2.4480001884E+006  2.1549427732E+015
  2.4497002568E+006  2.1549631076E+015
  2.4514001567E+006  2.1549835234E+015
  2.4531001466E+006  2.1550040274E+015
  2.4548001974E+006  2.1550246299E+015
  2.4565001848E+006  2.1550431422E+015
  2.4582001353E+006  2.1550637738E+015
  2.4599001927E+006  2.1550844754E+015
  2.4616001799E+006  2.1551051806E+015
  2.4633001495E+006  2.1551258854E+015
  2.4650001948E+006  2.1551466110E+015
  2.4667001580E+006  2.1551673784E+015
  2.4684001307E+006  2.1551882082E+015
  2.4701001319E+006  2.1552091146E+015
  2.4718001598E+006  2.1552300922E+015
  2.4735001081E+006  2.1552511049E+015
  2.4752001639E+006  2.1552721033E+015
  2.4769002031E+006  2.1552909767E+015
  2.4786001339E+006  2.1553116913E+015
  2.4803001530E+006  2.1553323522E+015
  2.4820001352E+006  2.1553529257E+015
  2.4837001883E+006  2.1553734206E+015
  2.4854001311E+006  2.1553938603E+015
  2.4871001983E+006  2.1554142815E+015
  2.4888001384E+006  2.1554347034E+015
  2.4905001172E+006  2.1554551270E+015
  2.4922001403E+006  2.1554755345E+015
  2.4939001916E+006  2.1554959024E+015
  2.4956002433E+006  2.1555162118E+015
  2.4973001934E+006  2.1555364518E+015
  2.4990001466E+006  2.1555545970E+015
  2.5007001582E+006  2.1555746260E+015
  2.5024001835E+006  2.1555946423E+015
  2.5041002023E+006  2.1556146338E+015
  2.5058001111E+006  2.1556345861E+015
  2.5075001426E+006  2.1556544827E+015
  2.5092001411E+006  2.1556743026E+015
  2.5109001735E+006  2.1556940338E+015
  2.5126002376E+006  2.1557136786E+015
  2.5143001486E+006  2.1557332549E+015
  2.5160002042E+006  2.1557527901E+015
  2.5177002112E+006  2.1557722880E+015
  2.5194001663E+006  2.1557917276E+015
  2.5211001158E+006  2.1558110727E+015
  2.5228001800E+006  2.1558282992E+015
  2.5245001841E+006  2.1558472695E+015
  2.5262001670E+006  2.1558661010E+015
  2.5279001666E+006  2.1558847673E+015
  2.5296001874E+006  2.1559032725E+015
  2.5313002115E+006  2.1559216296E+015
  2.5330001656E+006  2.1559398471E+015
  2.5347001561E+006  2.1559579221E+015
  2.5364001235E+006  2.1559758419E+015
  2.5381001361E+006  2.1559935945E+015
  2.5398001489E+006  2.1560111716E+015
  2.5415001707E+006  2.1560285706E+015
  2.5432001412E+006  2.1560457918E+015
  2.5449001518E+006  2.1560628359E+015
  2.5466002052E+006  2.1560796951E+015
  2.5483001958E+006  2.1560963568E+015
  2.5500002092E+006  2.1561128131E+015
  2.5517001844E+006  2.1561270870E+015
  2.5534001692E+006  2.1561429571E+015
  2.5551001209E+006  2.1561587531E+015
  2.5568002247E+006  2.1561743710E+015
  2.5585001399E+006  2.1561898095E+015
  2.5602001491E+006  2.1562050692E+015
  2.5619001193E+006  2.1562201388E+015
  2.5636001536E+006  2.1562350025E+015
  2.5653001551E+006  2.1562496434E+015
  2.5670000978E+006  2.1562640556E+015
  2.5687000987E+006  2.1562782469E+015
  2.5704001201E+006  2.1562922289E+015
  2.5721002047E+006  2.1563060105E+015
  2.5738002055E+006  2.1563195886E+015
  2.5755002280E+006  2.1563329476E+015
  2.5772001112E+006  2.1563460601E+015
  2.5789001839E+006  2.1563589051E+015
  2.5806001771E+006  2.1563714669E+015
  2.5823001405E+006  2.1563837456E+015
  2.5840001253E+006  2.1563957523E+015
  2.5857001819E+006  2.1564075026E+015
  2.5874001495E+006  2.1564190048E+015
  2.5891001921E+006  2.1564302555E+015
  2.5908002166E+006  2.1564412374E+015
  2.5925001093E+006  2.1564519313E+015
  2.5942001936E+006  2.1564623291E+015
  2.5959001345E+006  2.1564724331E+015
  2.5976001148E+006  2.1564799977E+015
  2.5993001229E+006  2.1564892165E+015
  2.6010001496E+006  2.1564984471E+015
  2.6027001343E+006  2.1565074189E+015
  2.6044001804E+006  2.1565161085E+015
  2.6061001028E+006  2.1565244986E+015
  2.6078001570E+006  2.1565325818E+015
  2.6095001356E+006  2.1565403570E+015
  2.6112001038E+006  2.1565478319E+015
  2.6129001251E+006  2.1565550134E+015
  2.6146001634E+006  2.1565619003E+015
  2.6163002023E+006  2.1565684817E+015
  2.6180002024E+006  2.1565747413E+015
  2.6197002035E+006  2.1565806630E+015
  2.6214001686E+006  2.1565862377E+015
  2.6231001387E+006  2.1565914700E+015
  2.6248000997E+006  2.1565963777E+015
  2.6265000864E+006  2.1566009835E+015
  2.6282001401E+006  2.1566053026E+015
  2.6299001281E+006  2.1566093362E+015
  2.6316001184E+006  2.1566130750E+015
  2.6333001438E+006  2.1566165046E+015
  2.6350001930E+006  2.1566196142E+015
  2.6367001516E+006  2.1566224044E+015
  2.6384001681E+006  2.1566248900E+015
  2.6401001634E+006  2.1566270915E+015
  2.6418000884E+006  2.1566290254E+015
  2.6435001387E+006  2.1566306949E+015
  2.6452001548E+006  2.1566320893E+015
  2.6469001168E+006  2.1566331907E+015
  2.6486001326E+006  2.1566339827E+015
  2.6503001189E+006  2.1566344588E+015
  2.6520001183E+006  2.1566346289E+015
  2.6537001050E+006  2.1566345134E+015
  2.6554000836E+006  2.1566341321E+015
  2.6571001231E+006  2.1566334926E+015
  2.6588001683E+006  2.1566325871E+015
  2.6605001559E+006  2.1566313957E+015
  2.6622001211E+006  2.1566298975E+015
  2.6639001447E+006  2.1566280834E+015
  2.6656001149E+006  2.1566259647E+015
  2.6673001329E+006  2.1566235674E+015
  2.6690000980E+006  2.1566209144E+015
  2.6707001633E+006  2.1566180125E+015
  2.6724001867E+006  2.1566148481E+015
  2.6741001330E+006  2.1566114002E+015
  2.6758001646E+006  2.1566076468E+015
  2.6775001367E+006  2.1566035903E+015
  2.6792001339E+006  2.1565992621E+015
  2.6809000881E+006  2.1565947146E+015
  2.6826001347E+006  2.1565899984E+015
  2.6843001287E+006  2.1565851450E+015
  2.6860001665E+006  2.1565801604E+015
  2.6877001600E+006  2.1565750323E+015
  2.6894001762E+006  2.1565697436E+015
  2.6911001149E+006  2.1565642897E+015
  2.6928001334E+006  2.1565586901E+015
  2.6945000995E+006  2.1565529803E+015
  2.6962000809E+006  2.1565471897E+015
  2.6979000935E+006  2.1565413245E+015
  2.6996001073E+006  2.1565353693E+015
  2.7013001140E+006  2.1565293027E+015
  2.7030001145E+006  2.1565231043E+015
  2.7047001221E+006  2.1565167854E+015
  2.7064001341E+006  2.1565103955E+015
  2.7081001052E+006  2.1565040050E+015
  2.7098000964E+006  2.1564976744E+015
  2.7115001232E+006  2.1564914287E+015
  2.7132001241E+006  2.1564852551E+015
  2.7149001407E+006  2.1564791164E+015
  2.7166001578E+006  2.1564729804E+015
  2.7183001060E+006  2.1564668472E+015
  2.7200000981E+006  2.1564607613E+015
  2.7217001288E+006  2.1564547872E+015
  2.7234001122E+006  2.1564489743E+015
  2.7251001646E+006  2.1564433350E+015
  2.7268001690E+006  2.1564378610E+015
  2.7285001616E+006  2.1564325346E+015
  2.7302001814E+006  2.1564273778E+015
  2.7319001247E+006  2.1564224725E+015
  2.7336001254E+006  2.1564179416E+015
  2.7353001365E+006  2.1564139021E+015
  2.7370001200E+006  2.1564104160E+015
  2.7387001259E+006  2.1564074790E+015
  2.7404000957E+006  2.1564050396E+015
  2.7421001263E+006  2.1564030349E+015
  2.7438000992E+006  2.1564014344E+015
  2.7455001147E+006  2.1564002614E+015
  2.7472000806E+006  2.1563995730E+015
  2.7489001014E+006  2.1563994090E+015
  2.7506001226E+006  2.1563997642E+015
  2.7523001323E+006  2.1564005997E+015
  2.7540001784E+006  2.1564018777E+015
  2.7557001036E+006  2.1564036054E+015
  2.7574001452E+006  2.1564058478E+015
  2.7591000797E+006  2.1564087192E+015
  2.7608001309E+006  2.1564123215E+015
  2.7625001182E+006  2.1564166846E+015
  2.7642001678E+006  2.1564217557E+015
  2.7659001533E+006  2.1564274288E+015
  2.7676001186E+006  2.1564335967E+015
  2.7693001686E+006  2.1564402106E+015
  2.7710001043E+006  2.1564430206E+015
  2.7727000921E+006  2.1564502563E+015
  2.7744000763E+006  2.1564582285E+015
  2.7761001457E+006  2.1564668200E+015
  2.7778001263E+006  2.1564759326E+015
  2.7795001399E+006  2.1564854988E+015
  2.7812001200E+006  2.1564955251E+015
  2.7829001346E+006  2.1565061151E+015
  2.7846000758E+006  2.1565174164E+015
  2.7863000691E+006  2.1565295339E+015
  2.7880001352E+006  2.1565424724E+015
  2.7897001249E+006  2.1565561406E+015
  2.7914001234E+006  2.1565704087E+015
  2.7931001626E+006  2.1565851731E+015
  2.7948000832E+006  2.1566004011E+015
  2.7965001104E+006  2.1566112634E+015
  2.7982000932E+006  2.1566269171E+015
  2.7999001268E+006  2.1566431820E+015
  2.8016000927E+006  2.1566598343E+015
  2.8033001407E+006  2.1566767310E+015
  2.8050001294E+006  2.1566938262E+015
  2.8067000908E+006  2.1567111988E+015
  2.8084001217E+006  2.1567289989E+015
  2.8101001176E+006  2.1567473445E+015
  2.8118000727E+006  2.1567662561E+015
  2.8135001155E+006  2.1567856543E+015
  2.8152000997E+006  2.1568054089E+015
  2.8169001173E+006  2.1568254226E+015
  2.8186000959E+006  2.1568456777E+015
  2.8203001067E+006  2.1568613445E+015
  2.8220000897E+006  2.1568815905E+015
  2.8237001368E+006  2.1569022759E+015
  2.8254001521E+006  2.1569231551E+015
  2.8271001635E+006  2.1569440974E+015
  2.8288001234E+006  2.1569650944E+015
  2.8305001049E+006  2.1569862836E+015
  2.8322000921E+006  2.1570078751E+015
  2.8339000944E+006  2.1570300349E+015
  2.8356001236E+006  2.1570528148E+015
  2.8373001122E+006  2.1570761613E+015
  2.8390001147E+006  2.1570999864E+015
  2.8407000844E+006  2.1571242490E+015
  2.8424000730E+006  2.1571489734E+015
  2.8441000879E+006  2.1571691151E+015
  2.8458000719E+006  2.1571941442E+015
  2.8475001313E+006  2.1572194737E+015
  2.8492001411E+006  2.1572447862E+015
  2.8509001004E+006  2.1572699409E+015
  2.8526001100E+006  2.1572949825E+015
  2.8543001221E+006  2.1573200691E+015
  2.8560000685E+006  2.1573453296E+015
  2.8577001367E+006  2.1573707919E+015
  2.8594001367E+006  2.1573963985E+015
  2.8611000777E+006  2.1574220896E+015
  2.8628001251E+006  2.1574478819E+015
  2.8645001016E+006  2.1574738882E+015
  2.8662000781E+006  2.1575002243E+015
  2.8679000794E+006  2.1575218125E+015
  2.8696000820E+006  2.1575480876E+015
  2.8713001227E+006  2.1575744571E+015
  2.8730000976E+006  2.1576006307E+015
  2.8747000782E+006  2.1576266232E+015
  2.8764000894E+006  2.1576525949E+015
  2.8781000963E+006  2.1576786898E+015
  2.8798001308E+006  2.1577049508E+015
  2.8815000877E+006  2.1577313493E+015
  2.8832001200E+006  2.1577578823E+015
  2.8849000840E+006  2.1577846495E+015
  2.8866000630E+006  2.1578118516E+015
  2.8883000788E+006  2.1578396402E+015
  2.8900000797E+006  2.1578679871E+015
  2.8917001318E+006  2.1578966943E+015
  2.8934001002E+006  2.1579203247E+015
  2.8951000783E+006  2.1579487184E+015
  2.8968000726E+006  2.1579773653E+015
  2.8985000691E+006  2.1580062238E+015
  2.9002000915E+006  2.1580352531E+015
  2.9019001140E+006  2.1580642763E+015
  2.9036000950E+006  2.1580931119E+015
  2.9053001037E+006  2.1581217504E+015
  2.9070001254E+006  2.1581504173E+015
  2.9087001057E+006  2.1581793820E+015
  2.9104000750E+006  2.1582088472E+015
  2.9121001214E+006  2.1582387942E+015
  2.9138001044E+006  2.1582691255E+015
  2.9155000733E+006  2.1582998374E+015
  2.9172001143E+006  2.1583310844E+015
  2.9189000752E+006  2.1583630287E+015
  2.9206000870E+006  2.1583901893E+015
  2.9223000779E+006  2.1584230780E+015
  2.9240000985E+006  2.1584564169E+015
  2.9257000711E+006  2.1584901486E+015
  2.9274000923E+006  2.1585245051E+015
  2.9291000823E+006  2.1585597307E+015
  2.9308001002E+006  2.1585959098E+015
  2.9325000676E+006  2.1586330125E+015
  2.9342001127E+006  2.1586710799E+015
  2.9359000653E+006  2.1587103393E+015
  2.9376000532E+006  2.1587510940E+015
  2.9393001063E+006  2.1587934708E+015
  2.9410000680E+006  2.1588373753E+015
  2.9427000764E+006  2.1588826861E+015
  2.9444000820E+006  2.1589294604E+015
  2.9461000840E+006  2.1589724312E+015
  2.9478000633E+006  2.1590224505E+015
  2.9495000970E+006  2.1590742929E+015
  2.9512000673E+006  2.1591277249E+015
  2.9529000762E+006  2.1591827950E+015
  2.9546000656E+006  2.1592397578E+015
  2.9563000585E+006  2.1592987762E+015
  2.9580000748E+006  2.1593597719E+015
  2.9597000982E+006  2.1594225834E+015
  2.9614000718E+006  2.1594871962E+015
  2.9631000990E+006  2.1595536249E+015
  2.9648001092E+006  2.1596216209E+015
  2.9665001014E+006  2.1596853113E+015
  2.9682000680E+006  2.1597547943E+015
  2.9699000581E+006  2.1598245903E+015
  2.9716000755E+006  2.1598941252E+015
  2.9733000767E+006  2.1599626438E+015
  2.9750001171E+006  2.1600293734E+015
  2.9767000954E+006  2.1600937525E+015
  2.9784000801E+006  2.1601553843E+015
  2.9801000814E+006  2.1602137702E+015
  2.9818001221E+006  2.1602682846E+015
  2.9835001219E+006  2.1603135271E+015
  2.9852001059E+006  2.1603583948E+015
  2.9869000693E+006  2.1603988123E+015
  2.9886000734E+006  2.1604344257E+015
  2.9903000838E+006  2.1604650055E+015
  2.9920000730E+006  2.1604903071E+015
  2.9937001241E+006  2.1605102168E+015
  2.9954001202E+006  2.1605248779E+015
  2.9971000859E+006  2.1605347096E+015
  2.9988000913E+006  2.1605401758E+015
  3.0005000912E+006  2.1605415405E+015
  3.0022000997E+006  2.1605388609E+015
  3.0039000934E+006  2.1605321776E+015
  3.0056000862E+006  2.1605216997E+015
  3.0073001110E+006  2.1605079319E+015
  3.0090000715E+006  2.1604915706E+015
  3.0107000862E+006  2.1604731606E+015
  3.0124001045E+006  2.1604529310E+015
  3.0141000953E+006  2.1604309390E+015
  3.0158001028E+006  2.1604073384E+015
  3.0175000918E+006  2.1603825664E+015
  3.0192000808E+006  2.1603571882E+015
  3.0209000483E+006  2.1603314706E+015
  3.0226000689E+006  2.1603053235E+015
  3.0243001314E+006  2.1602785381E+015
  3.0260001283E+006  2.1602511123E+015
  3.0277000679E+006  2.1602233769E+015
  3.0294001051E+006  2.1601956714E+015
  3.0311000667E+006  2.1601679618E+015
  3.0328001062E+006  2.1601398962E+015
  3.0345000908E+006  2.1601111598E+015
  3.0362001174E+006  2.1600865786E+015
  3.0379000642E+006  2.1600583948E+015
  3.0396000866E+006  2.1600293671E+015
  3.0413001078E+006  2.1600003307E+015
  3.0430000982E+006  2.1599710680E+015
  3.0447000828E+006  2.1599414485E+015
  3.0464001209E+006  2.1599117504E+015
  3.0481001063E+006  2.1598824871E+015
  3.0498000693E+006  2.1598537685E+015
  3.0515000921E+006  2.1598252150E+015
  3.0532000839E+006  2.1597963210E+015
  3.0549000932E+006  2.1597668922E+015
  3.0566000865E+006  2.1597372546E+015
  3.0583000755E+006  2.1597078145E+015
  3.0600000633E+006  2.1596784700E+015
  3.0617000878E+006  2.1596487097E+015
  3.0634001221E+006  2.1596181000E+015
  3.0651000749E+006  2.1595867742E+015
  3.0668000932E+006  2.1595553975E+015
  3.0685000757E+006  2.1595244501E+015
  3.0702001081E+006  2.1594937933E+015
  3.0719000795E+006  2.1594630017E+015
  3.0736001149E+006  2.1594319187E+015
  3.0753001125E+006  2.1594010164E+015
  3.0770000751E+006  2.1593709133E+015
  3.0787000754E+006  2.1593415990E+015
  3.0804000865E+006  2.1593124419E+015
  3.0821000728E+006  2.1592827929E+015
  3.0838000960E+006  2.1592526526E+015
  3.0855000699E+006  2.1592227089E+015
  3.0872000667E+006  2.1591933770E+015
  3.0889000716E+006  2.1591642719E+015
  3.0906001009E+006  2.1591347685E+015
  3.0923000775E+006  2.1591048355E+015
  3.0940001030E+006  2.1590754395E+015
  3.0957000585E+006  2.1590476821E+015
  3.0974000572E+006  2.1590217428E+015
  3.0991001150E+006  2.1589970317E+015
  3.1008000599E+006  2.1589730361E+015
  3.1025000642E+006  2.1589499859E+015
  3.1042000751E+006  2.1589285707E+015
  3.1059000519E+006  2.1589088149E+015
  3.1076000890E+006  2.1588898418E+015
  3.1093000901E+006  2.1588706941E+015
  3.1110000788E+006  2.1588511948E+015
  3.1127000911E+006  2.1588320747E+015
  3.1144000752E+006  2.1588137777E+015
  3.1161001032E+006  2.1587957305E+015
  3.1178000695E+006  2.1587770301E+015
  3.1195000900E+006  2.1587575481E+015
  3.1212000594E+006  2.1587384104E+015
  3.1229000673E+006  2.1587208794E+015
  3.1246000419E+006  2.1587050362E+015
  3.1263001054E+006  2.1586901519E+015
  3.1280000791E+006  2.1586757938E+015
  3.1297000972E+006  2.1586625785E+015
  3.1314000554E+006  2.1586514117E+015
  3.1331000761E+006  2.1586420643E+015
  3.1348000809E+006  2.1586333209E+015
  3.1365000957E+006  2.1586241621E+015
  3.1382000672E+006  2.1586148210E+015
  3.1399000588E+006  2.1586063812E+015
  3.1416000508E+006  2.1585991238E+015
  3.1433001043E+006  2.1585923193E+015
  3.1450000935E+006  2.1585854066E+015
  3.1467000944E+006  2.1585745687E+015
  3.1484000956E+006  2.1585697787E+015
  3.1501000515E+006  2.1585682409E+015
  3.1518000743E+006  2.1585688723E+015
  3.1535000619E+006  2.1585706624E+015
  3.1552000870E+006  2.1585738494E+015
  3.1569000799E+006  2.1585796765E+015
  3.1586000648E+006  2.1585882857E+015
  3.1603000871E+006  2.1585981181E+015
  3.1620000948E+006  2.1586075567E+015
  3.1637000777E+006  2.1586165302E+015
  3.1654000673E+006  2.1586262939E+015
  3.1671000779E+006  2.1586371050E+015
  3.1688000718E+006  2.1586474613E+015
  3.1705000903E+006  2.1586558996E+015
  3.1722000858E+006  2.1586628739E+015
  3.1739000593E+006  2.1586661265E+015
  3.1756000742E+006  2.1586737482E+015
  3.1773000565E+006  2.1586829372E+015
  3.1790000682E+006  2.1586920870E+015
  3.1807000808E+006  2.1587018052E+015
  3.1824000787E+006  2.1587139250E+015
  3.1841000567E+006  2.1587287760E+015
  3.1858000520E+006  2.1587447064E+015
  3.1875000929E+006  2.1587601184E+015
  3.1892000510E+006  2.1587753210E+015
  3.1909000435E+006  2.1587917722E+015
  3.1926000389E+006  2.1588092771E+015
  3.1943000754E+006  2.1588259814E+015
  3.1960000761E+006  2.1588408041E+015
  3.1977000773E+006  2.1588551705E+015
  3.1994000425E+006  2.1588662729E+015
  3.2011000519E+006  2.1588829762E+015
  3.2028000523E+006  2.1589010219E+015
  3.2045000547E+006  2.1589191815E+015
  3.2062000869E+006  2.1589389390E+015
  3.2079000678E+006  2.1589618123E+015
  3.2096000380E+006  2.1589868292E+015
  3.2113000614E+006  2.1590119193E+015
  3.2130000591E+006  2.1590364583E+015
  3.2147000574E+006  2.1590619908E+015
  3.2164000400E+006  2.1590892328E+015
  3.2181000681E+006  2.1591164024E+015
  3.2198000502E+006  2.1591413559E+015
  3.2215000554E+006  2.1591641393E+015
  3.2232000713E+006  2.1591866696E+015
  3.2249000525E+006  2.1592030931E+015
  3.2266000580E+006  2.1592227453E+015
  3.2283000547E+006  2.1592402877E+015
  3.2300000534E+006  2.1592573670E+015
  3.2317000393E+006  2.1592763965E+015
  3.2334000402E+006  2.1592969177E+015
  3.2351000506E+006  2.1593170018E+015
  3.2368000507E+006  2.1593364483E+015
  3.2385000500E+006  2.1593575243E+015
  3.2402000506E+006  2.1593811454E+015
  3.2419000566E+006  2.1594051166E+015
  3.2436000874E+006  2.1594272539E+015
  3.2453000542E+006  2.1594482512E+015
  3.2470000482E+006  2.1594702920E+015
  3.2487000479E+006  2.1594927878E+015
  3.2504000522E+006  2.1595133713E+015
  3.2521000791E+006  2.1595264379E+015
  3.2538000631E+006  2.1595431174E+015
  3.2555000448E+006  2.1595636450E+015
  3.2572000607E+006  2.1595853034E+015
  3.2589000866E+006  2.1596060999E+015
  3.2606000452E+006  2.1596268402E+015
  3.2623000632E+006  2.1596500938E+015
  3.2640000373E+006  2.1596754605E+015
  3.2657000796E+006  2.1597002828E+015
  3.2674000714E+006  2.1597235797E+015
  3.2691000442E+006  2.1597474980E+015
  3.2708000680E+006  2.1597730606E+015
  3.2725000546E+006  2.1597977555E+015
  3.2742000800E+006  2.1598192443E+015
  3.2759000531E+006  2.1598386426E+015
  3.2776000619E+006  2.1598584062E+015
  3.2793000530E+006  2.1598773566E+015
  3.2810000652E+006  2.1598928305E+015
  3.2827000784E+006  2.1598989583E+015
  3.2844000448E+006  2.1599103213E+015
  3.2861000628E+006  2.1599242036E+015
  3.2878000596E+006  2.1599373079E+015
  3.2895000773E+006  2.1599483419E+015
  3.2912000694E+006  2.1599599826E+015
  3.2929000512E+006  2.1599743801E+015
  3.2946000698E+006  2.1599891276E+015
  3.2963000616E+006  2.1600014219E+015
  3.2980000687E+006  2.1600125856E+015
  3.2997000598E+006  2.1600257961E+015
  3.3014000515E+006  2.1600396967E+015
  3.3031000597E+006  2.1600508901E+015
  3.3048000586E+006  2.1600597603E+015
  3.3065000544E+006  2.1600714246E+015
  3.3082000387E+006  2.1600838593E+015
  3.3099000593E+006  2.1600951765E+015
  3.3116000706E+006  2.1601045504E+015
  3.3133000667E+006  2.1601154434E+015
  3.3150000374E+006  2.1601287225E+015
  3.3167000634E+006  2.1601408337E+015
  3.3184000722E+006  2.1601501003E+015
  3.3201000460E+006  2.1601597519E+015
  3.3218000344E+006  2.1601656021E+015
  3.3235000656E+006  2.1601744020E+015
  3.3252000526E+006  2.1601808332E+015
  3.3269000522E+006  2.1601862831E+015
  3.3286000575E+006  2.1601936171E+015
  3.3303000492E+006  2.1601996750E+015
  3.3320000705E+006  2.1602012221E+015
  3.3337000374E+006  2.1602006453E+015
  3.3354000558E+006  2.1602018582E+015
  3.3371000371E+006  2.1602024863E+015
  3.3388000556E+006  2.1601991795E+015
  3.3405000688E+006  2.1601942027E+015
  3.3422000439E+006  2.1601919672E+015
  3.3439000375E+006  2.1601900198E+015
  3.3456000621E+006  2.1601842196E+015
  3.3473000398E+006  2.1601764367E+015
  3.3490000607E+006  2.1601714559E+015
  3.3507000274E+006  2.1601669984E+015
  3.3524000486E+006  2.1601586819E+015
  3.3541000681E+006  2.1601483755E+015
  3.3558000354E+006  2.1601411812E+015
  3.3575000372E+006  2.1601350107E+015
  3.3592000358E+006  2.1601257725E+015
  3.3609000506E+006  2.1601159640E+015
  3.3626000540E+006  2.1601108500E+015
  3.3643000264E+006  2.1601077520E+015
  3.3660000688E+006  2.1601004361E+015
  3.3677000349E+006  2.1600918130E+015
  3.3694000334E+006  2.1600870954E+015
  3.3711000284E+006  2.1600826304E+015
  3.3728000472E+006  2.1600734489E+015
  3.3745000507E+006  2.1600626920E+015
  3.3762000496E+006  2.1600549782E+015
  3.3779000329E+006  2.1600454348E+015
  3.3796000606E+006  2.1600295128E+015
  3.3813000368E+006  2.1600118187E+015
  3.3830000498E+006  2.1599965836E+015
  3.3847000492E+006  2.1599782447E+015
  3.3864000591E+006  2.1599535041E+015
  3.3881000560E+006  2.1599288555E+015
  3.3898000291E+006  2.1599075208E+015
  3.3915000351E+006  2.1598760071E+015
  3.3932000365E+006  2.1598458368E+015
  3.3949000597E+006  2.1598204477E+015
  3.3966000337E+006  2.1597987040E+015
  3.3983000578E+006  2.1597726287E+015
  3.4000000530E+006  2.1597429081E+015
  3.4017000462E+006  2.1597174261E+015
  3.4034000282E+006  2.1596925798E+015
  3.4051000486E+006  2.1596610953E+015
  3.4068000504E+006  2.1596275070E+015
  3.4085000343E+006  2.1595985634E+015
  3.4102000346E+006  2.1595675456E+015
  3.4119000344E+006  2.1595304825E+015
  3.4136000567E+006  2.1594962137E+015
  3.4153000493E+006  2.1594685282E+015
  3.4170000483E+006  2.1594378380E+015
  3.4187000381E+006  2.1594033840E+015
  3.4204000498E+006  2.1593744003E+015
  3.4221000291E+006  2.1593482993E+015
  3.4238000450E+006  2.1593167017E+015
  3.4255000441E+006  2.1592842780E+015
  3.4272000330E+006  2.1592583693E+015
  3.4289000334E+006  2.1592303379E+015
  3.4306000366E+006  2.1591948655E+015
  3.4323000528E+006  2.1591612726E+015
  3.4340000450E+006  2.1591305438E+015
  3.4357000443E+006  2.1590918597E+015
  3.4374000552E+006  2.1590471579E+015
  3.4391000425E+006  2.1590071321E+015
  3.4408000317E+006  2.1589652089E+015
  3.4425000294E+006  2.1589128204E+015
  3.4442000462E+006  2.1588610317E+015
  3.4459000303E+006  2.1588151151E+015
  3.4476000363E+006  2.1587638214E+015
  3.4493000277E+006  2.1587080042E+015
  3.4510000441E+006  2.1586599480E+015
  3.4527000265E+006  2.1586128320E+015
  3.4544000367E+006  2.1585578375E+015
  3.4561000357E+006  2.1585056855E+015
  3.4578000400E+006  2.1584605271E+015
  3.4595000327E+006  2.1584088766E+015
  3.4612000426E+006  2.1583522217E+015
  3.4629000363E+006  2.1583039600E+015
  3.4646000189E+006  2.1582547713E+015
  3.4663000383E+006  2.1581962957E+015
  3.4680000414E+006  2.1581433630E+015
  3.4697000262E+006  2.1580984857E+015
  3.4714000475E+006  2.1580475338E+015
  3.4731000272E+006  2.1579968460E+015
  3.4748000255E+006  2.1579582904E+015
  3.4765000265E+006  2.1579209401E+015
  3.4782000379E+006  2.1578723356E+015
  3.4799000363E+006  2.1578318461E+015
  3.4816000193E+006  2.1577933100E+015
  3.4833000299E+006  2.1577433316E+015
  3.4850000328E+006  2.1576958476E+015
  3.4867000218E+006  2.1576553231E+015
  3.4884000442E+006  2.1576041376E+015
  3.4901000372E+006  2.1575485352E+015
  3.4918000393E+006  2.1575024768E+015
  3.4935000260E+006  2.1574490072E+015
  3.4952000262E+006  2.1573851713E+015
  3.4969000397E+006  2.1573309623E+015
  3.4986000308E+006  2.1572757860E+015
  3.5003000448E+006  2.1572085652E+015
  3.5020000399E+006  2.1571504171E+015
  3.5037000214E+006  2.1570996785E+015
  3.5054000252E+006  2.1570386637E+015
  3.5071000329E+006  2.1569832628E+015
  3.5088000297E+006  2.1569394908E+015
  3.5105000288E+006  2.1568859369E+015
  3.5122000287E+006  2.1568309384E+015
  3.5139000225E+006  2.1567893274E+015
  3.5156000363E+006  2.1567383953E+015
  3.5173000432E+006  2.1566820207E+015
  3.5190000238E+006  2.1566411864E+015
  3.5207000380E+006  2.1565958803E+015
  3.5224000265E+006  2.1565436163E+015
  3.5241000243E+006  2.1565036723E+015
  3.5258000159E+006  2.1564687445E+015
  3.5275000301E+006  2.1564262033E+015
  3.5292000363E+006  2.1564014724E+015
  3.5309000182E+006  2.1563799756E+015
  3.5326000403E+006  2.1563467779E+015
