 0001  0.1272815823774387E+009
 0002  0.1295885882815350E+009
 0003  0.1319770009686033E+009
 0004  0.1344489879391336E+009
 0005  0.1370412816785201E+009
 0006  0.1397615415735782E+009
 0007  0.1425991588556419E+009
 0008  0.1455317587198175E+009
 0009  0.1486127930499296E+009
 0010  0.1518302115348124E+009
 0011  0.1551820151356679E+009
 0012  0.1587078422466702E+009
 0013  0.1623956665438631E+009
 0014  0.1662141394862166E+009
 0015  0.1701842643370042E+009
 0016  0.1743569167476282E+009
 0017  0.1787110004882535E+009
 0018  0.1832680292844694E+009
 0019  0.1880136535448835E+009
 0020  0.1929658586049127E+009
 0021  0.1981609454586110E+009
 0022  0.2035983557178476E+009
 0023  0.2092927457719710E+009
 0024  0.2152644653015527E+009
 0025  0.2215084878692345E+009
 0026  0.2280705595884514E+009
 0027  0.2349868798026919E+009
 0028  0.2422644146768648E+009
 0029  0.2498700240161137E+009
 0030  0.2579656820682441E+009
 0031  0.2664815067534121E+009
 0032  0.2754664076262041E+009
 0033  0.2850305385423893E+009
 0034  0.2951833539215440E+009
 0035  0.3061380043415068E+009
 0036  0.3181654819392400E+009
 0037  0.3313191651851491E+009
 0038  0.3456918136131207E+009
 0039  0.3613192524193591E+009
 0040  0.3781283929569375E+009
 0041  0.3964283771193563E+009
 0042  0.4197759219710768E+009
 0043  0.4434656156622285E+009
 0044  0.4682518013145105E+009
 0045  0.4938146290652023E+009
 0046  0.5201108365988699E+009
 0047  0.5470237335556452E+009
 0048  0.5747528511786699E+009
 0049  0.6032682538160144E+009
 0050  0.6326115496525917E+009
 0051  0.6627584119492065E+009
 0052  0.6936939714349301E+009
 0053  0.7254916331293948E+009
 0054  0.7580592063237206E+009
 0055  0.7914597373964772E+009
 0056  0.8258475882806966E+009
 0057  0.8610425457800231E+009
 0058  0.8971775747454637E+009
 0059  0.9342727403802822E+009
 0060  0.9724496236714623E+009
 0061  0.1011461335096850E+010
 0062  0.1051588193436812E+010
 0063  0.1092848744851992E+010
 0064  0.1135269940996564E+010
 0065  0.1179063889488393E+010
 0066  0.1224256190911898E+010
 0067  0.1270735197807916E+010
 0068  0.1318676495235952E+010
 0069  0.1368196881456540E+010
 0070  0.1419365977262410E+010
 0071  0.1472683365192483E+010
 0072  0.1527932076532745E+010
 0073  0.1585283655089291E+010
 0074  0.1644814309234330E+010
 0075  0.1706651857250738E+010
 0076  0.1770763545746150E+010
 0077  0.1836975698114833E+010
 0078  0.1905980744715792E+010
 0079  0.1977768616487003E+010
 0080  0.2054396061618597E+010
 0081  0.2134920613482362E+010
 0082  0.2219529473025192E+010
 0083  0.2309498193688416E+010
 0084  0.2404289126074784E+010
 0085  0.2504404386262143E+010
 0086  0.2610499302227387E+010
 0087  0.2723530717687712E+010
 0088  0.2844578476093314E+010
 0089  0.2974748309418540E+010
 0090  0.3114695299952545E+010
 0091  0.3268952518488645E+010
 0092  0.3444166210151014E+010
 0093  0.3647997184435972E+010
 0094  0.3894305666177687E+010
 0095  0.4189617294070348E+010
 0096  0.4544083282399530E+010
 0097  0.4978300798681861E+010
 0098  0.5660566018973603E+010
 0099  0.6360470149274909E+010
 0100  0.7071456664284382E+010
 0101  0.7776128688371557E+010
 0102  0.8465324165097830E+010
 0103  0.9145774292182194E+010
 0104  0.9817113405867346E+010
 0105  0.1047860967899291E+011
 0106  0.1113356004951631E+011
 0107  0.1177807731163499E+011
 0108  0.1241396972753084E+011
 0109  0.1304474815460773E+011
 0110  0.1366676319656734E+011
 0111  0.1427976974638661E+011
 0112  0.1488684182131838E+011
 0113  0.1548773369181609E+011
 0114  0.1607719798482757E+011
 0115  0.1665817335479933E+011
 0116  0.1722630369418064E+011
 0117  0.1779819464932800E+011
 0118  0.1836370796334895E+011
 0119  0.1892736028000864E+011
 0120  0.1948951300239951E+011
 0121  0.2005811012759634E+011
 0122  0.2061417390583062E+011
 0123  0.2116512658941689E+011
 0124  0.2171812156895661E+011
 0125  0.2226520371326956E+011
 0126  0.2281395655066433E+011
 0127  0.2335416501309130E+011
 0128  0.2388982353473132E+011
 0129  0.2442631351532336E+011
 0130  0.2496451974557616E+011
 0131  0.2549567852383404E+011
 0132  0.2602237543886995E+011
 0133  0.2654870205167769E+011
 0134  0.2707428793527763E+011
 0135  0.2759689480885512E+011
 0136  0.2811629204241066E+011
 0137  0.2863294820156927E+011
 0138  0.2914765383368233E+011
 0139  0.2966170790819607E+011
 0140  0.3017605755450986E+011
 0141  0.3068822626240088E+011
 0142  0.3119955717742597E+011
 0143  0.3171104673778436E+011
 0144  0.3222213283729744E+011
 0145  0.3273406774068661E+011
 0146  0.3324531014170795E+011
 0147  0.3375526222170864E+011
 0148  0.3426546200224903E+011
 0149  0.3477436336640701E+011
 0150  0.3527988643001796E+011
 0151  0.3578167202216132E+011
 0152  0.3628736223775098E+011
 0153  0.3679235794456978E+011
 0154  0.3729445566640319E+011
 0155  0.3779513043152960E+011
 0156  0.3829558599400013E+011
 0157  0.3879825833751583E+011
 0158  0.3929983744575462E+011
 0159  0.3979984264084257E+011
 0160  0.4030060468334319E+011
 0161  0.4080398134492562E+011
 0162  0.4131134758731842E+011
 0163  0.4181514100759895E+011
 0164  0.4232012584744911E+011
 0165  0.4282632435005350E+011
 0166  0.4333034440069578E+011
 0167  0.4383352491976524E+011
 0168  0.4433662226626175E+011
 0169  0.4484020574746994E+011
 0170  0.4534479095719639E+011
 0171  0.4585442721664876E+011
 0172  0.4636736210594740E+011
 0173  0.4687855476789613E+011
 0174  0.4738682655765642E+011
 0175  0.4789573543910005E+011
 0176  0.4840769099541185E+011
 0177  0.4892032147967583E+011
 0178  0.4943376972419685E+011
 0179  0.4995349377252817E+011
 0180  0.5047245628232803E+011
 0181  0.5098943777500433E+011
 0182  0.5150817130045943E+011
 0183  0.5203185586446841E+011
 0184  0.5255762125584393E+011
 0185  0.5308651483628536E+011
 0186  0.5362036159531222E+011
 0187  0.5415300770039903E+011
 0188  0.5468528132339973E+011
 0189  0.5522021225744508E+011
 0190  0.5575936843407844E+011
 0191  0.5630672646403654E+011
 0192  0.5685342987044438E+011
 0193  0.5740210373308109E+011
 0194  0.5795936118537398E+011
 0195  0.5851589981470034E+011
 0196  0.5907327226441891E+011
 0197  0.5963337193488144E+011
 0198  0.6019703995940807E+011
 0199  0.6076527593014776E+011
 0200  0.6133880360707016E+011
 0201  0.6191837981563260E+011
 0202  0.6250592819688957E+011
 0203  0.6309905347475990E+011
 0204  0.6369546458571788E+011
 0205  0.6429429372840720E+011
 0206  0.6489981492837505E+011
 0207  0.6551190575853854E+011
 0208  0.6612971324797533E+011
 0209  0.6674954254368729E+011
 0210  0.6737188261422089E+011
 0211  0.6800707555242301E+011
 0212  0.6865259871290165E+011
 0213  0.6930052599766766E+011
 0214  0.6995746889034854E+011
 0215  0.7063243237546060E+011
 0216  0.7131404487494856E+011
 0217  0.7200199598586060E+011
 0218  0.7269982891872945E+011
 0219  0.7341316285047360E+011
 0220  0.7414296990452866E+011
 0221  0.7488613473099701E+011
 0222  0.7563774439181763E+011
 0223  0.7640080178372586E+011
 0224  0.7719653370886568E+011
 0225  0.7801494697763486E+011
 0226  0.7885915590944357E+011
 0227  0.7972985327851649E+011
 0228  0.8061798199709792E+011
 0229  0.8152308167124203E+011
 0230  0.8245636073781244E+011
 0231  0.8341537050511160E+011
 0232  0.8440812083186543E+011
 0233  0.8543326268233160E+011
 0234  0.8650533395460088E+011
 0235  0.8760319540197920E+011
 0236  0.8872951482965933E+011
 0237  0.8989836571809702E+011
 0238  0.9113662741242682E+011
 0239  0.9243995180746074E+011
 0240  0.9380493111952614E+011
 0241  0.9523543630067067E+011
 0242  0.9674254763699245E+011
 0243  0.9836979114505035E+011
 0244  0.1000804354482439E+012
 0245  0.1019471605739860E+012
 0246  0.1039644836678278E+012
 0247  0.1061957433936061E+012
 0248  0.1086920867207379E+012
 0249  0.1114939114007185E+012
 0250  0.1148525866464972E+012
 0251  0.1188777278717177E+012
 0252  0.1241320817725280E+012
 0253  0.1319866306024562E+012
 0254  0.1484628179279106E+012
 0255  0.4352112128206278E+015
 0256  0.5476313509418981E+015
 0257  0.6260816804416835E+015
 0258  0.6882140920578092E+015
 0259  0.7404128209026306E+015
 0260  0.7858061488316692E+015
 0261  0.8261891271880646E+015
 0262  0.8626989955193710E+015
 0263  0.8961072961911866E+015
 0264  0.9269645006340596E+015
 0265  0.9556788364324875E+015
 0266  0.9825624703836508E+015
 0267  0.1007860138711022E+016
 0268  0.1031767721539514E+016
 0269  0.1054444753284348E+016
 0270  0.1076023117475224E+016
 0271  0.1096613253390102E+016
 0272  0.1116308689757800E+016
 0273  0.1135189423552043E+016
 0274  0.1153324482874476E+016
 0275  0.1170773901569204E+016
 0276  0.1187590261961346E+016
 0277  0.1203819915366684E+016
 0278  0.1219503958658130E+016
 0279  0.1234679023708028E+016
 0280  0.1249377921562860E+016
 0281  0.1263630172604930E+016
 0282  0.1277462446329917E+016
 0283  0.1290898928808328E+016
 0284  0.1303961631792213E+016
 0285  0.1316670654360226E+016
 0286  0.1329044405676918E+016
 0287  0.1341099795674329E+016
 0288  0.1352852399102941E+016
 0289  0.1364316597341861E+016
 0290  0.1375505701530314E+016
 0291  0.1386432059929360E+016
 0292  0.1397107151903734E+016
 0293  0.1407541670498385E+016
 0294  0.1417745595249960E+016
 0295  0.1427728256602620E+016
 0296  0.1437498393076952E+016
 0297  0.1447064202160044E+016
 0298  0.1456433385736026E+016
 0299  0.1465613190753385E+016
 0300  0.1474610445723029E+016
 0301  0.1483431593555812E+016
 0302  0.1492082721176634E+016
 0303  0.1500569586292061E+016
 0304  0.1508897641637561E+016
 0305  0.1517072056987304E+016
 0306  0.1525097739172825E+016
 0307  0.1532979350325524E+016
 0308  0.1540721324531121E+016
 0309  0.1548327883061227E+016
 0310  0.1555803048327222E+016
 0311  0.1563150656684608E+016
 0312  0.1570374370201011E+016
 0313  0.1577477687488220E+016
 0314  0.1584463953687286E+016
 0315  0.1591336369685970E+016
 0316  0.1598098000639210E+016
 0317  0.1604751783855700E+016
 0318  0.1611300536107105E+016
 0319  0.1617746960410561E+016
 0320  0.1624093652329960E+016
 0321  0.1630343105836951E+016
 0322  0.1636497718768590E+016
 0323  0.1642559797914886E+016
 0324  0.1648531563766432E+016
 0325  0.1654415154949324E+016
 0326  0.1660212632372136E+016
 0327  0.1665925983107387E+016
 0328  0.1671557124027940E+016
 0329  0.1677107905216898E+016
 0330  0.1682580113167979E+016
 0331  0.1687975473791835E+016
 0332  0.1693295655242466E+016
 0333  0.1698542270576671E+016
 0334  0.1703716880258419E+016
 0335  0.1708820994519000E+016
 0336  0.1713856075582963E+016
 0337  0.1718823539769026E+016
 0338  0.1723724759474414E+016
 0339  0.1728561065050409E+016
 0340  0.1733333746576304E+016
 0341  0.1738044055538392E+016
 0342  0.1742693206420090E+016
 0343  0.1747282378208911E+016
 0344  0.1751812715825489E+016
 0345  0.1756285331479531E+016
 0346  0.1760701305957200E+016
 0347  0.1765061689844116E+016
 0348  0.1769367504687846E+016
 0349  0.1773619744103522E+016
 0350  0.1777819374825898E+016
 0351  0.1781967337711038E+016
 0352  0.1786064548690482E+016
 0353  0.1790111899680676E+016
 0354  0.1794110259450135E+016
 0355  0.1798060474446770E+016
 0356  0.1801963369587547E+016
 0357  0.1805819749012565E+016
 0358  0.1809630396805503E+016
 0359  0.1813396077682224E+016
 0360  0.1817117537649256E+016
 0361  0.1820795504633734E+016
 0362  0.1824430689086304E+016
 0363  0.1828023784558387E+016
 0364  0.1831575468255120E+016
 0365  0.1835086401565232E+016
 0366  0.1838557230568988E+016
 0367  0.1841988586525328E+016
 0368  0.1845381086339217E+016
 0369  0.1848735333010182E+016
 0370  0.1852051916062952E+016
 0371  0.1855331411961074E+016
 0372  0.1858574384504302E+016
 0373  0.1861781385210552E+016
 0374  0.1864952953683134E+016
 0375  0.1868089617963946E+016
 0376  0.1871191894873295E+016
 0377  0.1874260290336948E+016
 0378  0.1877295299700998E+016
 0379  0.1880297408035088E+016
 0380  0.1883267090424527E+016
 0381  0.1886204812251790E+016
 0382  0.1889111029467847E+016
 0383  0.1891986188853806E+016
 0384  0.1894830728273255E+016
 0385  0.1897645076915722E+016
 0386  0.1900429655531628E+016
 0387  0.1903184876659088E+016
 0388  0.1905911144842918E+016
 0389  0.1908608856846156E+016
 0390  0.1911278401854412E+016
 0391  0.1913920161673364E+016
 0392  0.1916534510919634E+016
 0393  0.1919121817205365E+016
 0394  0.1921682441316705E+016
 0395  0.1924216737386480E+016
 0396  0.1926725053061268E+016
 0397  0.1929207729663079E+016
 0398  0.1931665102345897E+016
 0399  0.1934097500247232E+016
 0400  0.1936505246634913E+016
 0401  0.1938888659049280E+016
 0402  0.1941248049440968E+016
 0403  0.1943583724304436E+016
 0404  0.1945895984807402E+016
 0405  0.1948185126916352E+016
 0406  0.1950451441518244E+016
 0407  0.1952695214538569E+016
 0408  0.1954916727055878E+016
 0409  0.1957116255412940E+016
 0410  0.1959294071324609E+016
 0411  0.1961450441982550E+016
 0412  0.1963585630156923E+016
 0413  0.1965699894295128E+016
 0414  0.1967793488617731E+016
 0415  0.1969866663211648E+016
 0416  0.1971919664120703E+016
 0417  0.1973952733433630E+016
 0418  0.1975966109369624E+016
 0419  0.1977960026361515E+016
 0420  0.1979934715136648E+016
 0421  0.1981890402795545E+016
 0422  0.1983827312888421E+016
 0423  0.1985745665489638E+016
 0424  0.1987645677270147E+016
 0425  0.1989527561567986E+016
 0426  0.1991391528456924E+016
 0427  0.1993237784813270E+016
 0428  0.1995066534380937E+016
 0429  0.1996877977834804E+016
 0430  0.1998672312842439E+016
 0431  0.2000449734124220E+016
 0432  0.2002210433511918E+016
 0433  0.2003954600005785E+016
 0434  0.2005682419830198E+016
 0435  0.2007394076487888E+016
 0436  0.2009089750812832E+016
 0437  0.2010769621021794E+016
 0438  0.2012433862764623E+016
 0439  0.2014082649173281E+016
 0440  0.2015716150909696E+016
 0441  0.2017334536212426E+016
 0442  0.2018937970942202E+016
 0443  0.2020526618626381E+016
 0444  0.2022100640502314E+016
 0445  0.2023660195559697E+016
 0446  0.2025205440581912E+016
 0447  0.2026736530186391E+016
 0448  0.2028253616864033E+016
 0449  0.2029756851017707E+016
 0450  0.2031246380999854E+016
 0451  0.2032722353149226E+016
 0452  0.2034184911826779E+016
 0453  0.2035634199450746E+016
 0454  0.2037070356530916E+016
 0455  0.2038493521702132E+016
 0456  0.2039903831757043E+016
 0457  0.2041301421678119E+016
 0458  0.2042686424668950E+016
 0459  0.2044058972184864E+016
 0460  0.2045419193962851E+016
 0461  0.2046767218050854E+016
 0462  0.2048103170836401E+016
 0463  0.2049427177074625E+016
 0464  0.2050739359915684E+016
 0465  0.2052039840931578E+016
 0466  0.2053328740142404E+016
 0467  0.2054606176042052E+016
 0468  0.2055872265623343E+016
 0469  0.2057127124402662E+016
 0470  0.2058370866444051E+016
 0471  0.2059603604382809E+016
 0472  0.2060825449448610E+016
 0473  0.2062036511488125E+016
 0474  0.2063236898987193E+016
 0475  0.2064426719092538E+016
 0476  0.2065606077633031E+016
 0477  0.2066775079140537E+016
 0478  0.2067933826870331E+016
 0479  0.2069082422821103E+016
 0480  0.2070220967754571E+016
 0481  0.2071349561214699E+016
 0482  0.2072468301546530E+016
 0483  0.2073577285914659E+016
 0484  0.2074676610321330E+016
 0485  0.2075766369624184E+016
 0486  0.2076846657553674E+016
 0487  0.2077917566730122E+016
 0488  0.2078979188680463E+016
 0489  0.2080031613854658E+016
 0490  0.2081074931641800E+016
 0491  0.2082109230385911E+016
 0492  0.2083134597401439E+016
 0493  0.2084151118988463E+016
 0494  0.2085158880447614E+016
 0495  0.2086157966094719E+016
 0496  0.2087148459275163E+016
 0497  0.2088130442377999E+016
 0498  0.2089103996849787E+016
 0499  0.2090069203208180E+016
 0500  0.2091026141055267E+016
 0501  0.2091974889090670E+016
 0502  0.2092915525124398E+016
 0503  0.2093848126089480E+016
 0504  0.2094772768054361E+016
 0505  0.2095689526235080E+016
 0506  0.2096598475007231E+016
 0507  0.2097499687917710E+016
 0508  0.2098393237696259E+016
 0509  0.2099279196266797E+016
 0510  0.2100157634758561E+016
 0511  0.2101028623517049E+016
 0512  0.2101892232114776E+016
 0513  0.2102748529361837E+016
 0514  0.2103597583316288E+016
 0515  0.2104439461294361E+016
 0516  0.2105274229880490E+016
 0517  0.2106101954937167E+016
 0518  0.2106922701614641E+016
 0519  0.2107736534360443E+016
 0520  0.2108543516928756E+016
 0521  0.2109343712389622E+016
 0522  0.2110137183138006E+016
 0523  0.2110923990902693E+016
 0524  0.2111704196755050E+016
 0525  0.2112477861117639E+016
 0526  0.2113245043772694E+016
 0527  0.2114005803870442E+016
 0528  0.2114760199937310E+016
 0529  0.2115508289883983E+016
 0530  0.2116250131013338E+016
 0531  0.2116985780028247E+016
 0532  0.2117715293039257E+016
 0533  0.2118438725572144E+016
 0534  0.2119156132575351E+016
 0535  0.2119867568427300E+016
 0536  0.2120573086943595E+016
 0537  0.2121272741384111E+016
 0538  0.2121966584459968E+016
 0539  0.2122654668340392E+016
 0540  0.2123337044659481E+016
 0541  0.2124013764522856E+016
 0542  0.2124684878514210E+016
 0543  0.2125350436701758E+016
 0544  0.2126010488644585E+016
 0545  0.2126665083398905E+016
 0546  0.2127314269524208E+016
 0547  0.2127958095089330E+016
 0548  0.2128596607678423E+016
 0549  0.2129229854396834E+016
 0550  0.2129857881876898E+016
 0551  0.2130480736283642E+016
 0552  0.2131098463320406E+016
 0553  0.2131711108234380E+016
 0554  0.2132318715822052E+016
 0555  0.2132921330434590E+016
 0556  0.2133518995983123E+016
 0557  0.2134111755943970E+016
 0558  0.2134699653363770E+016
 0559  0.2135282730864548E+016
 0560  0.2135861030648707E+016
 0561  0.2136434594503944E+016
 0562  0.2137003463808099E+016
 0563  0.2137567679533928E+016
 0564  0.2138127282253814E+016
 0565  0.2138682312144407E+016
 0566  0.2139232808991198E+016
 0567  0.2139778812193030E+016
 0568  0.2140320360766541E+016
 0569  0.2140857493350550E+016
 0570  0.2141390248210371E+016
 0571  0.2141918663242083E+016
 0572  0.2142442775976722E+016
 0573  0.2142962623584428E+016
 0574  0.2143478242878525E+016
 0575  0.2143989670319555E+016
 0576  0.2144496942019244E+016
 0577  0.2145000093744419E+016
 0578  0.2145499160920879E+016
 0579  0.2145994178637196E+016
 0580  0.2146485181648480E+016
 0581  0.2146972204380085E+016
 0582  0.2147455280931263E+016
 0583  0.2147934445078776E+016
 0584  0.2148409730280453E+016
 0585  0.2148881169678702E+016
 0586  0.2149348796103972E+016
 0587  0.2149812642078173E+016
 0588  0.2150272739818049E+016
 0589  0.2150729121238502E+016
 0590  0.2151181817955880E+016
 0591  0.2151630861291215E+016
 0592  0.2152076282273419E+016
 0593  0.2152518111642442E+016
 0594  0.2152956379852387E+016
 0595  0.2153391117074580E+016
 0596  0.2153822353200606E+016
 0597  0.2154250117845306E+016
 0598  0.2154674440349726E+016
 0599  0.2155095349784044E+016
 0600  0.2155512874950437E+016
 0601  0.2155927044385940E+016
 0602  0.2156337886365238E+016
 0603  0.2156745428903447E+016
 0604  0.2157149699758846E+016
 0605  0.2157550726435576E+016
 0606  0.2157948536186314E+016
 0607  0.2158343156014897E+016
 0608  0.2158734612678929E+016
 0609  0.2159122932692347E+016
 0610  0.2159508142327956E+016
 0611  0.2159890267619935E+016
 0612  0.2160269334366306E+016
 0613  0.2160645368131379E+016
 0614  0.2161018394248162E+016
 0615  0.2161388437820748E+016
 0616  0.2161755523726664E+016
 0617  0.2162119676619191E+016
 0618  0.2162480920929672E+016
 0619  0.2162839280869768E+016
 0620  0.2163194780433701E+016
 0621  0.2163547443400470E+016
 0622  0.2163897293336038E+016
 0623  0.2164244353595484E+016
 0624  0.2164588647325146E+016
 0625  0.2164930197464724E+016
 0626  0.2165269026749364E+016
 0627  0.2165605157711713E+016
 0628  0.2165938612683962E+016
 0629  0.2166269413799842E+016
 0630  0.2166597582996620E+016
 0631  0.2166923142017056E+016
 0632  0.2167246112411346E+016
 0633  0.2167566515539031E+016
 0634  0.2167884372570898E+016
 0635  0.2168199704490847E+016
 0636  0.2168512532097741E+016
 0637  0.2168822876007236E+016
 0638  0.2169130756653586E+016
 0639  0.2169436194291430E+016
 0640  0.2169739208997556E+016
 0641  0.2170039820672646E+016
 0642  0.2170338049043002E+016
 0643  0.2170633913662249E+016
 0644  0.2170927433913020E+016
 0645  0.2171218629008628E+016
 0646  0.2171507517994702E+016
 0647  0.2171794119750828E+016
 0648  0.2172078452992149E+016
 0649  0.2172360536270962E+016
 0650  0.2172640387978290E+016
 0651  0.2172918026345438E+016
 0652  0.2173193469445533E+016
 0653  0.2173466735195040E+016
 0654  0.2173737841355275E+016
 0655  0.2174006805533883E+016
 0656  0.2174273645186318E+016
 0657  0.2174538377617288E+016
 0658  0.2174801019982202E+016
 0659  0.2175061589288585E+016
 0660  0.2175320102397492E+016
 0661  0.2175576576024892E+016
 0662  0.2175831026743050E+016
 0663  0.2176083470981884E+016
 0664  0.2176333925030312E+016
 0665  0.2176582405037583E+016
 0666  0.2176828927014596E+016
 0667  0.2177073506835198E+016
 0668  0.2177316160237477E+016
 0669  0.2177556902825032E+016
 0670  0.2177795750068239E+016
 0671  0.2178032717305488E+016
 0672  0.2178267819744432E+016
 0673  0.2178501072463192E+016
 0674  0.2178732490411571E+016
 0675  0.2178962088412251E+016
 0676  0.2179189881161969E+016
 0677  0.2179415883232688E+016
 0678  0.2179640109072756E+016
 0679  0.2179862573008048E+016
 0680  0.2180083289243094E+016
 0681  0.2180302271862210E+016
 0682  0.2180519534830596E+016
 0683  0.2180735091995437E+016
 0684  0.2180948957086989E+016
 0685  0.2181161143719649E+016
 0686  0.2181371665393023E+016
 0687  0.2181580535492973E+016
 0688  0.2181787767292661E+016
 0689  0.2181993373953573E+016
 0690  0.2182197368526547E+016
 0691  0.2182399763952772E+016
 0692  0.2182600573064794E+016
 0693  0.2182799808587496E+016
 0694  0.2182997483139083E+016
 0695  0.2183193609232045E+016
 0696  0.2183388199274115E+016
 0697  0.2183581265569218E+016
 0698  0.2183772820318408E+016
 0699  0.2183962875620797E+016
 0700  0.2184151443474475E+016
 0701  0.2184338535777417E+016
 0702  0.2184524164328385E+016
 0703  0.2184708340827821E+016
 0704  0.2184891076878726E+016
 0705  0.2185072383987535E+016
 0706  0.2185252273564982E+016
 0707  0.2185430756926954E+016
 0708  0.2185607845295342E+016
 0709  0.2185783549798875E+016
 0710  0.2185957881473954E+016
 0711  0.2186130851265472E+016
 0712  0.2186302470027628E+016
 0713  0.2186472748524736E+016
 0714  0.2186641697432018E+016
 0715  0.2186809327336395E+016
 0716  0.2186975648737271E+016
 0717  0.2187140672047309E+016
 0718  0.2187304407593187E+016
 0719  0.2187466865616375E+016
 0720  0.2187628056273867E+016
 0721  0.2187787989638940E+016
 0722  0.2187946675701884E+016
 0723  0.2188104124370731E+016
 0724  0.2188260345471984E+016
 0725  0.2188415348751322E+016
 0726  0.2188569143874321E+016
 0727  0.2188721740427144E+016
 0728  0.2188873147917244E+016
 0729  0.2189023375774044E+016
 0730  0.2189172433349630E+016
 0731  0.2189320329919414E+016
 0732  0.2189467074682808E+016
 0733  0.2189612676763887E+016
 0734  0.2189757145212039E+016
 0735  0.2189900489002620E+016
 0736  0.2190042717037593E+016
 0737  0.2190183838146166E+016
 0738  0.2190323861085424E+016
 0739  0.2190462794540951E+016
 0740  0.2190600647127449E+016
 0741  0.2190737427389354E+016
 0742  0.2190873143801438E+016
 0743  0.2191007804769412E+016
 0744  0.2191141418630526E+016
 0745  0.2191273993654151E+016
 0746  0.2191405538042368E+016
 0747  0.2191536059930544E+016
 0748  0.2191665567387910E+016
 0749  0.2191794068418123E+016
 0750  0.2191921570959831E+016
 0751  0.2192048082887231E+016
 0752  0.2192173612010622E+016
 0753  0.2192298166076945E+016
 0754  0.2192421752770333E+016
 0755  0.2192544379712644E+016
 0756  0.2192666054463991E+016
 0757  0.2192786784523272E+016
 0758  0.2192906577328688E+016
 0759  0.2193025440258262E+016
 0760  0.2193143380630353E+016
 0761  0.2193260405704160E+016
 0762  0.2193376522680223E+016
 0763  0.2193491738700929E+016
 0764  0.2193606060850994E+016
 0765  0.2193719496157966E+016
 0766  0.2193832051592690E+016
 0767  0.2193943734069809E+016
 0768  0.2194054550448224E+016
 0769  0.2194164507531573E+016
 0770  0.2194273612068693E+016
 0771  0.2194381870754086E+016
 0772  0.2194489290228375E+016
 0773  0.2194595877078760E+016
 0774  0.2194701637839465E+016
 0775  0.2194806578992189E+016
 0776  0.2194910706966540E+016
 0777  0.2195014028140480E+016
 0778  0.2195116548840755E+016
 0779  0.2195218275343326E+016
 0780  0.2195319213873794E+016
 0781  0.2195419370607820E+016
 0782  0.2195518751671551E+016
 0783  0.2195617363142028E+016
 0784  0.2195715211047594E+016
 0785  0.2195812301368310E+016
 0786  0.2195908640036350E+016
 0787  0.2196004232936404E+016
 0788  0.2196099085906076E+016
 0789  0.2196193204736275E+016
 0790  0.2196286595171604E+016
 0791  0.2196379262910742E+016
 0792  0.2196471213606835E+016
 0793  0.2196562452867865E+016
 0794  0.2196652986257032E+016
 0795  0.2196742819293122E+016
 0796  0.2196831957450880E+016
 0797  0.2196920406161368E+016
 0798  0.2197008170812338E+016
 0799  0.2197095256748581E+016
 0800  0.2197181669272287E+016
 0801  0.2197267413643398E+016
 0802  0.2197352495079956E+016
 0803  0.2197436918758451E+016
 0804  0.2197520689814163E+016
 0805  0.2197603813341502E+016
 0806  0.2197686294394348E+016
 0807  0.2197768137986381E+016
 0808  0.2197849349091418E+016
 0809  0.2197929932643734E+016
 0810  0.2198009893538395E+016
 0811  0.2198089236631576E+016
 0812  0.2198167966740884E+016
 0813  0.2198246088645674E+016
 0814  0.2198323607087360E+016
 0815  0.2198400526769732E+016
 0816  0.2198476852359262E+016
 0817  0.2198552588485410E+016
 0818  0.2198627739740930E+016
 0819  0.2198702310682166E+016
 0820  0.2198776305829356E+016
 0821  0.2198849729666923E+016
 0822  0.2198922586643771E+016
 0823  0.2198994881173573E+016
 0824  0.2199066617635064E+016
 0825  0.2199137800372320E+016
 0826  0.2199208433695043E+016
 0827  0.2199278521878846E+016
 0828  0.2199348069165526E+016
 0829  0.2199417079763344E+016
 0830  0.2199485557847292E+016
 0831  0.2199553507559372E+016
 0832  0.2199620933008858E+016
 0833  0.2199687838272568E+016
 0834  0.2199754227395124E+016
 0835  0.2199820104389214E+016
 0836  0.2199885473235854E+016
 0837  0.2199950337884646E+016
 0838  0.2200014702254030E+016
 0839  0.2200078570231536E+016
 0840  0.2200141945674040E+016
 0841  0.2200204832408010E+016
 0842  0.2200267234229752E+016
 0843  0.2200329154905652E+016
 0844  0.2200390598172427E+016
 0845  0.2200451567737353E+016
 0846  0.2200512067278514E+016
 0847  0.2200572100445035E+016
 0848  0.2200631670857312E+016
 0849  0.2200690782107248E+016
 0850  0.2200749437758483E+016
 0851  0.2200807641346623E+016
 0852  0.2200865396379465E+016
 0853  0.2200922706337221E+016
 0854  0.2200979574672743E+016
 0855  0.2201036004811740E+016
 0856  0.2201092000153000E+016
 0857  0.2201147564068607E+016
 0858  0.2201202699904151E+016
 0859  0.2201257410978949E+016
 0860  0.2201311700586252E+016
 0861  0.2201365571993454E+016
 0862  0.2201419028442304E+016
 0863  0.2201472073149106E+016
 0864  0.2201524709304930E+016
 0865  0.2201576940075812E+016
 0866  0.2201628768602952E+016
 0867  0.2201680198002920E+016
 0868  0.2201731231367846E+016
 0869  0.2201781871765627E+016
 0870  0.2201832122240106E+016
 0871  0.2201881985811276E+016
 0872  0.2201931465475474E+016
 0873  0.2201980564205558E+016
 0874  0.2202029284951104E+016
 0875  0.2202077630638592E+016
 0876  0.2202125604171587E+016
 0877  0.2202173208430927E+016
 0878  0.2202220446274900E+016
 0879  0.2202267320539429E+016
 0880  0.2202313834038246E+016
 0881  0.2202359989563073E+016
 0882  0.2202405789883798E+016
 0883  0.2202451237748644E+016
 0884  0.2202496335884350E+016
 0885  0.2202541086996335E+016
 0886  0.2202585493768873E+016
 0887  0.2202629558865262E+016
 0888  0.2202673284927984E+016
 0889  0.2202716674578883E+016
 0890  0.2202759730419315E+016
 0891  0.2202802455030324E+016
 0892  0.2202844850972797E+016
 0893  0.2202886920787626E+016
 0894  0.2202928666995868E+016
 0895  0.2202970092098900E+016
 0896  0.2203011198578580E+016
 0897  0.2203051988897397E+016
 0898  0.2203092465498629E+016
 0899  0.2203132630806494E+016
 0900  0.2203172487226302E+016
 0901  0.2203212037144605E+016
 0902  0.2203251282929345E+016
 0903  0.2203290226930004E+016
 0904  0.2203328871477748E+016
 0905  0.2203367218885572E+016
 0906  0.2203405271448449E+016
 0907  0.2203443031443466E+016
 0908  0.2203480501129971E+016
 0909  0.2203517682749711E+016
 0910  0.2203554578526974E+016
 0911  0.2203591190668722E+016
 0912  0.2203627521364734E+016
 0913  0.2203663572787740E+016
 0914  0.2203699347093556E+016
 0915  0.2203734846421216E+016
 0916  0.2203770072893107E+016
 0917  0.2203805028615100E+016
 0918  0.2203839715676680E+016
 0919  0.2203874136151076E+016
 0920  0.2203908292095391E+016
 0921  0.2203942185550727E+016
 0922  0.2203975818542314E+016
 0923  0.2204009193079628E+016
 0924  0.2204042311156530E+016
 0925  0.2204075174751372E+016
 0926  0.2204107785827134E+016
 0927  0.2204140146331534E+016
 0928  0.2204172258197158E+016
 0929  0.2204204618126288E+016
 0930  0.2204237322374492E+016
 0931  0.2204270381108618E+016
 0932  0.2204303804941536E+016
 0933  0.2204337604958598E+016
 0934  0.2204371792746106E+016
 0935  0.2204406380421932E+016
 0936  0.2204441380668543E+016
 0937  0.2204476806768606E+016
 0938  0.2204512672643459E+016
 0939  0.2204548992894718E+016
 0940  0.2204585782849317E+016
 0941  0.2204623058608345E+016
 0942  0.2204660837100068E+016
 0943  0.2204699136137563E+016
 0944  0.2204737974481463E+016
 0945  0.2204777371908374E+016
 0946  0.2204817349285565E+016
 0947  0.2204857928652664E+016
 0948  0.2204899133311146E+016
 0949  0.2204940987922522E+016
 0950  0.2204983518616281E+016
 0951  0.2205026753108748E+016
 0952  0.2205070720834224E+016
 0953  0.2205115453089958E+016
 0954  0.2205160983196754E+016
 0955  0.2205207346677253E+016
 0956  0.2205254581454306E+016
 0957  0.2205302728072192E+016
 0958  0.2205351829943938E+016
 0959  0.2205401933628511E+016
 0960  0.2205453089142308E+016
 0961  0.2205505350310207E+016
 0962  0.2205558775162308E+016
 0963  0.2205613426383741E+016
 0964  0.2205669371826274E+016
 0965  0.2205726685092192E+016
 0966  0.2205785446203064E+016
 0967  0.2205845742368644E+016
 0968  0.2205907668874480E+016
 0969  0.2205971330110874E+016
 0970  0.2206036840771168E+016
 0971  0.2206104327253837E+016
 0972  0.2206173929311564E+016
 0973  0.2206245802001323E+016
 0974  0.2206320118003957E+016
 0975  0.2206397070400551E+016
 0976  0.2206476876017997E+016
 0977  0.2206559779489768E+016
 0978  0.2206646058223599E+016
 0979  0.2206736028530485E+016
 0980  0.2206830053256787E+016
 0981  0.2206928551384671E+016
 0982  0.2207032010243180E+016
 0983  0.2207141001230932E+016
 0984  0.2207256200336260E+016
 0985  0.2207378415325769E+016
 0986  0.2207508622382624E+016
 0987  0.2207648016430696E+016
 0988  0.2207798081774853E+016
 0989  0.2207960693765045E+016
 0990  0.2208138269409890E+016
 0991  0.2208333998238112E+016
 0992  0.2208552210840602E+016
 0993  0.2208798996979048E+016
 0994  0.2209083307853257E+016
 0995  0.2209419082207538E+016
 0996  0.2209829798005992E+016
 0997  0.2210359752617530E+016
 0998  0.2211109020338264E+016
 0999  0.2212394907492594E+016
 1000  0.2217029859489587E+016
