 0001  0.2402012761455292E+008
 0002  0.2290785712440753E+008
 0003  0.2184033987966107E+008
 0004  0.2053380057336283E+008
 0005  0.1927143070970786E+008
 0006  0.1817634294039482E+008
 0007  0.1729179191394791E+008
 0008  0.1616804747131822E+008
 0009  0.1519313328434152E+008
 0010  0.1429857033164594E+008
 0011  0.1331281861170383E+008
 0012  0.1245169635715432E+008
 0013  0.1175551659987607E+008
 0014  0.1104546293629718E+008
 0015  0.1025662476858965E+008
 0016  0.9582723606121095E+007
 0017  0.8917781120987868E+007
 0018  0.8333134322293358E+007
 0019  0.7764440916612467E+007
 0020  0.7189307881491277E+007
 0021  0.6664908270738427E+007
 0022  0.6168832289555758E+007
 0023  0.5695768793423045E+007
 0024  0.5269281449868792E+007
 0025  0.4844813486718913E+007
 0026  0.4435963501932073E+007
 0027  0.4063095015120717E+007
 0028  0.3743149244873954E+007
 0029  0.3380974676003919E+007
 0030  0.3085410874849948E+007
 0031  0.2803608150469778E+007
 0032  0.2520898790063894E+007
 0033  0.2268749751342844E+007
 0034  0.2004185477188967E+007
 0035  0.1733732191600130E+007
 0036  0.1499551437386388E+007
 0037  0.1293053563174023E+007
 0038  0.1116357028666319E+007
 0039  0.9713661715523966E+006
 0040  0.8324999226994704E+006
 0041  0.6015460723239842E+006
 0042  0.5426218466047205E+006
 0043  0.4759894070280590E+006
 0044  0.4243432944381012E+006
 0045  0.3802244947110254E+006
 0046  0.3433648400530281E+006
 0047  0.3087546874911631E+006
 0048  0.2787304479618529E+006
 0049  0.2519509488159759E+006
 0050  0.2285361358088911E+006
 0051  0.2079336386721318E+006
 0052  0.1892016671309265E+006
 0053  0.1730673976850265E+006
 0054  0.1583670978487865E+006
 0055  0.1445532518206215E+006
 0056  0.1329139236492341E+006
 0057  0.1219988037393313E+006
 0058  0.1121317790173539E+006
 0059  0.1029120795839973E+006
 0060  0.9523761894984788E+005
 0061  0.8765944350129316E+005
 0062  0.8077869734154787E+005
 0063  0.7450820134153416E+005
 0064  0.6848606913166065E+005
 0065  0.6300650540669102E+005
 0066  0.5819466466324804E+005
 0067  0.5362543361557740E+005
 0068  0.4936383778109479E+005
 0069  0.4543962466777477E+005
 0070  0.4147775222823345E+005
 0071  0.3806771842995154E+005
 0072  0.3487706277645977E+005
 0073  0.3195477086545862E+005
 0074  0.2925430473944892E+005
 0075  0.2683277053762084E+005
 0076  0.2471225743855006E+005
 0077  0.2255348427448216E+005
 0078  0.2061457574262570E+005
 0079  0.1834291114744768E+005
 0080  0.1655454739393633E+005
 0081  0.1492974693666326E+005
 0082  0.1328724794372128E+005
 0083  0.1191879736697958E+005
 0084  0.1065392141774772E+005
 0085  0.9479253226000808E+004
 0086  0.8375965937533992E+004
 0087  0.7348072162101063E+004
 0088  0.6404568518209704E+004
 0089  0.5569638168918868E+004
 0090  0.4707154461185462E+004
 0091  0.3836322303430136E+004
 0092  0.3024734532900711E+004
 0093  0.2265671231768619E+004
 0094  0.1683932228802407E+004
 0095  0.1230374022990952E+004
 0096  0.8648706502581052E+003
 0097  0.4511447938900569E+003
 0098  0.3527330288480819E+003
 0099  0.2847866476024303E+003
 0100  0.2352005819666122E+003
 0101  0.1994680006417434E+003
 0102  0.1705311456126715E+003
 0103  0.1479515832916553E+003
 0104  0.1300842334179951E+003
 0105  0.1149846259163859E+003
 0106  0.1031761804144959E+003
 0107  0.9308396275996245E+002
 0108  0.8408682706508672E+002
 0109  0.7686937835301302E+002
 0110  0.7071344484178283E+002
 0111  0.6505499784769133E+002
 0112  0.6013746730644980E+002
 0113  0.5633312114190654E+002
 0114  0.5273592953823987E+002
 0115  0.4994789301472203E+002
 0116  0.4608660466452719E+002
 0117  0.4338629465878048E+002
 0118  0.4062022118892997E+002
 0119  0.3808289145736327E+002
 0120  0.3525712224804730E+002
 0121  0.3382488972087045E+002
 0122  0.3210600954951120E+002
 0123  0.3012940032596425E+002
 0124  0.2872916451693418E+002
 0125  0.2705746765105050E+002
 0126  0.2600365284146766E+002
 0127  0.2485210566474953E+002
 0128  0.2354301160574946E+002
 0129  0.2228590279160501E+002
 0130  0.2146908317173449E+002
 0131  0.2061199181253545E+002
 0132  0.1965685924781309E+002
 0133  0.1877504693810845E+002
 0134  0.1802595814155314E+002
 0135  0.1733158912972798E+002
 0136  0.1666463657779673E+002
 0137  0.1601245735673384E+002
 0138  0.1535828347288352E+002
 0139  0.1471290940095847E+002
 0140  0.1417206291804935E+002
 0141  0.1362456246899348E+002
 0142  0.1308016616827076E+002
 0143  0.1257807976216870E+002
 0144  0.1207169544612731E+002
 0145  0.1162637160334356E+002
 0146  0.1121668101570626E+002
 0147  0.1079421818744958E+002
 0148  0.1042423557413082E+002
 0149  0.1011417675915830E+002
 0150  0.9826890641403232E+001
 0151  0.9407730324683193E+001
 0152  0.9091772320106630E+001
 0153  0.8829236038282581E+001
 0154  0.8553448792272953E+001
 0155  0.8269717021803302E+001
 0156  0.7958994157574530E+001
 0157  0.7713036666793012E+001
 0158  0.7484880991104032E+001
 0159  0.7232204046238914E+001
 0160  0.6963877066830133E+001
 0161  0.6688488162691232E+001
 0162  0.6522736138517583E+001
 0163  0.6303615872090711E+001
 0164  0.6093030354974287E+001
 0165  0.5930957356194715E+001
 0166  0.5759923036770905E+001
 0167  0.5587035266508049E+001
 0168  0.5414571709811238E+001
 0169  0.5243237936571017E+001
 0170  0.5037593154776782E+001
 0171  0.4857349041594861E+001
 0172  0.4730940317818519E+001
 0173  0.4620131802146932E+001
 0174  0.4481784641939745E+001
 0175  0.4327779488688825E+001
 0176  0.4199172926759652E+001
 0177  0.4074040992114702E+001
 0178  0.3911430286364968E+001
 0179  0.3807194298320977E+001
 0180  0.3715481164526118E+001
 0181  0.3600702276999782E+001
 0182  0.3468451623601847E+001
 0183  0.3359827564091759E+001
 0184  0.3248544860828896E+001
 0185  0.3130469631929053E+001
 0186  0.3052195094122192E+001
 0187  0.2971930451272105E+001
 0188  0.2877818999682204E+001
 0189  0.2778831530397739E+001
 0190  0.2663826366624265E+001
 0191  0.2595673480983872E+001
 0192  0.2517579299938208E+001
 0193  0.2412889461236166E+001
 0194  0.2351880055743626E+001
 0195  0.2286444773428733E+001
 0196  0.2215585402570892E+001
 0197  0.2143923788305146E+001
 0198  0.2071099222019471E+001
 0199  0.1998379861878403E+001
 0200  0.1925842191766988E+001
 0201  0.1849969441532773E+001
 0202  0.1784520139129650E+001
 0203  0.1728215593524160E+001
 0204  0.1676309579777469E+001
 0205  0.1614565868684681E+001
 0206  0.1555551401628727E+001
 0207  0.1500917602680011E+001
 0208  0.1457045029705765E+001
 0209  0.1413508273907004E+001
 0210  0.1348892473103780E+001
 0211  0.1292574703117986E+001
 0212  0.1254070310135541E+001
 0213  0.1204498533559194E+001
 0214  0.1141427897304643E+001
 0215  0.1100305254473648E+001
 0216  0.1061245230028309E+001
 0217  0.1018418739157795E+001
 0218  0.9696571076856050E+000
 0219  0.9222082798979874E+000
 0220  0.8810228494025252E+000
 0221  0.8473723619922846E+000
 0222  0.8118499235386176E+000
 0223  0.7569530580432741E+000
 0224  0.7152297447536470E+000
 0225  0.6735599431419994E+000
 0226  0.6341296918047821E+000
 0227  0.6034652373995629E+000
 0228  0.5746915595896319E+000
 0229  0.5407415080851296E+000
 0230  0.5103581645738845E+000
 0231  0.4779253230644340E+000
 0232  0.4484327615319312E+000
 0233  0.4152030411207318E+000
 0234  0.3923793485944809E+000
 0235  0.3700234420081539E+000
 0236  0.3447955437340079E+000
 0237  0.3144445940182466E+000
 0238  0.2883082003934937E+000
 0239  0.2654066359691998E+000
 0240  0.2439329397741224E+000
 0241  0.2227835536747785E+000
 0242  0.1982307897487010E+000
 0243  0.1808808066396097E+000
 0244  0.1587139099131344E+000
 0245  0.1402945841591645E+000
 0246  0.1208335488699756E+000
 0247  0.1025110070763836E+000
 0248  0.8632511345937417E-001
 0249  0.6762331593920565E-001
 0250  0.5251129485211459E-001
 0251  0.3692625139313460E-001
 0252  0.2206443404027585E-001
 0253  0.8698221817211832E-002
 0254  0.1018872261630000E-012
 0255  0.1018872261630000E-012
 0256  0.1018872261630000E-012
 0257  0.1018872261630000E-012
 0258  0.1018872261630000E-012
 0259  0.1018872261630000E-012
 0260  0.1018872261630000E-012
 0261  0.1018872261630000E-012
 0262  0.1018872261630000E-012
 0263  0.1018872261630000E-012
 0264  0.1018872261630000E-012
 0265  0.1018872261630000E-012
 0266  0.1018872261630000E-012
 0267  0.1018872261630000E-012
 0268  0.1018872261630000E-012
 0269  0.1018872261630000E-012
 0270  0.1018872261630000E-012
 0271  0.1018872261630000E-012
 0272  0.1018872261630000E-012
 0273  0.1018872261630000E-012
 0274  0.1018872261630000E-012
 0275  0.1018872261630000E-012
 0276  0.1018872261630000E-012
 0277  0.1018872261630000E-012
 0278  0.1018872261630000E-012
 0279  0.1018872261630000E-012
 0280  0.1018872261630000E-012
 0281  0.1018872261630000E-012
 0282  0.1018872261630000E-012
 0283  0.1018872261630000E-012
 0284  0.1018872261630000E-012
 0285  0.1018872261630000E-012
 0286  0.1018872261630000E-012
 0287  0.1018872261630000E-012
 0288  0.1018872261630000E-012
 0289  0.1018872261630000E-012
 0290  0.1018872261630000E-012
 0291  0.1018872261630000E-012
 0292  0.1018872261630000E-012
 0293  0.1018872261630000E-012
 0294  0.1018872261630000E-012
 0295  0.1018872261630000E-012
 0296  0.1018872261630000E-012
 0297  0.1018872261630000E-012
 0298  0.1018872261630000E-012
 0299  0.1018872261630000E-012
 0300  0.1018872261630000E-012
 0301  0.1018872261630000E-012
 0302  0.1018872261630000E-012
 0303  0.1018872261630000E-012
 0304  0.1018872261630000E-012
 0305  0.1018872261630000E-012
 0306  0.1018872261630000E-012
 0307  0.1018872261630000E-012
 0308  0.1018872261630000E-012
 0309  0.1018872261630000E-012
 0310  0.1018872261630000E-012
 0311  0.1018872261630000E-012
 0312  0.1018872261630000E-012
 0313  0.1018872261630000E-012
 0314  0.1018872261630000E-012
 0315  0.1018872261630000E-012
 0316  0.1018872261630000E-012
 0317  0.1018872261630000E-012
 0318  0.1018872261630000E-012
 0319  0.1018872261630000E-012
 0320  0.1018872261630000E-012
 0321  0.1018872261630000E-012
 0322  0.1018872261630000E-012
 0323  0.1018872261630000E-012
 0324  0.1018872261630000E-012
 0325  0.1018872261630000E-012
 0326  0.1018872261630000E-012
 0327  0.1018872261630000E-012
 0328  0.1018872261630000E-012
 0329  0.1018872261630000E-012
 0330  0.1018872261630000E-012
 0331  0.1018872261630000E-012
 0332  0.1018872261630000E-012
 0333  0.1018872261630000E-012
 0334  0.1018872261630000E-012
 0335  0.1018872261630000E-012
 0336  0.1018872261630000E-012
 0337  0.1018872261630000E-012
 0338  0.1018872261630000E-012
 0339  0.1018872261630000E-012
 0340  0.1018872261630000E-012
 0341  0.1018872261630000E-012
 0342  0.1018872261630000E-012
 0343  0.1018872261630000E-012
 0344  0.1018872261630000E-012
 0345  0.1018872261630000E-012
 0346  0.1018872261630000E-012
 0347  0.1018872261630000E-012
 0348  0.1018872261630000E-012
 0349  0.1018872261630000E-012
 0350  0.1018872261630000E-012
 0351  0.1018872261630000E-012
 0352  0.1018872261630000E-012
 0353  0.1018872261630000E-012
 0354  0.1018872261630000E-012
 0355  0.1018872261630000E-012
 0356  0.1018872261630000E-012
 0357  0.1018872261630000E-012
 0358  0.1018872261630000E-012
 0359  0.1018872261630000E-012
 0360  0.1018872261630000E-012
 0361  0.1018872261630000E-012
 0362  0.1018872261630000E-012
 0363  0.1018872261630000E-012
 0364  0.1018872261630000E-012
 0365  0.1018872261630000E-012
 0366  0.1018872261630000E-012
 0367  0.1018872261630000E-012
 0368  0.1018872261630000E-012
 0369  0.1018872261630000E-012
 0370  0.1018872261630000E-012
 0371  0.1018872261630000E-012
 0372  0.1018872261630000E-012
 0373  0.1018872261630000E-012
 0374  0.1018872261630000E-012
 0375  0.1018872261630000E-012
 0376  0.1018872261630000E-012
 0377  0.1018872261630000E-012
 0378  0.1018872261630000E-012
 0379  0.1018872261630000E-012
 0380  0.1018872261630000E-012
 0381  0.1018872261630000E-012
 0382  0.1018872261630000E-012
 0383  0.1018872261630000E-012
 0384  0.1018872261630000E-012
 0385  0.1018872261630000E-012
 0386  0.1018872261630000E-012
 0387  0.1018872261630000E-012
 0388  0.1018872261630000E-012
 0389  0.1018872261630000E-012
 0390  0.1018872261630000E-012
 0391  0.1018872261630000E-012
 0392  0.1018872261630000E-012
 0393  0.1018872261630000E-012
 0394  0.1018872261630000E-012
 0395  0.1018872261630000E-012
 0396  0.1018872261630000E-012
 0397  0.1018872261630000E-012
 0398  0.1018872261630000E-012
 0399  0.1018872261630000E-012
 0400  0.1018872261630000E-012
 0401  0.1018872261630000E-012
 0402  0.1018872261630000E-012
 0403  0.1018872261630000E-012
 0404  0.1018872261630000E-012
 0405  0.1018872261630000E-012
 0406  0.1018872261630000E-012
 0407  0.1018872261630000E-012
 0408  0.1018872261630000E-012
 0409  0.1018872261630000E-012
 0410  0.1018872261630000E-012
 0411  0.1018872261630000E-012
 0412  0.1018872261630000E-012
 0413  0.1018872261630000E-012
 0414  0.1018872261630000E-012
 0415  0.1018872261630000E-012
 0416  0.1018872261630000E-012
 0417  0.1018872261630000E-012
 0418  0.1018872261630000E-012
 0419  0.1018872261630000E-012
 0420  0.1018872261630000E-012
 0421  0.1018872261630000E-012
 0422  0.1018872261630000E-012
 0423  0.1018872261630000E-012
 0424  0.1018872261630000E-012
 0425  0.1018872261630000E-012
 0426  0.1018872261630000E-012
 0427  0.1018872261630000E-012
 0428  0.1018872261630000E-012
 0429  0.1018872261630000E-012
 0430  0.1018872261630000E-012
 0431  0.1018872261630000E-012
 0432  0.1018872261630000E-012
 0433  0.1018872261630000E-012
 0434  0.1018872261630000E-012
 0435  0.1018872261630000E-012
 0436  0.1018872261630000E-012
 0437  0.1018872261630000E-012
 0438  0.1018872261630000E-012
 0439  0.1018872261630000E-012
 0440  0.1018872261630000E-012
 0441  0.1018872261630000E-012
 0442  0.1018872261630000E-012
 0443  0.1018872261630000E-012
 0444  0.1018872261630000E-012
 0445  0.1018872261630000E-012
 0446  0.1018872261630000E-012
 0447  0.1018872261630000E-012
 0448  0.1018872261630000E-012
 0449  0.1018872261630000E-012
 0450  0.1018872261630000E-012
 0451  0.1018872261630000E-012
 0452  0.1018872261630000E-012
 0453  0.1018872261630000E-012
 0454  0.1018872261630000E-012
 0455  0.1018872261630000E-012
 0456  0.1018872261630000E-012
 0457  0.1018872261630000E-012
 0458  0.1018872261630000E-012
 0459  0.1018872261630000E-012
 0460  0.1018872261630000E-012
 0461  0.1018872261630000E-012
 0462  0.1018872261630000E-012
 0463  0.1018872261630000E-012
 0464  0.1018872261630000E-012
 0465  0.1018872261630000E-012
 0466  0.1018872261630000E-012
 0467  0.1018872261630000E-012
 0468  0.1018872261630000E-012
 0469  0.1018872261630000E-012
 0470  0.1018872261630000E-012
 0471  0.1018872261630000E-012
 0472  0.1018872261630000E-012
 0473  0.1018872261630000E-012
 0474  0.1018872261630000E-012
 0475  0.1018872261630000E-012
 0476  0.1018872261630000E-012
 0477  0.1018872261630000E-012
 0478  0.1018872261630000E-012
 0479  0.1018872261630000E-012
 0480  0.1018872261630000E-012
 0481  0.1018872261630000E-012
 0482  0.1018872261630000E-012
 0483  0.1018872261630000E-012
 0484  0.1018872261630000E-012
 0485  0.1018872261630000E-012
 0486  0.1018872261630000E-012
 0487  0.1018872261630000E-012
 0488  0.1018872261630000E-012
 0489  0.1018872261630000E-012
 0490  0.1018872261630000E-012
 0491  0.1018872261630000E-012
 0492  0.1018872261630000E-012
 0493  0.1018872261630000E-012
 0494  0.1018872261630000E-012
 0495  0.1018872261630000E-012
 0496  0.1018872261630000E-012
 0497  0.1018872261630000E-012
 0498  0.1018872261630000E-012
 0499  0.1018872261630000E-012
 0500  0.1018872261630000E-012
 0501  0.1018872261630000E-012
 0502  0.1018872261630000E-012
 0503  0.1018872261630000E-012
 0504  0.1018872261630000E-012
 0505  0.1018872261630000E-012
 0506  0.1018872261630000E-012
 0507  0.1018872261630000E-012
 0508  0.1018872261630000E-012
 0509  0.1018872261630000E-012
 0510  0.1018872261630000E-012
 0511  0.1018872261630000E-012
 0512  0.1018872261630000E-012
 0513  0.1018872261630000E-012
 0514  0.1018872261630000E-012
 0515  0.1018872261630000E-012
 0516  0.1018872261630000E-012
 0517  0.1018872261630000E-012
 0518  0.1018872261630000E-012
 0519  0.1018872261630000E-012
 0520  0.1018872261630000E-012
 0521  0.1018872261630000E-012
 0522  0.1018872261630000E-012
 0523  0.1018872261630000E-012
 0524  0.1018872261630000E-012
 0525  0.1018872261630000E-012
 0526  0.1018872261630000E-012
 0527  0.1018872261630000E-012
 0528  0.1018872261630000E-012
 0529  0.1018872261630000E-012
 0530  0.1018872261630000E-012
 0531  0.1018872261630000E-012
 0532  0.1018872261630000E-012
 0533  0.1018872261630000E-012
 0534  0.1018872261630000E-012
 0535  0.1018872261630000E-012
 0536  0.1018872261630000E-012
 0537  0.1018872261630000E-012
 0538  0.1018872261630000E-012
 0539  0.1018872261630000E-012
 0540  0.1018872261630000E-012
 0541  0.1018872261630000E-012
 0542  0.1018872261630000E-012
 0543  0.1018872261630000E-012
 0544  0.1018872261630000E-012
 0545  0.1018872261630000E-012
 0546  0.1018872261630000E-012
 0547  0.1018872261630000E-012
 0548  0.1018872261630000E-012
 0549  0.1018872261630000E-012
 0550  0.1018872261630000E-012
 0551  0.1018872261630000E-012
 0552  0.1018872261630000E-012
 0553  0.1018872261630000E-012
 0554  0.1018872261630000E-012
 0555  0.1018872261630000E-012
 0556  0.1018872261630000E-012
 0557  0.1018872261630000E-012
 0558  0.1018872261630000E-012
 0559  0.1018872261630000E-012
 0560  0.1018872261630000E-012
 0561  0.1018872261630000E-012
 0562  0.1018872261630000E-012
 0563  0.1018872261630000E-012
 0564  0.1018872261630000E-012
 0565  0.1018872261630000E-012
 0566  0.1018872261630000E-012
 0567  0.1018872261630000E-012
 0568  0.1018872261630000E-012
 0569  0.1018872261630000E-012
 0570  0.1018872261630000E-012
 0571  0.1018872261630000E-012
 0572  0.1018872261630000E-012
 0573  0.1018872261630000E-012
 0574  0.1018872261630000E-012
 0575  0.1018872261630000E-012
 0576  0.1018872261630000E-012
 0577  0.1018872261630000E-012
 0578  0.1018872261630000E-012
 0579  0.1018872261630000E-012
 0580  0.1018872261630000E-012
 0581  0.1018872261630000E-012
 0582  0.1018872261630000E-012
 0583  0.1018872261630000E-012
 0584  0.1018872261630000E-012
 0585  0.1018872261630000E-012
 0586  0.1018872261630000E-012
 0587  0.1018872261630000E-012
 0588  0.1018872261630000E-012
 0589  0.1018872261630000E-012
 0590  0.1018872261630000E-012
 0591  0.1018872261630000E-012
 0592  0.1018872261630000E-012
 0593  0.1018872261630000E-012
 0594  0.1018872261630000E-012
 0595  0.1018872261630000E-012
 0596  0.1018872261630000E-012
 0597  0.1018872261630000E-012
 0598  0.1018872261630000E-012
 0599  0.1018872261630000E-012
 0600  0.1018872261630000E-012
 0601  0.1018872261630000E-012
 0602  0.1018872261630000E-012
 0603  0.1018872261630000E-012
 0604  0.1018872261630000E-012
 0605  0.1018872261630000E-012
 0606  0.1018872261630000E-012
 0607  0.1018872261630000E-012
 0608  0.1018872261630000E-012
 0609  0.1018872261630000E-012
 0610  0.1018872261630000E-012
 0611  0.1018872261630000E-012
 0612  0.1018872261630000E-012
 0613  0.1018872261630000E-012
 0614  0.1018872261630000E-012
 0615  0.1018872261630000E-012
 0616  0.1018872261630000E-012
 0617  0.1018872261630000E-012
 0618  0.1018872261630000E-012
 0619  0.1018872261630000E-012
 0620  0.1018872261630000E-012
 0621  0.1018872261630000E-012
 0622  0.1018872261630000E-012
 0623  0.1018872261630000E-012
 0624  0.1018872261630000E-012
 0625  0.1018872261630000E-012
 0626  0.1018872261630000E-012
 0627  0.1018872261630000E-012
 0628  0.1018872261630000E-012
 0629  0.1018872261630000E-012
 0630  0.1018872261630000E-012
 0631  0.1018872261630000E-012
 0632  0.1018872261630000E-012
 0633  0.1018872261630000E-012
 0634  0.1018872261630000E-012
 0635  0.1018872261630000E-012
 0636  0.1018872261630000E-012
 0637  0.1018872261630000E-012
 0638  0.1018872261630000E-012
 0639  0.1018872261630000E-012
 0640  0.1018872261630000E-012
 0641  0.1018872261630000E-012
 0642  0.1018872261630000E-012
 0643  0.1018872261630000E-012
 0644  0.1018872261630000E-012
 0645  0.1018872261630000E-012
 0646  0.1018872261630000E-012
 0647  0.1018872261630000E-012
 0648  0.1018872261630000E-012
 0649  0.1018872261630000E-012
 0650  0.1018872261630000E-012
 0651  0.1018872261630000E-012
 0652  0.1018872261630000E-012
 0653  0.1018872261630000E-012
 0654  0.1018872261630000E-012
 0655  0.1018872261630000E-012
 0656  0.1018872261630000E-012
 0657  0.1018872261630000E-012
 0658  0.1018872261630000E-012
 0659  0.1018872261630000E-012
 0660  0.1018872261630000E-012
 0661  0.1018872261630000E-012
 0662  0.1018872261630000E-012
 0663  0.1018872261630000E-012
 0664  0.1018872261630000E-012
 0665  0.1018872261630000E-012
 0666  0.1018872261630000E-012
 0667  0.1018872261630000E-012
 0668  0.1018872261630000E-012
 0669  0.1018872261630000E-012
 0670  0.1018872261630000E-012
 0671  0.1018872261630000E-012
 0672  0.1018872261630000E-012
 0673  0.1018872261630000E-012
 0674  0.1018872261630000E-012
 0675  0.1018872261630000E-012
 0676  0.1018872261630000E-012
 0677  0.1018872261630000E-012
 0678  0.1018872261630000E-012
 0679  0.1018872261630000E-012
 0680  0.1018872261630000E-012
 0681  0.1018872261630000E-012
 0682  0.1018872261630000E-012
 0683  0.1018872261630000E-012
 0684  0.1018872261630000E-012
 0685  0.1018872261630000E-012
 0686  0.1018872261630000E-012
 0687  0.1018872261630000E-012
 0688  0.1018872261630000E-012
 0689  0.1018872261630000E-012
 0690  0.1018872261630000E-012
 0691  0.1018872261630000E-012
 0692  0.1018872261630000E-012
 0693  0.1018872261630000E-012
 0694  0.1018872261630000E-012
 0695  0.1018872261630000E-012
 0696  0.1018872261630000E-012
 0697  0.1018872261630000E-012
 0698  0.1018872261630000E-012
 0699  0.1018872261630000E-012
 0700  0.1018872261630000E-012
 0701  0.1018872261630000E-012
 0702  0.1018872261630000E-012
 0703  0.1018872261630000E-012
 0704  0.1018872261630000E-012
 0705  0.1018872261630000E-012
 0706  0.1018872261630000E-012
 0707  0.1018872261630000E-012
 0708  0.1018872261630000E-012
 0709  0.1018872261630000E-012
 0710  0.1018872261630000E-012
 0711  0.1018872261630000E-012
 0712  0.1018872261630000E-012
 0713  0.1018872261630000E-012
 0714  0.1018872261630000E-012
 0715  0.1018872261630000E-012
 0716  0.1018872261630000E-012
 0717  0.1018872261630000E-012
 0718  0.1018872261630000E-012
 0719  0.1018872261630000E-012
 0720  0.1018872261630000E-012
 0721  0.1018872261630000E-012
 0722  0.1018872261630000E-012
 0723  0.1018872261630000E-012
 0724  0.1018872261630000E-012
 0725  0.1018872261630000E-012
 0726  0.1018872261630000E-012
 0727  0.1018872261630000E-012
 0728  0.1018872261630000E-012
 0729  0.1018872261630000E-012
 0730  0.1018872261630000E-012
 0731  0.1018872261630000E-012
 0732  0.1018872261630000E-012
 0733  0.1018872261630000E-012
 0734  0.1018872261630000E-012
 0735  0.1018872261630000E-012
 0736  0.1018872261630000E-012
 0737  0.1018872261630000E-012
 0738  0.1018872261630000E-012
 0739  0.1018872261630000E-012
 0740  0.1018872261630000E-012
 0741  0.1018872261630000E-012
 0742  0.1018872261630000E-012
 0743  0.1018872261630000E-012
 0744  0.1018872261630000E-012
 0745  0.1018872261630000E-012
 0746  0.1018872261630000E-012
 0747  0.1018872261630000E-012
 0748  0.1018872261630000E-012
 0749  0.1018872261630000E-012
 0750  0.1018872261630000E-012
 0751  0.1018872261630000E-012
 0752  0.1018872261630000E-012
 0753  0.1018872261630000E-012
 0754  0.1018872261630000E-012
 0755  0.1018872261630000E-012
 0756  0.1018872261630000E-012
 0757  0.1018872261630000E-012
 0758  0.1018872261630000E-012
 0759  0.1018872261630000E-012
 0760  0.1018872261630000E-012
 0761  0.1018872261630000E-012
 0762  0.1018872261630000E-012
 0763  0.1018872261630000E-012
 0764  0.1018872261630000E-012
 0765  0.1018872261630000E-012
 0766  0.1018872261630000E-012
 0767  0.1018872261630000E-012
 0768  0.1018872261630000E-012
 0769  0.1018872261630000E-012
 0770  0.1018872261630000E-012
 0771  0.1018872261630000E-012
 0772  0.1018872261630000E-012
 0773  0.1018872261630000E-012
 0774  0.1018872261630000E-012
 0775  0.1018872261630000E-012
 0776  0.1018872261630000E-012
 0777  0.1018872261630000E-012
 0778  0.1018872261630000E-012
 0779  0.1018872261630000E-012
 0780  0.1018872261630000E-012
 0781  0.1018872261630000E-012
 0782  0.1018872261630000E-012
 0783  0.1018872261630000E-012
 0784  0.1018872261630000E-012
 0785  0.1018872261630000E-012
 0786  0.1018872261630000E-012
 0787  0.1018872261630000E-012
 0788  0.1018872261630000E-012
 0789  0.1018872261630000E-012
 0790  0.1018872261630000E-012
 0791  0.1018872261630000E-012
 0792  0.1018872261630000E-012
 0793  0.1018872261630000E-012
 0794  0.1018872261630000E-012
 0795  0.1018872261630000E-012
 0796  0.1018872261630000E-012
 0797  0.1018872261630000E-012
 0798  0.1018872261630000E-012
 0799  0.1018872261630000E-012
 0800  0.1018872261630000E-012
 0801  0.1018872261630000E-012
 0802  0.1018872261630000E-012
 0803  0.1018872261630000E-012
 0804  0.1018872261630000E-012
 0805  0.1018872261630000E-012
 0806  0.1018872261630000E-012
 0807  0.1018872261630000E-012
 0808  0.1018872261630000E-012
 0809  0.1018872261630000E-012
 0810  0.1018872261630000E-012
 0811  0.1018872261630000E-012
 0812  0.1018872261630000E-012
 0813  0.1018872261630000E-012
 0814  0.1018872261630000E-012
 0815  0.1018872261630000E-012
 0816  0.1018872261630000E-012
 0817  0.1018872261630000E-012
 0818  0.1018872261630000E-012
 0819  0.1018872261630000E-012
 0820  0.1018872261630000E-012
 0821  0.1018872261630000E-012
 0822  0.1018872261630000E-012
 0823  0.1018872261630000E-012
 0824  0.1018872261630000E-012
 0825  0.1018872261630000E-012
 0826  0.1018872261630000E-012
 0827  0.1018872261630000E-012
 0828  0.1018872261630000E-012
 0829  0.1018872261630000E-012
 0830  0.1018872261630000E-012
 0831  0.1018872261630000E-012
 0832  0.1018872261630000E-012
 0833  0.1018872261630000E-012
 0834  0.1018872261630000E-012
 0835  0.1018872261630000E-012
 0836  0.1018872261630000E-012
 0837  0.1018872261630000E-012
 0838  0.1018872261630000E-012
 0839  0.1018872261630000E-012
 0840  0.1018872261630000E-012
 0841  0.1018872261630000E-012
 0842  0.1018872261630000E-012
 0843  0.1018872261630000E-012
 0844  0.1018872261630000E-012
 0845  0.1018872261630000E-012
 0846  0.1018872261630000E-012
 0847  0.1018872261630000E-012
 0848  0.1018872261630000E-012
 0849  0.1018872261630000E-012
 0850  0.1018872261630000E-012
 0851  0.1018872261630000E-012
 0852  0.1018872261630000E-012
 0853  0.1018872261630000E-012
 0854  0.1018872261630000E-012
 0855  0.1018872261630000E-012
 0856  0.1018872261630000E-012
 0857  0.1018872261630000E-012
 0858  0.1018872261630000E-012
 0859  0.1018872261630000E-012
 0860  0.1018872261630000E-012
 0861  0.1018872261630000E-012
 0862  0.1018872261630000E-012
 0863  0.1018872261630000E-012
 0864  0.1018872261630000E-012
 0865  0.1018872261630000E-012
 0866  0.1018872261630000E-012
 0867  0.1018872261630000E-012
 0868  0.1018872261630000E-012
 0869  0.1018872261630000E-012
 0870  0.1018872261630000E-012
 0871  0.1018872261630000E-012
 0872  0.1018872261630000E-012
 0873  0.1018872261630000E-012
 0874  0.1018872261630000E-012
 0875  0.1018872261630000E-012
 0876  0.1018872261630000E-012
 0877  0.1018872261630000E-012
 0878  0.1018872261630000E-012
 0879  0.1018872261630000E-012
 0880  0.1018872261630000E-012
 0881  0.1018872261630000E-012
 0882  0.1018872261630000E-012
 0883  0.1018872261630000E-012
 0884  0.1018872261630000E-012
 0885  0.1018872261630000E-012
 0886  0.1018872261630000E-012
 0887  0.1018872261630000E-012
 0888  0.1018872261630000E-012
 0889  0.1018872261630000E-012
 0890  0.1018872261630000E-012
 0891  0.1018872261630000E-012
 0892  0.1018872261630000E-012
 0893  0.1018872261630000E-012
 0894  0.1018872261630000E-012
 0895  0.1018872261630000E-012
 0896  0.1018872261630000E-012
 0897  0.1018872261630000E-012
 0898  0.1018872261630000E-012
 0899  0.1018872261630000E-012
 0900  0.1018872261630000E-012
 0901  0.1018872261630000E-012
 0902  0.1018872261630000E-012
 0903  0.1018872261630000E-012
 0904  0.1018872261630000E-012
 0905  0.1018872261630000E-012
 0906  0.1018872261630000E-012
 0907  0.1018872261630000E-012
 0908  0.1018872261630000E-012
 0909  0.1018872261630000E-012
 0910  0.1018872261630000E-012
 0911  0.1018872261630000E-012
 0912  0.1018872261630000E-012
 0913  0.1018872261630000E-012
 0914  0.1018872261630000E-012
 0915  0.1018872261630000E-012
 0916  0.1018872261630000E-012
 0917  0.1018872261630000E-012
 0918  0.1018872261630000E-012
 0919  0.1018872261630000E-012
 0920  0.1018872261630000E-012
 0921  0.1018872261630000E-012
 0922  0.1018872261630000E-012
 0923  0.1018872261630000E-012
 0924  0.1018872261630000E-012
 0925  0.1018872261630000E-012
 0926  0.1018872261630000E-012
 0927  0.1018872261630000E-012
 0928  0.1003293435473941E-012
 0929  0.9851026822873037E-013
 0930  0.9670511679683620E-013
 0931  0.9491378267298140E-013
 0932  0.9313616009431260E-013
 0933  0.9137214410748050E-013
 0934  0.8962163056252214E-013
 0935  0.8788451610665803E-013
 0936  0.8616069817817446E-013
 0937  0.8445007500051801E-013
 0938  0.8275254557613538E-013
 0939  0.8106800968039797E-013
 0940  0.7939636785603646E-013
 0941  0.7773752140698045E-013
 0942  0.7609137239253811E-013
 0943  0.7445782362187315E-013
 0944  0.7283677864797197E-013
 0945  0.7122814176195072E-013
 0946  0.6963181798778720E-013
 0947  0.6804771307616054E-013
 0948  0.6647573349939559E-013
 0949  0.6491578644559994E-013
 0950  0.6336777981331086E-013
 0951  0.6183162220601485E-013
 0952  0.6030722292683696E-013
 0953  0.5879449197310278E-013
 0954  0.5729334003115527E-013
 0955  0.5580367847070437E-013
 0956  0.5432541934019606E-013
 0957  0.5285847536111949E-013
 0958  0.5140275992299373E-013
 0959  0.4995818707835460E-013
 0960  0.4852467153769899E-013
 0961  0.4710212866413173E-013
 0962  0.4569047446877733E-013
 0963  0.4428962560563924E-013
 0964  0.4289949936654423E-013
 0965  0.4152001367659646E-013
 0966  0.4015108708895194E-013
 0967  0.3879263878035755E-013
 0968  0.3744458854605295E-013
 0969  0.3610685679530960E-013
 0970  0.3477936454654509E-013
 0971  0.3346203342273475E-013
 0972  0.3215478564690829E-013
 0973  0.3085754403722149E-013
 0974  0.2957023200270790E-013
 0975  0.2829277353877528E-013
 0976  0.2702509322236243E-013
 0977  0.2576711620794559E-013
 0978  0.2451876822278021E-013
 0979  0.2327997556256745E-013
 0980  0.2205066508737563E-013
 0981  0.2083076421692448E-013
 0982  0.1962020092659156E-013
 0983  0.1841890374303632E-013
 0984  0.1722680173995159E-013
 0985  0.1604382453402761E-013
 0986  0.1486990228053360E-013
 0987  0.1370496566953653E-013
 0988  0.1254894592156780E-013
 0989  0.1140177478354462E-013
 0990  0.1026338452486145E-013
 0991  0.9133707933438930E-014
 0992  0.8012678311517858E-014
 0993  0.6900229472005523E-014
 0994  0.5796295734397168E-014
 0995  0.4700811920782437E-014
 0996  0.3613713352361602E-014
 0997  0.2534935845197102E-014
 0998  0.1464415706899741E-014
 0999  0.4020897324227033E-015
 1000  0.0000000000000000E+000
