  0.0000000000E+000  0.0000000000E+000
  1.7022903710E+003  2.2379551103E+004
  3.4042480008E+003  2.5242862716E+004
  5.1053681142E+003  2.2194247284E+004
  6.8065868297E+003  1.9365157426E+004
  8.5078937876E+003  1.8502341201E+004
  1.0216292220E+004  1.7477447972E+004
  1.1917914388E+004  1.6677610328E+004
  1.3633288307E+004  1.6313811477E+004
  1.5339280223E+004  1.5530630139E+004
  1.7044359634E+004  1.4897063204E+004
  1.8747144616E+004  1.4601566970E+004
  2.0440007546E+004  1.4501898757E+004
  2.2165935009E+004  1.4489698169E+004
  2.3888562425E+004  1.4540951280E+004
  2.5588118977E+004  1.4608029519E+004
  2.7272762668E+004  1.4608496476E+004
  2.9031875365E+004  1.4538330518E+004
  3.0758881251E+004  1.4475017217E+004
  3.2407095267E+004  1.4479167474E+004
  3.4117095267E+004  1.4440987925E+004
  3.5827095267E+004  1.4326511079E+004
  3.7537095267E+004  1.4193967612E+004
  3.9247095267E+004  1.4070117808E+004
  4.0957095267E+004  1.3895169395E+004
  4.2667095267E+004  1.3733968866E+004
  4.4377095267E+004  1.3598690376E+004
  4.6087095267E+004  1.3511948627E+004
  4.7702095267E+004  1.3437114647E+004
  4.9412095267E+004  1.3369404888E+004
  5.1122095267E+004  1.3310799698E+004
  5.2832095267E+004  1.3251701086E+004
  5.4542095267E+004  1.3203789777E+004
  5.6252095267E+004  1.3167129433E+004
  5.7962095267E+004  1.3137837645E+004
  5.9672095267E+004  1.3105633014E+004
  6.1310059917E+004  1.3069092062E+004
  6.3085269316E+004  1.3037004712E+004
  6.4700269316E+004  1.3015981523E+004
  6.6410269316E+004  1.2982620665E+004
  6.8120269316E+004  1.2928439537E+004
  6.9830269316E+004  1.2870468099E+004
  7.1540269316E+004  1.2824257818E+004
  7.3250269316E+004  1.2782011579E+004
  7.4960269316E+004  1.2732273223E+004
  7.6670269316E+004  1.2687953140E+004
  7.8380269316E+004  1.2654505110E+004
  7.9995269316E+004  1.2626827946E+004
  8.1705269316E+004  1.2585837897E+004
  8.3415269316E+004  1.2553388802E+004
  8.5125269316E+004  1.2525286322E+004
  8.6835269316E+004  1.2497835374E+004
  8.8545269316E+004  1.2459531183E+004
  9.0255269316E+004  1.2431145684E+004
  9.1965269316E+004  1.2405649193E+004
  9.3649537811E+004  1.2371993535E+004
  9.5295159747E+004  1.2339418298E+004
  9.6971021164E+004  1.2313522064E+004
  9.8680491880E+004  1.2288111488E+004
  1.0034966678E+005  1.2251520745E+004
  1.0202795370E+005  1.2220558194E+004
  1.0373318072E+005  1.2194999509E+004
  1.0542104686E+005  1.2163434344E+004
  1.0711365644E+005  1.2128993542E+004
  1.0880794608E+005  1.2099013184E+004
  1.1050316525E+005  1.2072149293E+004
  1.1220175102E+005  1.2037580753E+004
  1.1390231605E+005  1.2005292493E+004
  1.1560195742E+005  1.1976187002E+004
  1.1730173326E+005  1.1944155734E+004
  1.1900286812E+005  1.1911081784E+004
  1.2070218408E+005  1.1879887012E+004
  1.2240202780E+005  1.1850762730E+004
  1.2410181377E+005  1.1816272244E+004
  1.2580230214E+005  1.1784211415E+004
  1.2750240922E+005  1.1753841797E+004
  1.2920223943E+005  1.1723148143E+004
  1.3090194306E+005  1.1690092809E+004
  1.3260251840E+005  1.1659342995E+004
  1.3430162948E+005  1.1630444226E+004
  1.3600199424E+005  1.1601279197E+004
  1.3770176087E+005  1.1570024154E+004
  1.3940250097E+005  1.1541194826E+004
  1.4110149811E+005  1.1514765708E+004
  1.4280194734E+005  1.1490221039E+004
  1.4450233577E+005  1.1462928257E+004
  1.4620171155E+005  1.1437357811E+004
  1.4790256929E+005  1.1413505770E+004
  1.4960181909E+005  1.1391432030E+004
  1.5130152938E+005  1.1370842801E+004
  1.5300166218E+005  1.1348435791E+004
  1.5470184716E+005  1.1327697278E+004
  1.5640141301E+005  1.1308603583E+004
  1.5810142545E+005  1.1290731449E+004
  1.5980208085E+005  1.1274066579E+004
  1.6150172668E+005  1.1256183121E+004
  1.6320166664E+005  1.1239208332E+004
  1.6490191095E+005  1.1223453463E+004
  1.6660184183E+005  1.1208940093E+004
  1.6830211475E+005  1.1195455617E+004
  1.7000176572E+005  1.1182609697E+004
  1.7170169501E+005  1.1168520965E+004
  1.7340130673E+005  1.1155514344E+004
  1.7510190707E+005  1.1143333184E+004
  1.7680176438E+005  1.1132111332E+004
  1.7850168015E+005  1.1121825044E+004
  1.8020162032E+005  1.1112322193E+004
  1.8190120041E+005  1.1101786312E+004
  1.8360197825E+005  1.1091651512E+004
  1.8530162024E+005  1.1082330938E+004
  1.8700116270E+005  1.1073694127E+004
  1.8870108958E+005  1.1065610862E+004
  1.9040166973E+005  1.1058197410E+004
  1.9210176236E+005  1.1051499476E+004
  1.9380135410E+005  1.1043749557E+004
  1.9550129471E+005  1.1036518899E+004
  1.9720170747E+005  1.1029862747E+004
  1.9890104364E+005  1.1023798873E+004
  2.0060173005E+005  1.1018282920E+004
  2.0230189613E+005  1.1013157525E+004
  2.0400107752E+005  1.1008437924E+004
  2.0570131562E+005  1.1003336747E+004
  2.0740106828E+005  1.0998278212E+004
  2.0910144649E+005  1.0993723665E+004
  2.1080173522E+005  1.0989532302E+004
  2.1250119255E+005  1.0985747916E+004
  2.1420191546E+005  1.0982381125E+004
  2.1590126531E+005  1.0979425339E+004
  2.1760127986E+005  1.0976818516E+004
  2.1930126704E+005  1.0973753425E+004
  2.2100133197E+005  1.0970534448E+004
  2.2270169419E+005  1.0967716295E+004
  2.2440154914E+005  1.0965298596E+004
  2.2610105646E+005  1.0963245040E+004
  2.2780139543E+005  1.0961434560E+004
  2.2950173960E+005  1.0959872761E+004
  2.3120136116E+005  1.0958588768E+004
  2.3290136658E+005  1.0957579465E+004
  2.3460101961E+005  1.0955900177E+004
  2.3630145001E+005  1.0954406199E+004
  2.3800190644E+005  1.0953081416E+004
  2.3970163895E+005  1.0952003157E+004
  2.4140180341E+005  1.0951184033E+004
  2.4310169831E+005  1.0950608162E+004
  2.4480159169E+005  1.0950260155E+004
  2.4650177137E+005  1.0950105806E+004
  2.4820156870E+005  1.0950058603E+004
  2.4990129301E+005  1.0949524492E+004
  2.5160125223E+005  1.0948905799E+004
  2.5330177715E+005  1.0948471645E+004
  2.5500129883E+005  1.0948216125E+004
  2.5670112642E+005  1.0948154615E+004
  2.5840163540E+005  1.0948199450E+004
  2.6010130806E+005  1.0948348592E+004
  2.6180152477E+005  1.0948623684E+004
  2.6350180476E+005  1.0949021988E+004
  2.6520178474E+005  1.0949424290E+004
  2.6690124336E+005  1.0949248405E+004
  2.6860116523E+005  1.0949160468E+004
  2.7030194053E+005  1.0949117594E+004
  2.7200160236E+005  1.0949159822E+004
  2.7370161265E+005  1.0949329091E+004
  2.7540198911E+005  1.0949629545E+004
  2.7710114316E+005  1.0950044355E+004
  2.7880161007E+005  1.0950543128E+004
  2.8050168015E+005  1.0951048555E+004
  2.8220207272E+005  1.0951138292E+004
  2.8390161177E+005  1.0950973553E+004
  2.8560199040E+005  1.0950902442E+004
  2.8730174334E+005  1.0950931269E+004
  2.8900164927E+005  1.0951056513E+004
  2.9070122316E+005  1.0951236380E+004
  2.9240134887E+005  1.0951483117E+004
  2.9410234303E+005  1.0951817612E+004
  2.9580171730E+005  1.0952245584E+004
  2.9750221683E+005  1.0952516425E+004
  2.9920207953E+005  1.0952359554E+004
  3.0090127061E+005  1.0952238518E+004
  3.0260116364E+005  1.0952157893E+004
  3.0430219063E+005  1.0952159993E+004
  3.0600176709E+005  1.0952269552E+004
  3.0770134380E+005  1.0952521105E+004
  3.0940117108E+005  1.0952896042E+004
  3.1110219169E+005  1.0953316622E+004
  3.1280143308E+005  1.0953346238E+004
  3.1450150181E+005  1.0953176496E+004
  3.1620170019E+005  1.0953142744E+004
  3.1790198473E+005  1.0953249525E+004
  3.1960175172E+005  1.0953445948E+004
  3.2130151265E+005  1.0953714016E+004
  3.2300161902E+005  1.0954144695E+004
  3.2470224421E+005  1.0954753534E+004
  3.2640182262E+005  1.0955177645E+004
  3.2810130320E+005  1.0955323640E+004
  3.2980177517E+005  1.0955574085E+004
  3.3150192673E+005  1.0955971093E+004
  3.3320236316E+005  1.0956525775E+004
  3.3490224717E+005  1.0957234528E+004
  3.3660216277E+005  1.0958087832E+004
  3.3830125834E+005  1.0959032592E+004
  3.4000165057E+005  1.0959389009E+004
  3.4170183941E+005  1.0959785890E+004
  3.4340170147E+005  1.0960308513E+004
  3.4510127549E+005  1.0960881457E+004
  3.4680137656E+005  1.0961470314E+004
  3.4850213836E+005  1.0962122455E+004
  3.5020188097E+005  1.0962888648E+004
  3.5190237163E+005  1.0963158705E+004
  3.5360126762E+005  1.0963265506E+004
  3.5530124290E+005  1.0963429981E+004
  3.5700225946E+005  1.0963678276E+004
  3.5870198272E+005  1.0964019631E+004
  3.6040168840E+005  1.0964417763E+004
  3.6210156362E+005  1.0964867795E+004
  3.6380142637E+005  1.0964788395E+004
  3.6550224787E+005  1.0964704990E+004
  3.6720153424E+005  1.0964748803E+004
  3.6890222355E+005  1.0964852608E+004
  3.7060226486E+005  1.0965033343E+004
  3.7230204787E+005  1.0965322989E+004
  3.7400183054E+005  1.0965755434E+004
  3.7570234566E+005  1.0965657080E+004
  3.7740181559E+005  1.0965584092E+004
  3.7910120265E+005  1.0965629097E+004
  3.8080142852E+005  1.0965809378E+004
  3.8250191880E+005  1.0966127360E+004
  3.8420182353E+005  1.0966519733E+004
  3.8590160254E+005  1.0966999174E+004
  3.8760136477E+005  1.0966994859E+004
  3.8930201226E+005  1.0967102368E+004
  3.9100136883E+005  1.0967338940E+004
  3.9270157768E+005  1.0967637726E+004
  3.9440226889E+005  1.0968024207E+004
  3.9610121719E+005  1.0968517989E+004
  3.9780152194E+005  1.0969121908E+004
  3.9950144848E+005  1.0969276676E+004
  4.0120219608E+005  1.0969416174E+004
  4.0290115382E+005  1.0969654058E+004
  4.0460192250E+005  1.0969992018E+004
  4.0630216923E+005  1.0970418277E+004
  4.0800115163E+005  1.0970866952E+004
  4.0970184324E+005  1.0971333764E+004
  4.1140183327E+005  1.0971417715E+004
  4.1310200039E+005  1.0971440798E+004
  4.1480196615E+005  1.0971532296E+004
  4.1650183776E+005  1.0971624215E+004
  4.1820118367E+005  1.0971734818E+004
  4.1990209491E+005  1.0971873502E+004
  4.2160139855E+005  1.0972035150E+004
  4.2330153906E+005  1.0971832168E+004
  4.2500162349E+005  1.0971406519E+004
  4.2670198028E+005  1.0971020209E+004
  4.2840131769E+005  1.0970676666E+004
  4.3010200428E+005  1.0970366224E+004
  4.3180107375E+005  1.0970027552E+004
  4.3350177122E+005  1.0969672324E+004
  4.3520205262E+005  1.0969068363E+004
  4.3690171534E+005  1.0968214758E+004
  4.3860129599E+005  1.0967408461E+004
  4.4030110617E+005  1.0966606864E+004
  4.4200143368E+005  1.0965840037E+004
  4.4370193996E+005  1.0965120651E+004
  4.4540136281E+005  1.0964452572E+004
  4.4710131141E+005  1.0963651198E+004
  4.4880118526E+005  1.0962491068E+004
  4.5050132272E+005  1.0961404329E+004
  4.5220194976E+005  1.0960417974E+004
  4.5390120360E+005  1.0959507396E+004
  4.5560151961E+005  1.0958628152E+004
  4.5730113264E+005  1.0957814923E+004
  4.5900122504E+005  1.0957087599E+004
  4.6070147639E+005  1.0955999974E+004
  4.6240139243E+005  1.0954959692E+004
  4.6410143772E+005  1.0953996329E+004
  4.6580171634E+005  1.0953151887E+004
  4.6750114318E+005  1.0952431322E+004
  4.6920117823E+005  1.0951828090E+004
  4.7090182055E+005  1.0951297772E+004
  4.7260160320E+005  1.0950666337E+004
  4.7430115623E+005  1.0949905668E+004
  4.7600130735E+005  1.0949284418E+004
  4.7770150655E+005  1.0948790698E+004
  4.7940131466E+005  1.0948406027E+004
  4.8110194183E+005  1.0948151288E+004
  4.8280116446E+005  1.0948037994E+004
  4.8450134576E+005  1.0948068080E+004
  4.8620173464E+005  1.0947951108E+004
  4.8790138741E+005  1.0947798898E+004
  4.8960175460E+005  1.0947767181E+004
  4.9130109009E+005  1.0947863422E+004
  4.9300196825E+005  1.0948097974E+004
  4.9470135909E+005  1.0948449615E+004
  4.9640178795E+005  1.0948868527E+004
  4.9810161322E+005  1.0949360908E+004
  4.9980157305E+005  1.0949685059E+004
  5.0150161196E+005  1.0949947234E+004
  5.0320195859E+005  1.0950270775E+004
  5.0490194405E+005  1.0950611446E+004
  5.0660147197E+005  1.0950982004E+004
  5.0830236363E+005  1.0951407037E+004
  5.1000190487E+005  1.0951879665E+004
  5.1170226753E+005  1.0952392703E+004
  5.1340170609E+005  1.0952793290E+004
  5.1510239956E+005  1.0952959400E+004
  5.1680230649E+005  1.0953143141E+004
  5.1850183142E+005  1.0953350780E+004
  5.2020228744E+005  1.0953582940E+004
  5.2190235948E+005  1.0953843537E+004
  5.2360247554E+005  1.0954103548E+004
  5.2530240336E+005  1.0954370226E+004
  5.2700233075E+005  1.0954652509E+004
  5.2870163159E+005  1.0954724130E+004
  5.3040125140E+005  1.0954728718E+004
  5.3210234087E+005  1.0954745287E+004
  5.3380194163E+005  1.0954749836E+004
  5.3550180896E+005  1.0954761157E+004
  5.3720175218E+005  1.0954795977E+004
  5.3890148284E+005  1.0954863400E+004
  5.4060155192E+005  1.0954957437E+004
  5.4230235990E+005  1.0955056316E+004
  5.4400197353E+005  1.0954930180E+004
  5.4570160242E+005  1.0954753820E+004
  5.4740134597E+005  1.0954614923E+004
  5.4910246548E+005  1.0954520306E+004
  5.5080157647E+005  1.0954474711E+004
  5.5250188437E+005  1.0954458152E+004
  5.5420227159E+005  1.0954488250E+004
  5.5590194976E+005  1.0954586810E+004
  5.5760139642E+005  1.0954764037E+004
  5.5930194115E+005  1.0954858927E+004
  5.6100205986E+005  1.0954926462E+004
  5.6270143868E+005  1.0955056760E+004
  5.6440210493E+005  1.0955257937E+004
  5.6610174486E+005  1.0955535046E+004
  5.6780129411E+005  1.0955881732E+004
  5.6950204117E+005  1.0956290957E+004
  5.7120137106E+005  1.0956747828E+004
  5.7290132034E+005  1.0957218108E+004
  5.7460170440E+005  1.0957559535E+004
  5.7630153158E+005  1.0957808509E+004
  5.7800171331E+005  1.0958118596E+004
  5.7970168717E+005  1.0958536946E+004
  5.8140199047E+005  1.0959116635E+004
  5.8310161650E+005  1.0959956247E+004
  5.8480140031E+005  1.0961193969E+004
  5.8650138360E+005  1.0962972247E+004
  5.8820212516E+005  1.0965412348E+004
  5.8990170200E+005  1.0968399842E+004
  5.9160216383E+005  1.0972129508E+004
  5.9330176819E+005  1.0976730001E+004
  5.9500155823E+005  1.0982238934E+004
  5.9670203845E+005  1.0988666270E+004
  5.9840185864E+005  1.0995995948E+004
  6.0010168535E+005  1.1004160782E+004
  6.0180158093E+005  1.1012944131E+004
  6.0350170487E+005  1.1022230935E+004
  6.0520120547E+005  1.1032148471E+004
  6.0690141526E+005  1.1042624561E+004
  6.0860219759E+005  1.1053568217E+004
  6.1030117699E+005  1.1064831208E+004
  6.1200164006E+005  1.1075997218E+004
  6.1370174720E+005  1.1087377256E+004
  6.1540190612E+005  1.1098958426E+004
  6.1710221902E+005  1.1110666871E+004
  6.1880128078E+005  1.1121922740E+004
  6.2050195453E+005  1.1133159988E+004
  6.2220183862E+005  1.1144372619E+004
  6.2390156079E+005  1.1155273867E+004
  6.2560164775E+005  1.1165783279E+004
  6.2730162289E+005  1.1176229981E+004
  6.2900211323E+005  1.1186428469E+004
  6.3070204428E+005  1.1196059210E+004
  6.3240126203E+005  1.1205536576E+004
  6.3410203355E+005  1.1214728922E+004
  6.3580106065E+005  1.1223388936E+004
  6.3750126457E+005  1.1231952889E+004
  6.3920166314E+005  1.1240125220E+004
  6.4090124574E+005  1.1247927361E+004
  6.4260111675E+005  1.1255624093E+004
  6.4430199069E+005  1.1262633186E+004
  6.4600105275E+005  1.1269527382E+004
  6.4770137959E+005  1.1276089758E+004
  6.4940183223E+005  1.1282316460E+004
  6.5110124764E+005  1.1288477235E+004
  6.5280175165E+005  1.1294086284E+004
  6.5450134578E+005  1.1299701285E+004
  6.5620119383E+005  1.1304763291E+004
  6.5790177067E+005  1.1309740963E+004
  6.5960098704E+005  1.1314373808E+004
  6.6130155092E+005  1.1318834320E+004
  6.6300140625E+005  1.1323134236E+004
  6.6470146107E+005  1.1327185643E+004
  6.6640157179E+005  1.1331190150E+004
  6.6810138764E+005  1.1334838100E+004
  6.6980131654E+005  1.1338492931E+004
  6.7150113835E+005  1.1341745750E+004
  6.7320086273E+005  1.1345088739E+004
  6.7490087572E+005  1.1348049322E+004
  6.7660115638E+005  1.1351175465E+004
  6.7830151881E+005  1.1353963490E+004
  6.8000142776E+005  1.1356939935E+004
  6.8170096234E+005  1.1359578831E+004
  6.8340110560E+005  1.1362373059E+004
  6.8510124984E+005  1.1364839928E+004
  6.8680135613E+005  1.1367455576E+004
  6.8850112090E+005  1.1369804445E+004
  6.9020113129E+005  1.1372321213E+004
  6.9190104739E+005  1.1374647762E+004
  6.9360093401E+005  1.1377145679E+004
  6.9530088971E+005  1.1379507974E+004
  6.9700091071E+005  1.1381986684E+004
  6.9870122112E+005  1.1384347389E+004
  7.0040068275E+005  1.1386751479E+004
  7.0210076189E+005  1.1389080293E+004
  7.0380092063E+005  1.1391425149E+004
  7.0550105615E+005  1.1393775433E+004
  7.0720066845E+005  1.1396135847E+004
  7.0890095091E+005  1.1398589029E+004
  7.1060080507E+005  1.1401010588E+004
  7.1230086292E+005  1.1403567059E+004
  7.1400124307E+005  1.1406003263E+004
  7.1570086461E+005  1.1408604565E+004
  7.1740080198E+005  1.1411017826E+004
  7.1910082551E+005  1.1413644755E+004
  7.2080121434E+005  1.1416051368E+004
  7.2250078006E+005  1.1418691530E+004
  7.2420107736E+005  1.1421150849E+004
  7.2590121084E+005  1.1423804952E+004
  7.2760099654E+005  1.1426321996E+004
  7.2930117371E+005  1.1428941683E+004
  7.3100083924E+005  1.1431459053E+004
  7.3270105011E+005  1.1433989526E+004
  7.3440089638E+005  1.1436483194E+004
  7.3610086175E+005  1.1438928801E+004
  7.3780110612E+005  1.1441418275E+004
  7.3950082884E+005  1.1443824226E+004
  7.4120113849E+005  1.1446342658E+004
  7.4290110103E+005  1.1448751549E+004
  7.4460068966E+005  1.1451318677E+004
  7.4630062066E+005  1.1453730470E+004
  7.4800090789E+005  1.1456285553E+004
  7.4970093686E+005  1.1458679741E+004
  7.5140073687E+005  1.1461148902E+004
  7.5310081918E+005  1.1463517683E+004
  7.5480072117E+005  1.1465903002E+004
  7.5650126860E+005  1.1468250254E+004
  7.5820109382E+005  1.1470583517E+004
  7.5990111400E+005  1.1472932413E+004
  7.6160126925E+005  1.1475249692E+004
  7.6330117779E+005  1.1477627706E+004
  7.6500119007E+005  1.1479957521E+004
  7.6670117339E+005  1.1482377633E+004
  7.6840094502E+005  1.1484728605E+004
  7.7010097277E+005  1.1487178132E+004
  7.7180067416E+005  1.1489521565E+004
  7.7350082320E+005  1.1491957434E+004
  7.7520076732E+005  1.1494297065E+004
  7.7690065630E+005  1.1496715327E+004
  7.7860083469E+005  1.1499075115E+004
  7.8030108598E+005  1.1501505259E+004
  7.8200121711E+005  1.1503910802E+004
  7.8370068357E+005  1.1506379518E+004
  7.8540081412E+005  1.1508834218E+004
  7.8710092824E+005  1.1511353995E+004
  7.8880066411E+005  1.1513884984E+004
  7.9050111170E+005  1.1516455519E+004
  7.9220097278E+005  1.1519034803E+004
  7.9390078636E+005  1.1521592983E+004
  7.9560101128E+005  1.1524150845E+004
  7.9730080262E+005  1.1526651601E+004
  7.9900055293E+005  1.1529165498E+004
  8.0070082499E+005  1.1531604392E+004
  8.0240093477E+005  1.1534082253E+004
  8.0410084793E+005  1.1536473071E+004
  8.0580062587E+005  1.1538934607E+004
  8.0750058284E+005  1.1541306775E+004
  8.0920069852E+005  1.1543775903E+004
  8.1090061740E+005  1.1546160805E+004
  8.1260080076E+005  1.1548659629E+004
  8.1430085912E+005  1.1551075598E+004
  8.1600098364E+005  1.1553607240E+004
  8.1770086285E+005  1.1556051187E+004
  8.1940104474E+005  1.1558599977E+004
  8.2110111782E+005  1.1561063576E+004
  8.2280095276E+005  1.1563624318E+004
  8.2450079300E+005  1.1566117852E+004
  8.2620060720E+005  1.1568707496E+004
  8.2790078794E+005  1.1571249489E+004
  8.2960105165E+005  1.1573890754E+004
  8.3130082277E+005  1.1576494807E+004
  8.3300072008E+005  1.1579197508E+004
  8.3470066419E+005  1.1581874249E+004
  8.3640088402E+005  1.1584641496E+004
  8.3810089487E+005  1.1587388046E+004
  8.3980085796E+005  1.1590210295E+004
  8.4150075477E+005  1.1593009048E+004
  8.4320089676E+005  1.1595857948E+004
  8.4490085043E+005  1.1598667757E+004
  8.4660098266E+005  1.1601494173E+004
  8.4830098307E+005  1.1604269984E+004
  8.5000106603E+005  1.1607036854E+004
  8.5170079384E+005  1.1609758477E+004
  8.5340062834E+005  1.1612459853E+004
  8.5510063850E+005  1.1615137033E+004
  8.5680092651E+005  1.1617790382E+004
  8.5850062070E+005  1.1620442123E+004
  8.6020101574E+005  1.1623066300E+004
  8.6190057205E+005  1.1625708085E+004
  8.6360085305E+005  1.1628310530E+004
  8.6530075699E+005  1.1630938518E+004
  8.6700070957E+005  1.1633502224E+004
  8.6870052336E+005  1.1636090666E+004
  8.7040075202E+005  1.1638592539E+004
  8.7210049375E+005  1.1641111344E+004
  8.7380050387E+005  1.1643560784E+004
  8.7550065135E+005  1.1646020899E+004
  8.7720059784E+005  1.1648440830E+004
  8.7890072745E+005  1.1650876142E+004
  8.8060087378E+005  1.1653308542E+004
  8.8230072707E+005  1.1655760781E+004
  8.8400096058E+005  1.1658258109E+004
  8.8570077697E+005  1.1660789786E+004
  8.8740089426E+005  1.1663393381E+004
  8.8910093814E+005  1.1666025993E+004
  8.9080051741E+005  1.1668749986E+004
  8.9250083324E+005  1.1671491076E+004
  8.9420097093E+005  1.1674341923E+004
  8.9590065163E+005  1.1677192378E+004
  8.9760060792E+005  1.1680153800E+004
  8.9930083174E+005  1.1683133858E+004
  9.0100100223E+005  1.1686204129E+004
  9.0270059794E+005  1.1689307969E+004
  9.0440081105E+005  1.1692477142E+004
  9.0610083448E+005  1.1695692240E+004
  9.0780099564E+005  1.1698940276E+004
  9.0950067320E+005  1.1702236453E+004
  9.1120083593E+005  1.1705524268E+004
  9.1290096423E+005  1.1708841594E+004
  9.1460085034E+005  1.1712120045E+004
  9.1630078601E+005  1.1715388241E+004
  9.1800099581E+005  1.1718613078E+004
  9.1970095511E+005  1.1721788002E+004
  9.2140086561E+005  1.1724922379E+004
  9.2310057438E+005  1.1727978672E+004
  9.2480085350E+005  1.1731005455E+004
  9.2650056062E+005  1.1733932637E+004
  9.2820077951E+005  1.1736835234E+004
  9.2990073522E+005  1.1739642138E+004
  9.3160049392E+005  1.1742415789E+004
  9.3330058596E+005  1.1745112897E+004
  9.3500076418E+005  1.1747766249E+004
  9.3670075713E+005  1.1750363786E+004
  9.3840064082E+005  1.1752916615E+004
  9.4010073583E+005  1.1755447038E+004
  9.4180064885E+005  1.1757945426E+004
  9.4350066426E+005  1.1760465418E+004
  9.4520068887E+005  1.1762975791E+004
  9.4690047282E+005  1.1765545590E+004
  9.4860071488E+005  1.1768147336E+004
  9.5030053234E+005  1.1770821059E+004
  9.5200057104E+005  1.1773566622E+004
  9.5370077074E+005  1.1776397949E+004
  9.5540071488E+005  1.1779323206E+004
  9.5710088368E+005  1.1782336217E+004
  9.5880062300E+005  1.1785468288E+004
  9.6050061601E+005  1.1788685588E+004
  9.6220055219E+005  1.1792039579E+004
  9.6390088460E+005  1.1795466449E+004
  9.6560059903E+005  1.1799017639E+004
  9.6730056918E+005  1.1802635165E+004
  9.6900089670E+005  1.1806338650E+004
  9.7070078164E+005  1.1810089323E+004
  9.7240084275E+005  1.1813881446E+004
  9.7410061579E+005  1.1817704808E+004
  9.7580061333E+005  1.1821530767E+004
  9.7750075284E+005  1.1825376420E+004
  9.7920065275E+005  1.1829192962E+004
  9.8090057600E+005  1.1833007539E+004
  9.8260060718E+005  1.1836781985E+004
  9.8430065168E+005  1.1840518668E+004
  9.8600052058E+005  1.1844196260E+004
  9.8770052682E+005  1.1847802191E+004
  9.8940051862E+005  1.1851335416E+004
  9.9110083417E+005  1.1854777170E+004
  9.9280052883E+005  1.1858144342E+004
  9.9450043559E+005  1.1861416751E+004
  9.9620059206E+005  1.1864628989E+004
  9.9790046522E+005  1.1867756621E+004
  9.9960074532E+005  1.1870842129E+004
  1.0013007350E+006  1.1873869807E+004
  1.0030004899E+006  1.1876875857E+004
  1.0047007233E+006  1.1879859405E+004
  1.0064004068E+006  1.1882856364E+004
  1.0081004444E+006  1.1885874962E+004
  1.0098006665E+006  1.1888954449E+004
  1.0115004113E+006  1.1892099915E+004
  1.0132005469E+006  1.1895346198E+004
  1.0149007743E+006  1.1898688347E+004
  1.0166005877E+006  1.1902152760E+004
  1.0183003936E+006  1.1905732615E+004
  1.0200007632E+006  1.1909440114E+004
  1.0217005706E+006  1.1913272010E+004
  1.0234005499E+006  1.1917226861E+004
  1.0251006401E+006  1.1921306746E+004
  1.0268005242E+006  1.1925489562E+004
  1.0285006164E+006  1.1929775447E+004
  1.0302006002E+006  1.1934130808E+004
  1.0319003985E+006  1.1938554525E+004
  1.0336005058E+006  1.1943014472E+004
  1.0353006940E+006  1.1947512252E+004
  1.0370006174E+006  1.1952015926E+004
  1.0387006119E+006  1.1956530898E+004
  1.0404006414E+006  1.1961026823E+004
  1.0421005857E+006  1.1965499125E+004
  1.0438005787E+006  1.1969914956E+004
  1.0455005263E+006  1.1974280827E+004
  1.0472006648E+006  1.1978564849E+004
  1.0489004771E+006  1.1982780208E+004
  1.0506004536E+006  1.1986906477E+004
  1.0523006098E+006  1.1990963143E+004
  1.0540004759E+006  1.1994938062E+004
  1.0557003678E+006  1.1998851954E+004
  1.0574005573E+006  1.2002695079E+004
  1.0591004531E+006  1.2006492327E+004
  1.0608002897E+006  1.2010238798E+004
  1.0625005564E+006  1.2013972210E+004
  1.0642003878E+006  1.2017699747E+004
  1.0659004214E+006  1.2021458353E+004
  1.0676004569E+006  1.2025266532E+004
  1.0693003695E+006  1.2029145295E+004
  1.0710003999E+006  1.2033112146E+004
  1.0727003777E+006  1.2037180981E+004
  1.0744005971E+006  1.2041365733E+004
  1.0761004179E+006  1.2045670220E+004
  1.0778003052E+006  1.2050109755E+004
  1.0795005463E+006  1.2054673724E+004
  1.0812004437E+006  1.2059365369E+004
  1.0829004497E+006  1.2064163404E+004
  1.0846003270E+006  1.2069063537E+004
  1.0863004387E+006  1.2074042043E+004
  1.0880004704E+006  1.2079095775E+004
  1.0897003557E+006  1.2084200739E+004
  1.0914003373E+006  1.2089351374E+004
  1.0931003050E+006  1.2094525891E+004
  1.0948001450E+006  1.2099706570E+004
  1.0965002237E+006  1.2104871544E+004
  1.0982004094E+006  1.2110005944E+004
  1.0999004738E+006  1.2115091931E+004
  1.1016002299E+006  1.2120116542E+004
  1.1033003440E+006  1.2125080681E+004
  1.1050003039E+006  1.2129973179E+004
  1.1067003054E+006  1.2134800409E+004
  1.1084001764E+006  1.2139552018E+004
  1.1101004531E+006  1.2144239946E+004
  1.1118002595E+006  1.2148858824E+004
  1.1135003470E+006  1.2153425353E+004
  1.1152003475E+006  1.2157957531E+004
  1.1169003138E+006  1.2162473660E+004
  1.1186002364E+006  1.2167000156E+004
  1.1203004589E+006  1.2171549756E+004
  1.1220004150E+006  1.2176146479E+004
  1.1237004191E+006  1.2180803973E+004
  1.1254005312E+006  1.2185538946E+004
  1.1271003622E+006  1.2190369166E+004
  1.1288003777E+006  1.2195303718E+004
  1.1305004860E+006  1.2200354894E+004
  1.1322003816E+006  1.2205515754E+004
  1.1339004635E+006  1.2210785275E+004
  1.1356003732E+006  1.2216153838E+004
  1.1373005229E+006  1.2221612346E+004
  1.1390003959E+006  1.2227151985E+004
  1.1407002994E+006  1.2232760634E+004
  1.1424002807E+006  1.2238431253E+004
  1.1441004783E+006  1.2244146114E+004
  1.1458003673E+006  1.2249886175E+004
  1.1475004640E+006  1.2255630603E+004
  1.1492003010E+006  1.2261358435E+004
  1.1509003154E+006  1.2267056316E+004
  1.1526002611E+006  1.2272708747E+004
  1.1543003498E+006  1.2278312749E+004
  1.1560002839E+006  1.2283860552E+004
  1.1577004152E+006  1.2289354814E+004
  1.1594002848E+006  1.2294795281E+004
  1.1611002578E+006  1.2300186446E+004
  1.1628002658E+006  1.2305539233E+004
  1.1645003796E+006  1.2310863144E+004
  1.1662004018E+006  1.2316174644E+004
  1.1679004121E+006  1.2321487304E+004
  1.1696003419E+006  1.2326811209E+004
  1.1713004986E+006  1.2332158782E+004
  1.1730003110E+006  1.2337536814E+004
  1.1747004846E+006  1.2342962484E+004
  1.1764004788E+006  1.2348447056E+004
  1.1781003026E+006  1.2354004267E+004
  1.1798003441E+006  1.2359645919E+004
  1.1815003863E+006  1.2365372192E+004
  1.1832003892E+006  1.2371182218E+004
  1.1849003693E+006  1.2377068357E+004
  1.1866004123E+006  1.2383023499E+004
  1.1883005369E+006  1.2389041658E+004
  1.1900004149E+006  1.2395113568E+004
  1.1917004305E+006  1.2401234613E+004
  1.1934004709E+006  1.2407394890E+004
  1.1951002753E+006  1.2413581236E+004
  1.1968004218E+006  1.2419789539E+004
  1.1985003235E+006  1.2425995247E+004
  1.2002004522E+006  1.2432172359E+004
  1.2019003049E+006  1.2438311076E+004
  1.2036003887E+006  1.2444417630E+004
  1.2053003628E+006  1.2450493812E+004
  1.2070002994E+006  1.2456540752E+004
  1.2087003979E+006  1.2462558166E+004
  1.2104002152E+006  1.2468543764E+004
  1.2121003600E+006  1.2474502502E+004
  1.2138003262E+006  1.2480438628E+004
  1.2155003745E+006  1.2486363893E+004
  1.2172004901E+006  1.2492289460E+004
  1.2189003831E+006  1.2498223470E+004
  1.2206005399E+006  1.2504174437E+004
  1.2223003011E+006  1.2510143970E+004
  1.2240003336E+006  1.2516139996E+004
  1.2257003511E+006  1.2522168487E+004
  1.2274005079E+006  1.2528239148E+004
  1.2291004728E+006  1.2534358677E+004
  1.2308004827E+006  1.2540534288E+004
  1.2325004219E+006  1.2546767091E+004
  1.2342004145E+006  1.2553050629E+004
  1.2359004515E+006  1.2559373134E+004
  1.2376004446E+006  1.2565720760E+004
  1.2393005030E+006  1.2572082534E+004
  1.2410002931E+006  1.2578449175E+004
  1.2427003901E+006  1.2584820489E+004
  1.2444003688E+006  1.2591195372E+004
  1.2461003705E+006  1.2597572146E+004
  1.2478003553E+006  1.2603945743E+004
  1.2495004245E+006  1.2610310685E+004
  1.2512002187E+006  1.2616661378E+004
  1.2529003226E+006  1.2622997938E+004
  1.2546002074E+006  1.2629320018E+004
  1.2563002771E+006  1.2635631910E+004
  1.2580002802E+006  1.2641932100E+004
  1.2597004781E+006  1.2648218545E+004
  1.2614002954E+006  1.2654485779E+004
  1.2631002932E+006  1.2660734885E+004
  1.2648003848E+006  1.2666969164E+004
  1.2665002847E+006  1.2673195354E+004
  1.2682002921E+006  1.2679424376E+004
  1.2699003092E+006  1.2685665672E+004
  1.2716004696E+006  1.2691928188E+004
  1.2733003362E+006  1.2698214050E+004
  1.2750002928E+006  1.2704520443E+004
  1.2767003815E+006  1.2710841345E+004
  1.2784003923E+006  1.2717170777E+004
  1.2801004060E+006  1.2723506029E+004
  1.2818004530E+006  1.2729847859E+004
  1.2835002797E+006  1.2736199478E+004
  1.2852003997E+006  1.2742565821E+004
  1.2869004197E+006  1.2748943761E+004
  1.2886002500E+006  1.2755328988E+004
  1.2903002185E+006  1.2761719104E+004
  1.2920002639E+006  1.2768111507E+004
  1.2937002794E+006  1.2774505970E+004
  1.2954002908E+006  1.2780904019E+004
  1.2971003046E+006  1.2787304595E+004
  1.2988004303E+006  1.2793701744E+004
  1.3005003948E+006  1.2800085915E+004
  1.3022004956E+006  1.2806450905E+004
  1.3039004284E+006  1.2812792602E+004
  1.3056005054E+006  1.2819113977E+004
  1.3073003082E+006  1.2825419079E+004
  1.3090003307E+006  1.2831715892E+004
  1.3107003757E+006  1.2838009290E+004
  1.3124004655E+006  1.2844299225E+004
  1.3141004022E+006  1.2850577918E+004
  1.3158003713E+006  1.2856836835E+004
  1.3175004936E+006  1.2863069303E+004
  1.3192004679E+006  1.2869270500E+004
  1.3209003116E+006  1.2875442468E+004
  1.3226002854E+006  1.2881594202E+004
  1.3243003021E+006  1.2887734436E+004
  1.3260004169E+006  1.2893868080E+004
  1.3277003241E+006  1.2899993350E+004
  1.3294002343E+006  1.2906108992E+004
  1.3311003470E+006  1.2912214058E+004
  1.3328003368E+006  1.2918309227E+004
  1.3345003543E+006  1.2924398111E+004
  1.3362003389E+006  1.2930483114E+004
  1.3379004376E+006  1.2936562928E+004
  1.3396004194E+006  1.2942628962E+004
  1.3413004746E+006  1.2948671893E+004
  1.3430003700E+006  1.2954683817E+004
  1.3447003301E+006  1.2960664151E+004
  1.3464003161E+006  1.2966614113E+004
  1.3481004516E+006  1.2972539115E+004
  1.3498005142E+006  1.2978443286E+004
  1.3515004290E+006  1.2984329265E+004
  1.3532004884E+006  1.2990193706E+004
  1.3549004771E+006  1.2996025030E+004
  1.3566004171E+006  1.3001810557E+004
  1.3583003783E+006  1.3007542357E+004
  1.3600004300E+006  1.3013223164E+004
  1.3617003706E+006  1.3018863025E+004
  1.3634002379E+006  1.3024477801E+004
  1.3651004127E+006  1.3030080048E+004
  1.3668002695E+006  1.3035700291E+004
  1.3685002178E+006  1.3041312585E+004
  1.3702002793E+006  1.3046898767E+004
  1.3719002795E+006  1.3052466306E+004
  1.3736003451E+006  1.3058024364E+004
  1.3753002508E+006  1.3063581713E+004
  1.3770003817E+006  1.3069145976E+004
  1.3787004071E+006  1.3074716773E+004
  1.3804003158E+006  1.3080286209E+004
  1.3821002610E+006  1.3085845687E+004
  1.3838003746E+006  1.3091389454E+004
  1.3855003296E+006  1.3096915023E+004
  1.3872004019E+006  1.3102426214E+004
  1.3889003116E+006  1.3107926249E+004
  1.3906002660E+006  1.3113420540E+004
  1.3923003372E+006  1.3118912018E+004
  1.3940003233E+006  1.3124399531E+004
  1.3957003978E+006  1.3129876852E+004
  1.3974004213E+006  1.3135336185E+004
  1.3991002299E+006  1.3140776181E+004
  1.4008003847E+006  1.3146204633E+004
  1.4025002305E+006  1.3151630812E+004
  1.4042002727E+006  1.3157067246E+004
  1.4059002091E+006  1.3162517436E+004
  1.4076003171E+006  1.3167977877E+004
  1.4093003148E+006  1.3173440634E+004
  1.4110003837E+006  1.3178903512E+004
  1.4127004577E+006  1.3184368203E+004
  1.4144002440E+006  1.3189839722E+004
  1.4161003616E+006  1.3195327863E+004
  1.4178003555E+006  1.3200858380E+004
  1.4195004191E+006  1.3206432238E+004
  1.4212002808E+006  1.3212004329E+004
  1.4229004893E+006  1.3217566578E+004
  1.4246004002E+006  1.3223111414E+004
  1.4263004418E+006  1.3228637292E+004
  1.4280003688E+006  1.3234144606E+004
  1.4297002845E+006  1.3239637025E+004
  1.4314004226E+006  1.3245121686E+004
  1.4331002326E+006  1.3250605679E+004
  1.4348002568E+006  1.3256095891E+004
  1.4365003111E+006  1.3261592431E+004
  1.4382002888E+006  1.3267095429E+004
  1.4399002996E+006  1.3272609049E+004
  1.4416002643E+006  1.3278140261E+004
  1.4433003110E+006  1.3283697761E+004
  1.4450003447E+006  1.3289288386E+004
  1.4467002953E+006  1.3294911782E+004
  1.4484003838E+006  1.3300558348E+004
  1.4501003276E+006  1.3306214012E+004
  1.4518002433E+006  1.3311871045E+004
  1.4535002782E+006  1.3317528457E+004
  1.4552004388E+006  1.3323190042E+004
  1.4569004198E+006  1.3328860866E+004
  1.4586003729E+006  1.3334547276E+004
  1.4603002790E+006  1.3340252922E+004
  1.4620002833E+006  1.3345975244E+004
  1.4637004012E+006  1.3351699655E+004
  1.4654002542E+006  1.3357405633E+004
  1.4671003188E+006  1.3363084948E+004
  1.4688002544E+006  1.3368741998E+004
  1.4705003853E+006  1.3374440259E+004
  1.4722002321E+006  1.3380137634E+004
  1.4739003906E+006  1.3385847146E+004
  1.4756003465E+006  1.3391575063E+004
  1.4773001994E+006  1.3397315498E+004
  1.4790002422E+006  1.3403062503E+004
  1.4807003274E+006  1.3408814025E+004
  1.4824004200E+006  1.3414573999E+004
  1.4841004318E+006  1.3420349102E+004
  1.4858002878E+006  1.3426146395E+004
  1.4875002532E+006  1.3431971093E+004
  1.4892004634E+006  1.3437817589E+004
  1.4909004178E+006  1.3443667132E+004
  1.4926003810E+006  1.3449503189E+004
  1.4943002593E+006  1.3455315274E+004
  1.4960002987E+006  1.3461101656E+004
  1.4977002537E+006  1.3466863991E+004
  1.4994003050E+006  1.3472608939E+004
  1.5011003411E+006  1.3478347381E+004
  1.5028002251E+006  1.3484090971E+004
  1.5045004004E+006  1.3489844645E+004
  1.5062002936E+006  1.3495603717E+004
  1.5079002197E+006  1.3501368606E+004
  1.5096002141E+006  1.3507143507E+004
  1.5113002581E+006  1.3512935930E+004
  1.5130002800E+006  1.3518754128E+004
  1.5147002177E+006  1.3524604220E+004
  1.5164003655E+006  1.3530484283E+004
  1.5181004209E+006  1.3536377076E+004
  1.5198003712E+006  1.3542263619E+004
  1.5215002898E+006  1.3548132931E+004
  1.5232004745E+006  1.3553984195E+004
  1.5249004290E+006  1.3559845666E+004
  1.5266003011E+006  1.3565722362E+004
  1.5283002884E+006  1.3571562495E+004
  1.5300004407E+006  1.3577397030E+004
  1.5317004220E+006  1.3583229827E+004
  1.5334003255E+006  1.3589055512E+004
  1.5351003101E+006  1.3594865489E+004
  1.5368002945E+006  1.3600657503E+004
  1.5385003405E+006  1.3606439719E+004
  1.5402003809E+006  1.3612225613E+004
  1.5419002923E+006  1.3618029375E+004
  1.5436002432E+006  1.3623861223E+004
  1.5453002499E+006  1.3629716505E+004
  1.5470002090E+006  1.3635576697E+004
  1.5487003366E+006  1.3641425451E+004
  1.5504004049E+006  1.3647255008E+004
  1.5521004001E+006  1.3653067627E+004
  1.5538003680E+006  1.3658870930E+004
  1.5555003109E+006  1.3664673435E+004
  1.5572003826E+006  1.3670482987E+004
  1.5589003390E+006  1.3676302965E+004
  1.5606002870E+006  1.3682129121E+004
  1.5623002617E+006  1.3687940327E+004
  1.5640004469E+006  1.3693710163E+004
  1.5657003471E+006  1.3699425713E+004
  1.5674002773E+006  1.3705099837E+004
  1.5691002141E+006  1.3710757834E+004
  1.5708002577E+006  1.3716426902E+004
  1.5725003872E+006  1.3722126345E+004
  1.5742002562E+006  1.3727855205E+004
  1.5759002397E+006  1.3733596966E+004
  1.5776002974E+006  1.3739333153E+004
  1.5793002482E+006  1.3745055475E+004
  1.5810002322E+006  1.3750766607E+004
  1.5827002322E+006  1.3756474054E+004
  1.5844003438E+006  1.3762186681E+004
  1.5861003204E+006  1.3767911002E+004
  1.5878004173E+006  1.3773651614E+004
  1.5895002501E+006  1.3779414135E+004
  1.5912002517E+006  1.3785202224E+004
  1.5929003082E+006  1.3790900438E+004
  1.5946003592E+006  1.3796517592E+004
  1.5963002990E+006  1.3802067957E+004
  1.5980003793E+006  1.3807576303E+004
  1.5997004103E+006  1.3813074957E+004
  1.6014003637E+006  1.3818594412E+004
  1.6031002268E+006  1.3824149075E+004
  1.6048002862E+006  1.3829728778E+004
  1.6065002823E+006  1.3835311349E+004
  1.6082001836E+006  1.3840883895E+004
  1.6099002616E+006  1.3846446359E+004
  1.6116003034E+006  1.3852004533E+004
  1.6133004192E+006  1.3857567545E+004
  1.6150002470E+006  1.3863142092E+004
  1.6167004381E+006  1.3868735763E+004
  1.6184002310E+006  1.3874344304E+004
  1.6201002708E+006  1.3879948805E+004
  1.6218002762E+006  1.3885514076E+004
  1.6235002971E+006  1.3891014438E+004
  1.6252002296E+006  1.3896440715E+004
  1.6269003444E+006  1.3901803536E+004
  1.6286002801E+006  1.3907129758E+004
  1.6303002562E+006  1.3912455668E+004
  1.6320004117E+006  1.3917811734E+004
  1.6337002115E+006  1.3923204915E+004
  1.6354002710E+006  1.3928618336E+004
  1.6371003222E+006  1.3934026960E+004
  1.6388001994E+006  1.3939418881E+004
  1.6405001957E+006  1.3944796709E+004
  1.6422003494E+006  1.3950168733E+004
  1.6439003339E+006  1.3955543307E+004
  1.6456003295E+006  1.3960928603E+004
  1.6473002339E+006  1.3966329084E+004
  1.6490002546E+006  1.3971744568E+004
  1.6507004052E+006  1.3977155576E+004
  1.6524003853E+006  1.3982522627E+004
  1.6541003643E+006  1.3987813781E+004
  1.6558002965E+006  1.3993019251E+004
  1.6575002532E+006  1.3998157528E+004
  1.6592003379E+006  1.4003265609E+004
  1.6609002013E+006  1.4008380358E+004
  1.6626003370E+006  1.4013531608E+004
  1.6643002305E+006  1.4018726977E+004
  1.6660003009E+006  1.4023946264E+004
  1.6677001844E+006  1.4029155085E+004
  1.6694001949E+006  1.4034335390E+004
  1.6711001674E+006  1.4039485372E+004
  1.6728003441E+006  1.4044614136E+004
  1.6745002957E+006  1.4049731064E+004
  1.6762003942E+006  1.4054846241E+004
  1.6779002839E+006  1.4059964285E+004
  1.6796004122E+006  1.4065088617E+004
  1.6813002994E+006  1.4070215605E+004
  1.6830002674E+006  1.4075329830E+004
  1.6847002953E+006  1.4080392827E+004
  1.6864003114E+006  1.4085429858E+004
  1.6881002926E+006  1.4090385008E+004
  1.6898003899E+006  1.4095270273E+004
  1.6915003447E+006  1.4100143005E+004
  1.6932003438E+006  1.4105034554E+004
  1.6949002256E+006  1.4109961211E+004
  1.6966002240E+006  1.4114613839E+004
  1.6983003103E+006  1.4119585063E+004
  1.7000002644E+006  1.4124521948E+004
  1.7017003496E+006  1.4129402281E+004
  1.7034003757E+006  1.4134225412E+004
  1.7051002477E+006  1.4139001950E+004
  1.7068002968E+006  1.4143745482E+004
  1.7085003738E+006  1.4148465272E+004
  1.7102004068E+006  1.4153166356E+004
  1.7119003670E+006  1.4157849677E+004
  1.7136002232E+006  1.4162515439E+004
  1.7153003051E+006  1.4167161767E+004
  1.7170002891E+006  1.4171773212E+004
  1.7187002285E+006  1.4176341501E+004
  1.7204001989E+006  1.4180875410E+004
  1.7221002652E+006  1.4185392894E+004
  1.7238002234E+006  1.4189911044E+004
  1.7255002137E+006  1.4194443246E+004
  1.7272002138E+006  1.4198997017E+004
  1.7289002718E+006  1.4203575152E+004
  1.7306003665E+006  1.4208168720E+004
  1.7323002070E+006  1.4212738498E+004
  1.7340003440E+006  1.4217237788E+004
  1.7357002544E+006  1.4221641171E+004
  1.7374002918E+006  1.4225950365E+004
  1.7391002326E+006  1.4230176607E+004
  1.7408002525E+006  1.4234334508E+004
  1.7425002874E+006  1.4238446833E+004
  1.7442002165E+006  1.4242549782E+004
  1.7459002143E+006  1.4246679975E+004
  1.7476003605E+006  1.4250854660E+004
  1.7493002424E+006  1.4255048573E+004
  1.7510001839E+006  1.4259217871E+004
  1.7527002722E+006  1.4262998400E+004
  1.7544002612E+006  1.4266027620E+004
  1.7561002573E+006  1.4270073528E+004
  1.7578002179E+006  1.4274094639E+004
  1.7595003753E+006  1.4278125886E+004
  1.7612002563E+006  1.4282180370E+004
  1.7629004073E+006  1.4286205405E+004
  1.7646003343E+006  1.4290217584E+004
  1.7663002991E+006  1.4294221843E+004
  1.7680002196E+006  1.4298211945E+004
  1.7697003928E+006  1.4302165327E+004
  1.7714003286E+006  1.4306054942E+004
  1.7731002768E+006  1.4309883237E+004
  1.7748001940E+006  1.4313674920E+004
  1.7765002761E+006  1.4317459570E+004
  1.7782002635E+006  1.4321259673E+004
  1.7799002948E+006  1.4325089902E+004
  1.7816003018E+006  1.4328817546E+004
  1.7833002159E+006  1.4332574990E+004
  1.7850002744E+006  1.4336501152E+004
  1.7867002813E+006  1.4340401605E+004
  1.7884002716E+006  1.4344226029E+004
  1.7901003722E+006  1.4347975539E+004
  1.7918002393E+006  1.4351667179E+004
  1.7935002653E+006  1.4355265552E+004
  1.7952004118E+006  1.4358802230E+004
  1.7969003699E+006  1.4362311182E+004
  1.7986003033E+006  1.4365836555E+004
  1.8003002921E+006  1.4369417747E+004
  1.8020002086E+006  1.4373076906E+004
  1.8037002199E+006  1.4376807164E+004
  1.8054002310E+006  1.4380556406E+004
  1.8071002656E+006  1.4384271730E+004
  1.8088002572E+006  1.4387778927E+004
  1.8105002320E+006  1.4390823160E+004
  1.8122002974E+006  1.4394437109E+004
  1.8139003004E+006  1.4398030238E+004
  1.8156003455E+006  1.4401621602E+004
  1.8173002846E+006  1.4405219693E+004
  1.8190004058E+006  1.4408838864E+004
  1.8207002300E+006  1.4412486225E+004
  1.8224002861E+006  1.4416119761E+004
  1.8241002572E+006  1.4419750457E+004
  1.8258003272E+006  1.4423370848E+004
  1.8275001628E+006  1.4426955888E+004
  1.8292002428E+006  1.4430505743E+004
  1.8309002313E+006  1.4434038270E+004
  1.8326001845E+006  1.4437575436E+004
  1.8343002105E+006  1.4441134024E+004
  1.8360002329E+006  1.4444723367E+004
  1.8377002408E+006  1.4448081304E+004
  1.8394002265E+006  1.4451743203E+004
  1.8411003211E+006  1.4455432173E+004
  1.8428002537E+006  1.4459139319E+004
  1.8445002218E+006  1.4462859450E+004
  1.8462002666E+006  1.4466565383E+004
  1.8479002667E+006  1.4470195510E+004
  1.8496003132E+006  1.4473750238E+004
  1.8513003707E+006  1.4477218352E+004
  1.8530002928E+006  1.4480642012E+004
  1.8547002438E+006  1.4484075089E+004
  1.8564001956E+006  1.4487546291E+004
  1.8581002117E+006  1.4491068425E+004
  1.8598002109E+006  1.4494643852E+004
  1.8615001615E+006  1.4498269337E+004
  1.8632001830E+006  1.4501938627E+004
  1.8649002460E+006  1.4505632124E+004
  1.8666003211E+006  1.4509289080E+004
  1.8683001909E+006  1.4512844018E+004
  1.8700002494E+006  1.4516277357E+004
  1.8717002075E+006  1.4519602373E+004
  1.8734002684E+006  1.4522848307E+004
  1.8751002488E+006  1.4526062842E+004
  1.8768003942E+006  1.4529302885E+004
  1.8785003651E+006  1.4532608317E+004
  1.8802001955E+006  1.4536007699E+004
  1.8819002229E+006  1.4539516142E+004
  1.8836002885E+006  1.4543080885E+004
  1.8853001766E+006  1.4546702777E+004
  1.8870001565E+006  1.4550345190E+004
  1.8887002067E+006  1.4553931170E+004
  1.8904002278E+006  1.4557412180E+004
  1.8921003178E+006  1.4560788658E+004
  1.8938002473E+006  1.4564083073E+004
  1.8955002608E+006  1.4567319895E+004
  1.8972002355E+006  1.4570515721E+004
  1.8989003414E+006  1.4573688529E+004
  1.9006003168E+006  1.4576874907E+004
  1.9023002627E+006  1.4580117804E+004
  1.9040002161E+006  1.4583443592E+004
  1.9057002770E+006  1.4586859533E+004
  1.9074002244E+006  1.4590359207E+004
  1.9091002820E+006  1.4593917989E+004
  1.9108002713E+006  1.4597463019E+004
  1.9125002644E+006  1.4600779032E+004
  1.9142002242E+006  1.4604024348E+004
  1.9159002045E+006  1.4607282087E+004
  1.9176003370E+006  1.4610530244E+004
  1.9193002889E+006  1.4613702467E+004
  1.9210003082E+006  1.4616832002E+004
  1.9227002320E+006  1.4619934152E+004
  1.9244003353E+006  1.4623034254E+004
  1.9261003026E+006  1.4626173929E+004
  1.9278003752E+006  1.4629387302E+004
  1.9295003388E+006  1.4632687402E+004
  1.9312001870E+006  1.4636071765E+004
  1.9329002442E+006  1.4639526724E+004
  1.9346002073E+006  1.4643000011E+004
  1.9363002380E+006  1.4646404458E+004
  1.9380001865E+006  1.4649692178E+004
  1.9397001903E+006  1.4652753508E+004
  1.9414002184E+006  1.4655854273E+004
  1.9431002156E+006  1.4658894799E+004
  1.9448002340E+006  1.4661889344E+004
  1.9465003088E+006  1.4664848980E+004
  1.9482003028E+006  1.4667796112E+004
  1.9499003180E+006  1.4670774471E+004
  1.9516003320E+006  1.4673821543E+004
  1.9533003546E+006  1.4676953505E+004
  1.9550002596E+006  1.4680168745E+004
  1.9567003061E+006  1.4683456682E+004
  1.9584002114E+006  1.4686801592E+004
  1.9601001676E+006  1.4690201203E+004
  1.9618001561E+006  1.4693567115E+004
  1.9635002046E+006  1.4696710947E+004
  1.9652001868E+006  1.4699751226E+004
  1.9669002057E+006  1.4702696763E+004
  1.9686003486E+006  1.4705536913E+004
  1.9703002053E+006  1.4708298309E+004
  1.9720003558E+006  1.4711022484E+004
  1.9737002815E+006  1.4713764729E+004
  1.9754002645E+006  1.4716567993E+004
  1.9771002396E+006  1.4719449837E+004
  1.9788003142E+006  1.4722409758E+004
  1.9805001686E+006  1.4725436707E+004
  1.9822003078E+006  1.4728517038E+004
  1.9839001941E+006  1.4731634192E+004
  1.9856001784E+006  1.4734773631E+004
  1.9873002477E+006  1.4737921072E+004
  1.9890001999E+006  1.4741062875E+004
  1.9907002339E+006  1.4744186779E+004
  1.9924002960E+006  1.4747273109E+004
  1.9941001900E+006  1.4750271223E+004
  1.9958002946E+006  1.4753130987E+004
  1.9975002440E+006  1.4755862748E+004
  1.9992003512E+006  1.4758517811E+004
  2.0009001969E+006  1.4761144009E+004
  2.0026001946E+006  1.4763773157E+004
  2.0043002760E+006  1.4766420147E+004
  2.0060001995E+006  1.4769088407E+004
  2.0077002895E+006  1.4771775387E+004
  2.0094001366E+006  1.4774473467E+004
  2.0111001937E+006  1.4777174286E+004
  2.0128002726E+006  1.4779867400E+004
  2.0145002530E+006  1.4782541899E+004
  2.0162002229E+006  1.4785187972E+004
  2.0179003651E+006  1.4787811378E+004
  2.0196003216E+006  1.4790445943E+004
  2.0213002486E+006  1.4793138393E+004
  2.0230002790E+006  1.4795808909E+004
  2.0247002897E+006  1.4798361653E+004
  2.0264003105E+006  1.4800805487E+004
  2.0281001640E+006  1.4803168623E+004
  2.0298002344E+006  1.4805480601E+004
  2.0315001498E+006  1.4807760564E+004
  2.0332002463E+006  1.4810018827E+004
  2.0349002813E+006  1.4812257513E+004
  2.0366002453E+006  1.4814474071E+004
  2.0383003430E+006  1.4816663406E+004
  2.0400002858E+006  1.4818829397E+004
  2.0417002572E+006  1.4821006366E+004
  2.0434001937E+006  1.4823233780E+004
  2.0451002820E+006  1.4825530266E+004
  2.0468002672E+006  1.4827893639E+004
  2.0485002656E+006  1.4830311218E+004
  2.0502001687E+006  1.4832765803E+004
  2.0519002597E+006  1.4835240159E+004
  2.0536002784E+006  1.4837717060E+004
  2.0553002192E+006  1.4840181021E+004
  2.0570001310E+006  1.4842618000E+004
  2.0587001780E+006  1.4845015405E+004
  2.0604002780E+006  1.4847361795E+004
  2.0621003464E+006  1.4849646546E+004
  2.0638002204E+006  1.4851830213E+004
  2.0655002526E+006  1.4853877021E+004
  2.0672002411E+006  1.4855804900E+004
  2.0689003346E+006  1.4857656328E+004
  2.0706002689E+006  1.4859466445E+004
  2.0723002547E+006  1.4861256126E+004
  2.0740001497E+006  1.4863033494E+004
  2.0757001768E+006  1.4864798897E+004
  2.0774001444E+006  1.4866547506E+004
  2.0791002459E+006  1.4868272265E+004
  2.0808001979E+006  1.4869964452E+004
  2.0825002212E+006  1.4871616326E+004
  2.0842002259E+006  1.4873245367E+004
  2.0859002560E+006  1.4874904567E+004
  2.0876002175E+006  1.4876580512E+004
  2.0893001991E+006  1.4878298629E+004
  2.0910001807E+006  1.4880061255E+004
  2.0927002822E+006  1.4881856598E+004
  2.0944002101E+006  1.4883668553E+004
  2.0961002224E+006  1.4885481513E+004
  2.0978002282E+006  1.4887280763E+004
  2.0995002339E+006  1.4889053185E+004
  2.1012001837E+006  1.4890787066E+004
  2.1029002806E+006  1.4892472330E+004
  2.1046002337E+006  1.4894102975E+004
  2.1063002654E+006  1.4895697691E+004
  2.1080002021E+006  1.4897277438E+004
  2.1097002127E+006  1.4898792759E+004
  2.1114002963E+006  1.4900185566E+004
  2.1131002282E+006  1.4901477861E+004
  2.1148001813E+006  1.4902694377E+004
  2.1165002030E+006  1.4903840807E+004
  2.1182001934E+006  1.4904949923E+004
  2.1199002479E+006  1.4906035493E+004
  2.1216001320E+006  1.4907100307E+004
  2.1233002428E+006  1.4908142154E+004
  2.1250002203E+006  1.4909156992E+004
  2.1267003021E+006  1.4910156273E+004
  2.1284002348E+006  1.4911177232E+004
  2.1301001771E+006  1.4912251933E+004
  2.1318003312E+006  1.4913390155E+004
  2.1335002652E+006  1.4914584995E+004
  2.1352002828E+006  1.4915831141E+004
  2.1369002296E+006  1.4917121676E+004
  2.1386002489E+006  1.4918409611E+004
  2.1403002326E+006  1.4919686321E+004
  2.1420001861E+006  1.4920944893E+004
  2.1437002291E+006  1.4922176292E+004
  2.1454003020E+006  1.4923372154E+004
  2.1471003273E+006  1.4924536370E+004
  2.1488001905E+006  1.4925699701E+004
  2.1505003129E+006  1.4926894620E+004
  2.1522002908E+006  1.4928133349E+004
  2.1539001789E+006  1.4929412045E+004
  2.1556002477E+006  1.4930719079E+004
  2.1573002921E+006  1.4932057618E+004
  2.1590001767E+006  1.4933396761E+004
  2.1607001451E+006  1.4934710751E+004
  2.1624001917E+006  1.4935996384E+004
  2.1641002025E+006  1.4937246486E+004
  2.1658002789E+006  1.4938454253E+004
  2.1675001807E+006  1.4939622983E+004
  2.1692001743E+006  1.4940781361E+004
  2.1709003039E+006  1.4941960789E+004
  2.1726002537E+006  1.4943174506E+004
  2.1743002848E+006  1.4944420523E+004
  2.1760003148E+006  1.4945688788E+004
  2.1777001596E+006  1.4946966633E+004
  2.1794002349E+006  1.4948265665E+004
  2.1811002429E+006  1.4949536314E+004
  2.1828001964E+006  1.4950775706E+004
  2.1845001264E+006  1.4951979624E+004
  2.1862001591E+006  1.4953144001E+004
  2.1879002988E+006  1.4954278109E+004
  2.1896002258E+006  1.4955407246E+004
  2.1913001906E+006  1.4956553277E+004
  2.1930001793E+006  1.4957730091E+004
  2.1947002348E+006  1.4958955137E+004
  2.1964001685E+006  1.4960234968E+004
  2.1981001727E+006  1.4961607509E+004
  2.1998002685E+006  1.4963109957E+004
  2.2015001371E+006  1.4964734880E+004
  2.2032002336E+006  1.4966413038E+004
  2.2049001780E+006  1.4968088026E+004
  2.2066002204E+006  1.4969734753E+004
  2.2083002447E+006  1.4971347849E+004
  2.2100002798E+006  1.4972938739E+004
  2.2117002434E+006  1.4974515068E+004
  2.2134002863E+006  1.4976075201E+004
  2.2151002184E+006  1.4977611719E+004
  2.2168002457E+006  1.4979117126E+004
  2.2185002756E+006  1.4980584541E+004
  2.2202002623E+006  1.4982008051E+004
  2.2219002048E+006  1.4983382747E+004
  2.2236001808E+006  1.4984704851E+004
  2.2253001439E+006  1.4985981475E+004
  2.2270002940E+006  1.4987216985E+004
  2.2287001849E+006  1.4988407048E+004
  2.2304003174E+006  1.4989579491E+004
  2.2321003170E+006  1.4990743109E+004
  2.2338003067E+006  1.4991899146E+004
  2.2355002609E+006  1.4993043852E+004
  2.2372002217E+006  1.4994172376E+004
  2.2389002528E+006  1.4995302130E+004
  2.2406002239E+006  1.4996499222E+004
  2.2423002436E+006  1.4997806694E+004
  2.2440001660E+006  1.4999206089E+004
  2.2457002291E+006  1.5000655287E+004
  2.2474002418E+006  1.5002120635E+004
  2.2491001922E+006  1.5003581623E+004
  2.2508002166E+006  1.5005023841E+004
  2.2525002331E+006  1.5006435642E+004
  2.2542002233E+006  1.5007827623E+004
  2.2559002222E+006  1.5009161919E+004
  2.2576002551E+006  1.5010441570E+004
  2.2593002555E+006  1.5011669854E+004
  2.2610001518E+006  1.5012845629E+004
  2.2627001773E+006  1.5013968324E+004
  2.2644001860E+006  1.5015038511E+004
  2.2661001898E+006  1.5016058613E+004
  2.2678002575E+006  1.5017031666E+004
  2.2695003041E+006  1.5017959795E+004
  2.2712003047E+006  1.5018844100E+004
  2.2729001796E+006  1.5019685254E+004
  2.2746001959E+006  1.5020484263E+004
  2.2763002045E+006  1.5021242290E+004
  2.2780001438E+006  1.5021960977E+004
  2.2797001390E+006  1.5022642561E+004
  2.2814001223E+006  1.5023289736E+004
  2.2831001549E+006  1.5023904041E+004
  2.2848001247E+006  1.5024482183E+004
  2.2865002385E+006  1.5025019794E+004
  2.2882001934E+006  1.5025515072E+004
  2.2899001592E+006  1.5025992577E+004
  2.2916001708E+006  1.5026413143E+004
  2.2933002591E+006  1.5026794644E+004
  2.2950002234E+006  1.5027171887E+004
  2.2967001656E+006  1.5027618700E+004
  2.2984001957E+006  1.5028175891E+004
  2.3001001906E+006  1.5028829781E+004
  2.3018000720E+006  1.5029540949E+004
  2.3035001433E+006  1.5030261597E+004
  2.3052001950E+006  1.5030952621E+004
  2.3069002197E+006  1.5031591123E+004
  2.3086002125E+006  1.5032167283E+004
  2.3103002377E+006  1.5032679634E+004
  2.3120002346E+006  1.5033131520E+004
  2.3137001758E+006  1.5033528927E+004
  2.3154001490E+006  1.5033879328E+004
  2.3171001751E+006  1.5034191125E+004
  2.3188001470E+006  1.5034470356E+004
  2.3205001419E+006  1.5034707584E+004
  2.3222001094E+006  1.5034882337E+004
  2.3239001116E+006  1.5034981776E+004
  2.3256001834E+006  1.5035004929E+004
  2.3273002383E+006  1.5034959013E+004
  2.3290002480E+006  1.5034855778E+004
  2.3307002139E+006  1.5034708934E+004
  2.3324001729E+006  1.5034532571E+004
  2.3341002022E+006  1.5034340148E+004
  2.3358002021E+006  1.5034142946E+004
  2.3375001499E+006  1.5033936565E+004
  2.3392001574E+006  1.5033692839E+004
  2.3409001920E+006  1.5033385145E+004
  2.3426001234E+006  1.5033003039E+004
  2.3443000978E+006  1.5032549987E+004
  2.3460002265E+006  1.5032066814E+004
  2.3477002221E+006  1.5031634512E+004
  2.3494001509E+006  1.5031270662E+004
  2.3511002388E+006  1.5030997317E+004
  2.3528001844E+006  1.5030802602E+004
  2.3545001234E+006  1.5030660621E+004
  2.3562001734E+006  1.5030520407E+004
  2.3579001902E+006  1.5030327344E+004
  2.3596001685E+006  1.5030048595E+004
  2.3613001623E+006  1.5029673676E+004
  2.3630002711E+006  1.5029206376E+004
  2.3647002304E+006  1.5028659326E+004
  2.3664001517E+006  1.5028050824E+004
  2.3681001353E+006  1.5027402737E+004
  2.3698001722E+006  1.5026737939E+004
  2.3715002196E+006  1.5026066839E+004
  2.3732001994E+006  1.5025362973E+004
  2.3749001230E+006  1.5024600043E+004
  2.3766001906E+006  1.5023808219E+004
  2.3783002710E+006  1.5023023357E+004
  2.3800001608E+006  1.5022247745E+004
  2.3817001946E+006  1.5021468348E+004
  2.3834001589E+006  1.5020676504E+004
  2.3851001880E+006  1.5019873771E+004
  2.3868002124E+006  1.5019070519E+004
  2.3885001331E+006  1.5018268869E+004
  2.3902001576E+006  1.5017433876E+004
  2.3919001154E+006  1.5016517260E+004
  2.3936001749E+006  1.5015490192E+004
  2.3953001864E+006  1.5014346879E+004
  2.3970002199E+006  1.5013095964E+004
  2.3987002313E+006  1.5011754285E+004
  2.4004002168E+006  1.5010344216E+004
  2.4021001875E+006  1.5008892719E+004
  2.4038001715E+006  1.5007428486E+004
  2.4055001532E+006  1.5005959229E+004
  2.4072001435E+006  1.5004456510E+004
  2.4089001787E+006  1.5002899367E+004
  2.4106001516E+006  1.5001276312E+004
  2.4123001532E+006  1.4999634306E+004
  2.4140001454E+006  1.4997987435E+004
  2.4157001668E+006  1.4996331594E+004
  2.4174001600E+006  1.4994665005E+004
  2.4191001329E+006  1.4992995331E+004
  2.4208001843E+006  1.4991333909E+004
  2.4225001209E+006  1.4989663894E+004
  2.4242001902E+006  1.4987935665E+004
  2.4259001660E+006  1.4986109303E+004
  2.4276002303E+006  1.4984171455E+004
  2.4293002239E+006  1.4982130133E+004
  2.4310002590E+006  1.4980004063E+004
  2.4327002200E+006  1.4977817315E+004
  2.4344001871E+006  1.4975605001E+004
  2.4361001719E+006  1.4973407464E+004
  2.4378002140E+006  1.4971219816E+004
  2.4395001204E+006  1.4969060570E+004
  2.4412001383E+006  1.4966917336E+004
  2.4429001338E+006  1.4964793618E+004
  2.4446001716E+006  1.4962597967E+004
  2.4463001525E+006  1.4960353394E+004
  2.4480001884E+006  1.4958064024E+004
  2.4497002568E+006  1.4955743442E+004
  2.4514001567E+006  1.4953412706E+004
  2.4531001466E+006  1.4951091221E+004
  2.4548001974E+006  1.4948764431E+004
  2.4565001848E+006  1.4946399188E+004
  2.4582001353E+006  1.4943953571E+004
  2.4599001927E+006  1.4941418631E+004
  2.4616001799E+006  1.4938851805E+004
  2.4633001495E+006  1.4936290261E+004
  2.4650001948E+006  1.4933746921E+004
  2.4667001580E+006  1.4931227657E+004
  2.4684001307E+006  1.4928737777E+004
  2.4701001319E+006  1.4926259420E+004
  2.4718001598E+006  1.4923745194E+004
  2.4735001081E+006  1.4921154342E+004
  2.4752001639E+006  1.4918471153E+004
  2.4769002031E+006  1.4915710341E+004
  2.4786001339E+006  1.4912897043E+004
  2.4803001530E+006  1.4910025678E+004
  2.4820001352E+006  1.4907130382E+004
  2.4837001883E+006  1.4904241402E+004
  2.4854001311E+006  1.4901386894E+004
  2.4871001983E+006  1.4898565961E+004
  2.4888001384E+006  1.4895751285E+004
  2.4905001172E+006  1.4892915337E+004
  2.4922001403E+006  1.4890044757E+004
  2.4939001916E+006  1.4887139272E+004
  2.4956002433E+006  1.4884207123E+004
  2.4973001934E+006  1.4881261558E+004
  2.4990001466E+006  1.4878330791E+004
  2.5007001582E+006  1.4875422740E+004
  2.5024001835E+006  1.4872514886E+004
  2.5041002023E+006  1.4869598643E+004
  2.5058001111E+006  1.4866658347E+004
  2.5075001426E+006  1.4863686883E+004
  2.5092001411E+006  1.4860687730E+004
  2.5109001735E+006  1.4857678426E+004
  2.5126002376E+006  1.4854693108E+004
  2.5143001486E+006  1.4851753515E+004
  2.5160002042E+006  1.4848841403E+004
  2.5177002112E+006  1.4845913217E+004
  2.5194001663E+006  1.4842932893E+004
  2.5211001158E+006  1.4839885641E+004
  2.5228001800E+006  1.4836781656E+004
  2.5245001841E+006  1.4833639795E+004
  2.5262001670E+006  1.4830442157E+004
  2.5279001666E+006  1.4827219094E+004
  2.5296001874E+006  1.4823992344E+004
  2.5313002115E+006  1.4820763620E+004
  2.5330001656E+006  1.4817513813E+004
  2.5347001561E+006  1.4814225276E+004
  2.5364001235E+006  1.4810893220E+004
  2.5381001361E+006  1.4807521873E+004
  2.5398001489E+006  1.4804118571E+004
  2.5415001707E+006  1.4800689647E+004
  2.5432001412E+006  1.4797236120E+004
  2.5449001518E+006  1.4793745600E+004
  2.5466002052E+006  1.4790207086E+004
  2.5483001958E+006  1.4786621177E+004
  2.5500002092E+006  1.4782995687E+004
  2.5517001844E+006  1.4779348412E+004
  2.5534001692E+006  1.4775701970E+004
  2.5551001209E+006  1.4772024586E+004
  2.5568002247E+006  1.4768328622E+004
  2.5585001399E+006  1.4764613137E+004
  2.5602001491E+006  1.4760864705E+004
  2.5619001193E+006  1.4757067665E+004
  2.5636001536E+006  1.4753214963E+004
  2.5653001551E+006  1.4749317591E+004
  2.5670000978E+006  1.4745397744E+004
  2.5687000987E+006  1.4741470438E+004
  2.5704001201E+006  1.4737537629E+004
  2.5721002047E+006  1.4733587106E+004
  2.5738002055E+006  1.4729594306E+004
  2.5755002280E+006  1.4725535447E+004
  2.5772001112E+006  1.4721402692E+004
  2.5789001839E+006  1.4717204472E+004
  2.5806001771E+006  1.4712960173E+004
  2.5823001405E+006  1.4708690046E+004
  2.5840001253E+006  1.4704410344E+004
  2.5857001819E+006  1.4700121395E+004
  2.5874001495E+006  1.4695805228E+004
  2.5891001921E+006  1.4691438848E+004
  2.5908002166E+006  1.4687010405E+004
  2.5925001093E+006  1.4682526289E+004
  2.5942001936E+006  1.4678007120E+004
  2.5959001345E+006  1.4673474681E+004
  2.5976001148E+006  1.4668944247E+004
  2.5993001229E+006  1.4664428037E+004
  2.6010001496E+006  1.4659858795E+004
  2.6027001343E+006  1.4655236257E+004
  2.6044001804E+006  1.4650562675E+004
  2.6061001028E+006  1.4645844647E+004
  2.6078001570E+006  1.4641093935E+004
  2.6095001356E+006  1.4636325079E+004
  2.6112001038E+006  1.4631544457E+004
  2.6129001251E+006  1.4626745141E+004
  2.6146001634E+006  1.4621912795E+004
  2.6163002023E+006  1.4617035073E+004
  2.6180002024E+006  1.4612106395E+004
  2.6197002035E+006  1.4607130808E+004
  2.6214001686E+006  1.4602125091E+004
  2.6231001387E+006  1.4597113747E+004
  2.6248000997E+006  1.4592114630E+004
  2.6265000864E+006  1.4587128268E+004
  2.6282001401E+006  1.4582141589E+004
  2.6299001281E+006  1.4577138371E+004
  2.6316001184E+006  1.4572106644E+004
  2.6333001438E+006  1.4567044846E+004
  2.6350001930E+006  1.4561964232E+004
  2.6367001516E+006  1.4556885666E+004
  2.6384001681E+006  1.4551825897E+004
  2.6401001634E+006  1.4546788346E+004
  2.6418000884E+006  1.4541762599E+004
  2.6435001387E+006  1.4536730999E+004
  2.6452001548E+006  1.4531678978E+004
  2.6469001168E+006  1.4526600037E+004
  2.6486001326E+006  1.4521499970E+004
  2.6503001189E+006  1.4516397180E+004
  2.6520001183E+006  1.4511311414E+004
  2.6537001050E+006  1.4506251318E+004
  2.6554000836E+006  1.4501209881E+004
  2.6571001231E+006  1.4496169762E+004
  2.6588001683E+006  1.4491112489E+004
  2.6605001559E+006  1.4486027275E+004
  2.6622001211E+006  1.4480918696E+004
  2.6639001447E+006  1.4475807174E+004
  2.6656001149E+006  1.4470715760E+004
  2.6673001329E+006  1.4465652188E+004
  2.6690000980E+006  1.4460605925E+004
  2.6707001633E+006  1.4455554529E+004
  2.6724001867E+006  1.4450478580E+004
  2.6741001330E+006  1.4445372326E+004
  2.6758001646E+006  1.4440249253E+004
  2.6775001367E+006  1.4435140567E+004
  2.6792001339E+006  1.4430078087E+004
  2.6809000881E+006  1.4425076497E+004
  2.6826001347E+006  1.4420127807E+004
  2.6843001287E+006  1.4415211603E+004
  2.6860001665E+006  1.4410305366E+004
  2.6877001600E+006  1.4405395290E+004
  2.6894001762E+006  1.4400483032E+004
  2.6911001149E+006  1.4395587886E+004
  2.6928001334E+006  1.4390729946E+004
  2.6945000995E+006  1.4385912300E+004
  2.6962000809E+006  1.4381118206E+004
  2.6979000935E+006  1.4376323851E+004
  2.6996001073E+006  1.4371510976E+004
  2.7013001140E+006  1.4366675439E+004
  2.7030001145E+006  1.4361832899E+004
  2.7047001221E+006  1.4357015990E+004
  2.7064001341E+006  1.4352254699E+004
  2.7081001052E+006  1.4347555377E+004
  2.7098000964E+006  1.4342897834E+004
  2.7115001232E+006  1.4338248730E+004
  2.7132001241E+006  1.4333578480E+004
  2.7149001407E+006  1.4328874500E+004
  2.7166001578E+006  1.4324150146E+004
  2.7183001060E+006  1.4319438727E+004
  2.7200000981E+006  1.4314765253E+004
  2.7217001288E+006  1.4310127636E+004
  2.7234001122E+006  1.4305503074E+004
  2.7251001646E+006  1.4300865474E+004
  2.7268001690E+006  1.4296204563E+004
  2.7285001616E+006  1.4291537193E+004
  2.7302001814E+006  1.4286906560E+004
  2.7319001247E+006  1.4282358735E+004
  2.7336001254E+006  1.4277908934E+004
  2.7353001365E+006  1.4273534936E+004
  2.7370001200E+006  1.4269193633E+004
  2.7387001259E+006  1.4264843391E+004
  2.7404000957E+006  1.4260461598E+004
  2.7421001263E+006  1.4256054316E+004
  2.7438000992E+006  1.4251654535E+004
  2.7455001147E+006  1.4247290819E+004
  2.7472000806E+006  1.4242961338E+004
  2.7489001014E+006  1.4238638464E+004
  2.7506001226E+006  1.4234293462E+004
  2.7523001323E+006  1.4229916497E+004
  2.7540001784E+006  1.4225525181E+004
  2.7557001036E+006  1.4221163457E+004
  2.7574001452E+006  1.4216876237E+004
  2.7591000797E+006  1.4212675033E+004
  2.7608001309E+006  1.4208528665E+004
  2.7625001182E+006  1.4204386934E+004
  2.7642001678E+006  1.4200205260E+004
  2.7659001533E+006  1.4195966761E+004
  2.7676001186E+006  1.4191693511E+004
  2.7693001686E+006  1.4187434689E+004
  2.7710001043E+006  1.4183265890E+004
  2.7727000921E+006  1.4179121891E+004
  2.7744000763E+006  1.4174966030E+004
  2.7761001457E+006  1.4170780554E+004
  2.7778001263E+006  1.4166566663E+004
  2.7795001399E+006  1.4162360697E+004
  2.7812001200E+006  1.4158229788E+004
  2.7829001346E+006  1.4154223907E+004
  2.7846000758E+006  1.4150338545E+004
  2.7863000691E+006  1.4146525240E+004
  2.7880001352E+006  1.4142726043E+004
  2.7897001249E+006  1.4138903468E+004
  2.7914001234E+006  1.4135058041E+004
  2.7931001626E+006  1.4131226869E+004
  2.7948000832E+006  1.4127443473E+004
  2.7965001104E+006  1.4123734999E+004
  2.7982000932E+006  1.4120030322E+004
  2.7999001268E+006  1.4116263126E+004
  2.8016000927E+006  1.4112439472E+004
  2.8033001407E+006  1.4108599596E+004
  2.8050001294E+006  1.4104817345E+004
  2.8067000908E+006  1.4101154154E+004
  2.8084001217E+006  1.4097613457E+004
  2.8101001176E+006  1.4094149412E+004
  2.8118000727E+006  1.4090701615E+004
  2.8135001155E+006  1.4087228236E+004
  2.8152000997E+006  1.4083731750E+004
  2.8169001173E+006  1.4080256539E+004
  2.8186000959E+006  1.4076841710E+004
  2.8203001067E+006  1.4073500055E+004
  2.8220000897E+006  1.4070184879E+004
  2.8237001368E+006  1.4066798923E+004
  2.8254001521E+006  1.4063361849E+004
  2.8271001635E+006  1.4059930688E+004
  2.8288001234E+006  1.4056598652E+004
  2.8305001049E+006  1.4053437934E+004
  2.8322000921E+006  1.4050449230E+004
  2.8339000944E+006  1.4047579830E+004
  2.8356001236E+006  1.4044768697E+004
  2.8373001122E+006  1.4041984105E+004
  2.8390001147E+006  1.4039246558E+004
  2.8407000844E+006  1.4036605158E+004
  2.8424000730E+006  1.4034053998E+004
  2.8441000879E+006  1.4031545551E+004
  2.8458000719E+006  1.4028992604E+004
  2.8475001313E+006  1.4026310539E+004
  2.8492001411E+006  1.4023557922E+004
  2.8509001004E+006  1.4020838693E+004
  2.8526001100E+006  1.4018245553E+004
  2.8543001221E+006  1.4015782847E+004
  2.8560000685E+006  1.4013393262E+004
  2.8577001367E+006  1.4011023342E+004
  2.8594001367E+006  1.4008659001E+004
  2.8611000777E+006  1.4006337625E+004
  2.8628001251E+006  1.4004136888E+004
  2.8645001016E+006  1.4002088758E+004
  2.8662000781E+006  1.4000117159E+004
  2.8679000794E+006  1.3998126365E+004
  2.8696000820E+006  1.3996065130E+004
  2.8713001227E+006  1.3993881754E+004
  2.8730000976E+006  1.3991710166E+004
  2.8747000782E+006  1.3989668176E+004
  2.8764000894E+006  1.3987772437E+004
  2.8781000963E+006  1.3985965928E+004
  2.8798001308E+006  1.3984198718E+004
  2.8815000877E+006  1.3982473832E+004
  2.8832001200E+006  1.3980859764E+004
  2.8849000840E+006  1.3979452200E+004
  2.8866000630E+006  1.3978262378E+004
  2.8883000788E+006  1.3977190245E+004
  2.8900000797E+006  1.3976106176E+004
  2.8917001318E+006  1.3974939946E+004
  2.8934001002E+006  1.3973757192E+004
  2.8951000783E+006  1.3972691329E+004
  2.8968000726E+006  1.3971730366E+004
  2.8985000691E+006  1.3970837281E+004
  2.9002000915E+006  1.3969899579E+004
  2.9019001140E+006  1.3968870268E+004
  2.9036000950E+006  1.3967829103E+004
  2.9053001037E+006  1.3966951335E+004
  2.9070001254E+006  1.3966356954E+004
  2.9087001057E+006  1.3965987133E+004
  2.9104000750E+006  1.3965724755E+004
  2.9121001214E+006  1.3965496550E+004
  2.9138001044E+006  1.3965339161E+004
  2.9155000733E+006  1.3965377753E+004
  2.9172001143E+006  1.3965675361E+004
  2.9189000752E+006  1.3966140522E+004
  2.9206000870E+006  1.3966691102E+004
  2.9223000779E+006  1.3967201700E+004
  2.9240000985E+006  1.3967751932E+004
  2.9257000711E+006  1.3968559747E+004
  2.9274000923E+006  1.3969704870E+004
  2.9291000823E+006  1.3971102520E+004
  2.9308001002E+006  1.3972659078E+004
  2.9325000676E+006  1.3974392781E+004
  2.9342001127E+006  1.3976454314E+004
  2.9359000653E+006  1.3978974067E+004
  2.9376000532E+006  1.3981890250E+004
  2.9393001063E+006  1.3985044380E+004
  2.9410000680E+006  1.3988363303E+004
  2.9427000764E+006  1.3991949860E+004
  2.9444000820E+006  1.3995982398E+004
  2.9461000840E+006  1.4000521085E+004
  2.9478000633E+006  1.4005330571E+004
  2.9495000970E+006  1.4010305224E+004
  2.9512000673E+006  1.4015583972E+004
  2.9529000762E+006  1.4021391236E+004
  2.9546000656E+006  1.4027748727E+004
  2.9563000585E+006  1.4034490761E+004
  2.9580000748E+006  1.4041508694E+004
  2.9597000982E+006  1.4048890761E+004
  2.9614000718E+006  1.4056728379E+004
  2.9631000990E+006  1.4064856190E+004
  2.9648001092E+006  1.4073006853E+004
  2.9665001014E+006  1.4081135610E+004
  2.9682000680E+006  1.4089168524E+004
  2.9699000581E+006  1.4096992520E+004
  2.9716000755E+006  1.4104321305E+004
  2.9733000767E+006  1.4110931296E+004
  2.9750001171E+006  1.4116826493E+004
  2.9767000954E+006  1.4122078652E+004
  2.9784000801E+006  1.4126546260E+004
  2.9801000814E+006  1.4129980791E+004
  2.9818001221E+006  1.4132257085E+004
  2.9835001219E+006  1.4133485400E+004
  2.9852001059E+006  1.4133887985E+004
  2.9869000693E+006  1.4133396085E+004
  2.9886000734E+006  1.4131919067E+004
  2.9903000838E+006  1.4129373473E+004
  2.9920000730E+006  1.4125805919E+004
  2.9937001241E+006  1.4121415851E+004
  2.9954001202E+006  1.4116515560E+004
  2.9971000859E+006  1.4111309455E+004
  2.9988000913E+006  1.4105746046E+004
  3.0005000912E+006  1.4099692659E+004
  3.0022000997E+006  1.4093116979E+004
  3.0039000934E+006  1.4086147838E+004
  3.0056000862E+006  1.4079070229E+004
  3.0073001110E+006  1.4072197767E+004
  3.0090000715E+006  1.4065583661E+004
  3.0107000862E+006  1.4059048691E+004
  3.0124001045E+006  1.4052441151E+004
  3.0141000953E+006  1.4045792728E+004
  3.0158001028E+006  1.4039333808E+004
  3.0175000918E+006  1.4033287982E+004
  3.0192000808E+006  1.4027561738E+004
  3.0209000483E+006  1.4021881704E+004
  3.0226000689E+006  1.4016079904E+004
  3.0243001314E+006  1.4010224260E+004
  3.0260001283E+006  1.4004574408E+004
  3.0277000679E+006  1.3999260082E+004
  3.0294001051E+006  1.3994069190E+004
  3.0311000667E+006  1.3988722287E+004
  3.0328001062E+006  1.3983136700E+004
  3.0345000908E+006  1.3977502877E+004
  3.0362001174E+006  1.3972133038E+004
  3.0379000642E+006  1.3967039700E+004
  3.0396000866E+006  1.3962073671E+004
  3.0413001078E+006  1.3957009215E+004
  3.0430000982E+006  1.3951839126E+004
  3.0447000828E+006  1.3946796277E+004
  3.0464001209E+006  1.3942131794E+004
  3.0481001063E+006  1.3937715519E+004
  3.0498000693E+006  1.3933209941E+004
  3.0515000921E+006  1.3928436509E+004
  3.0532000839E+006  1.3923482410E+004
  3.0549000932E+006  1.3918654589E+004
  3.0566000865E+006  1.3914127345E+004
  3.0583000755E+006  1.3909654090E+004
  3.0600000633E+006  1.3904926694E+004
  3.0617000878E+006  1.3899893209E+004
  3.0634001221E+006  1.3894800880E+004
  3.0651000749E+006  1.3890030687E+004
  3.0668000932E+006  1.3885610361E+004
  3.0685000757E+006  1.3881223530E+004
  3.0702001081E+006  1.3876645454E+004
  3.0719000795E+006  1.3871936116E+004
  3.0736001149E+006  1.3867415752E+004
  3.0753001125E+006  1.3863305591E+004
  3.0770000751E+006  1.3859340751E+004
  3.0787000754E+006  1.3855137727E+004
  3.0804000865E+006  1.3850573920E+004
  3.0821000728E+006  1.3845886363E+004
  3.0838000960E+006  1.3841499263E+004
  3.0855000699E+006  1.3837399586E+004
  3.0872000667E+006  1.3833174815E+004
  3.0889000716E+006  1.3828600733E+004
  3.0906001009E+006  1.3823886594E+004
  3.0923000775E+006  1.3819548566E+004
  3.0940001030E+006  1.3815830867E+004
  3.0957000585E+006  1.3812361422E+004
  3.0974000572E+006  1.3808730843E+004
  3.0991001150E+006  1.3804880786E+004
  3.1008000599E+006  1.3801113228E+004
  3.1025000642E+006  1.3797749376E+004
  3.1042000751E+006  1.3794540397E+004
  3.1059000519E+006  1.3791026160E+004
  3.1076000890E+006  1.3787050696E+004
  3.1093000901E+006  1.3782866535E+004
  3.1110000788E+006  1.3778954034E+004
  3.1127000911E+006  1.3775294163E+004
  3.1144000752E+006  1.3771401762E+004
  3.1161001032E+006  1.3767035847E+004
  3.1178000695E+006  1.3762440402E+004
  3.1195000900E+006  1.3758216718E+004
  3.1212000594E+006  1.3754596957E+004
  3.1229000673E+006  1.3751112795E+004
  3.1246000419E+006  1.3747353875E+004
  3.1263001054E+006  1.3743361202E+004
  3.1280000791E+006  1.3739589953E+004
  3.1297000972E+006  1.3736323950E+004
  3.1314000554E+006  1.3733093700E+004
  3.1331000761E+006  1.3729392217E+004
  3.1348000809E+006  1.3725182266E+004
  3.1365000957E+006  1.3720931781E+004
  3.1382000672E+006  1.3717152249E+004
  3.1399000588E+006  1.3713554013E+004
  3.1416000508E+006  1.3709634173E+004
  3.1433001043E+006  1.3705380279E+004
  3.1450000935E+006  1.3701323354E+004
  3.1467000944E+006  1.3698066027E+004
  3.1484000956E+006  1.3695245112E+004
  3.1501000515E+006  1.3692132888E+004
  3.1518000743E+006  1.3688627266E+004
  3.1535000619E+006  1.3685184419E+004
  3.1552000870E+006  1.3682395036E+004
  3.1569000799E+006  1.3679912416E+004
  3.1586000648E+006  1.3676895548E+004
  3.1603000871E+006  1.3673165962E+004
  3.1620000948E+006  1.3669278057E+004
  3.1637000777E+006  1.3665949721E+004
  3.1654000673E+006  1.3662882958E+004
  3.1671000779E+006  1.3659204913E+004
  3.1688000718E+006  1.3654754818E+004
  3.1705000903E+006  1.3650251437E+004
  3.1722000858E+006  1.3646587967E+004
  3.1739000593E+006  1.3643488341E+004
  3.1756000742E+006  1.3640090759E+004
  3.1773000565E+006  1.3636189102E+004
  3.1790000682E+006  1.3632427096E+004
  3.1807000808E+006  1.3629565566E+004
  3.1824000787E+006  1.3627100641E+004
  3.1841000567E+006  1.3624062958E+004
  3.1858000520E+006  1.3620304875E+004
  3.1875000929E+006  1.3616554737E+004
  3.1892000510E+006  1.3613554204E+004
  3.1909000435E+006  1.3610667943E+004
  3.1926000389E+006  1.3607005634E+004
  3.1943000754E+006  1.3602694506E+004
  3.1960000761E+006  1.3598784923E+004
  3.1977000773E+006  1.3595998035E+004
  3.1994000425E+006  1.3593476075E+004
  3.2011000519E+006  1.3590407983E+004
  3.2028000523E+006  1.3586949515E+004
  3.2045000547E+006  1.3584087014E+004
  3.2062000869E+006  1.3582177595E+004
  3.2079000678E+006  1.3580115323E+004
  3.2096000380E+006  1.3577214814E+004
  3.2113000614E+006  1.3573918551E+004
  3.2130000591E+006  1.3571306888E+004
  3.2147000574E+006  1.3569310568E+004
  3.2164000400E+006  1.3566696827E+004
  3.2181000681E+006  1.3563070894E+004
  3.2198000502E+006  1.3559197363E+004
  3.2215000554E+006  1.3556190720E+004
  3.2232000713E+006  1.3553459370E+004
  3.2249000525E+006  1.3549959178E+004
  3.2266000580E+006  1.3545896383E+004
  3.2283000547E+006  1.3542378597E+004
  3.2300000534E+006  1.3540137231E+004
  3.2317000393E+006  1.3537929719E+004
  3.2334000402E+006  1.3534866890E+004
  3.2351000506E+006  1.3531497846E+004
  3.2368000507E+006  1.3529125784E+004
  3.2385000500E+006  1.3527570616E+004
  3.2402000506E+006  1.3525251799E+004
  3.2419000566E+006  1.3521854160E+004
  3.2436000874E+006  1.3518494675E+004
  3.2453000542E+006  1.3516291121E+004
  3.2470000482E+006  1.3514128262E+004
  3.2487000479E+006  1.3510862982E+004
  3.2504000522E+006  1.3507089213E+004
  3.2521000791E+006  1.3504370417E+004
  3.2538000631E+006  1.3502946894E+004
  3.2555000448E+006  1.3501078850E+004
  3.2572000607E+006  1.3498248824E+004
  3.2589000866E+006  1.3495494513E+004
  3.2606000452E+006  1.3494117938E+004
  3.2623000632E+006  1.3493002320E+004
  3.2640000373E+006  1.3490785095E+004
  3.2657000796E+006  1.3487880833E+004
  3.2674000714E+006  1.3485823539E+004
  3.2691000442E+006  1.3484696151E+004
  3.2708000680E+006  1.3482653581E+004
  3.2725000546E+006  1.3479347735E+004
  3.2742000800E+006  1.3476126304E+004
  3.2759000531E+006  1.3474242577E+004
  3.2776000619E+006  1.3472143966E+004
  3.2793000530E+006  1.3468673387E+004
  3.2810000652E+006  1.3464840568E+004
  3.2827000784E+006  1.3462534174E+004
  3.2844000448E+006  1.3461247408E+004
  3.2861000628E+006  1.3458911452E+004
  3.2878000596E+006  1.3455667965E+004
  3.2895000773E+006  1.3453304196E+004
  3.2912000694E+006  1.3452458101E+004
  3.2929000512E+006  1.3450896606E+004
  3.2946000698E+006  1.3447883395E+004
  3.2963000616E+006  1.3444958601E+004
  3.2980000687E+006  1.3443791760E+004
  3.2997000598E+006  1.3442532053E+004
  3.3014000515E+006  1.3439649272E+004
  3.3031000597E+006  1.3436325048E+004
  3.3048000586E+006  1.3434873704E+004
  3.3065000544E+006  1.3434250415E+004
  3.3082000387E+006  1.3432226584E+004
  3.3099000593E+006  1.3429347208E+004
  3.3116000706E+006  1.3427858655E+004
  3.3133000667E+006  1.3427490317E+004
  3.3150000374E+006  1.3425714790E+004
  3.3167000634E+006  1.3422760058E+004
  3.3184000722E+006  1.3420840105E+004
  3.3201000460E+006  1.3420528043E+004
  3.3218000344E+006  1.3418955701E+004
  3.3235000656E+006  1.3415863402E+004
  3.3252000526E+006  1.3413326012E+004
  3.3269000522E+006  1.3412678761E+004
  3.3286000575E+006  1.3411057934E+004
  3.3303000492E+006  1.3407608949E+004
  3.3320000705E+006  1.3404473677E+004
  3.3337000374E+006  1.3403534205E+004
  3.3354000558E+006  1.3402068105E+004
  3.3371000371E+006  1.3398787264E+004
  3.3388000556E+006  1.3395732647E+004
  3.3405000688E+006  1.3395081396E+004
  3.3422000439E+006  1.3394042691E+004
  3.3439000375E+006  1.3390906497E+004
  3.3456000621E+006  1.3387763398E+004
  3.3473000398E+006  1.3387114469E+004
  3.3490000607E+006  1.3386222558E+004
  3.3507000274E+006  1.3383158993E+004
  3.3524000486E+006  1.3380029404E+004
  3.3541000681E+006  1.3379513339E+004
  3.3558000354E+006  1.3378857202E+004
  3.3575000372E+006  1.3376157330E+004
  3.3592000358E+006  1.3373687656E+004
  3.3609000506E+006  1.3374064020E+004
  3.3626000540E+006  1.3373993731E+004
  3.3643000264E+006  1.3371437350E+004
  3.3660000688E+006  1.3368922355E+004
  3.3677000349E+006  1.3369271758E+004
  3.3694000334E+006  1.3368855393E+004
  3.3711000284E+006  1.3365925794E+004
  3.3728000472E+006  1.3363351750E+004
  3.3745000507E+006  1.3363535877E+004
  3.3762000496E+006  1.3362297526E+004
  3.3779000329E+006  1.3358508500E+004
  3.3796000606E+006  1.3355639850E+004
  3.3813000368E+006  1.3355526166E+004
  3.3830000498E+006  1.3353505226E+004
  3.3847000492E+006  1.3349267076E+004
  3.3864000591E+006  1.3346876075E+004
  3.3881000560E+006  1.3347041875E+004
  3.3898000291E+006  1.3344843944E+004
  3.3915000351E+006  1.3341183046E+004
  3.3932000365E+006  1.3340472746E+004
  3.3949000597E+006  1.3341084770E+004
  3.3966000337E+006  1.3338419159E+004
  3.3983000578E+006  1.3334823935E+004
  3.4000000530E+006  1.3334785322E+004
  3.4017000462E+006  1.3334475990E+004
  3.4034000282E+006  1.3330683179E+004
  3.4051000486E+006  1.3327411792E+004
  3.4068000504E+006  1.3327928076E+004
  3.4085000343E+006  1.3326377883E+004
  3.4102000346E+006  1.3322245800E+004
  3.4119000344E+006  1.3320767467E+004
  3.4136000567E+006  1.3322283379E+004
  3.4153000493E+006  1.3320535226E+004
  3.4170000483E+006  1.3317170808E+004
  3.4187000381E+006  1.3317531058E+004
  3.4204000498E+006  1.3318282756E+004
  3.4221000291E+006  1.3315307929E+004
  3.4238000450E+006  1.3312825929E+004
  3.4255000441E+006  1.3314528349E+004
  3.4272000330E+006  1.3313550778E+004
  3.4289000334E+006  1.3309455150E+004
  3.4306000366E+006  1.3308189851E+004
  3.4323000528E+006  1.3309039195E+004
  3.4340000450E+006  1.3305407462E+004
  3.4357000443E+006  1.3300888056E+004
  3.4374000552E+006  1.3301182819E+004
  3.4391000425E+006  1.3299819346E+004
  3.4408000317E+006  1.3294440121E+004
  3.4425000294E+006  1.3291740648E+004
  3.4442000462E+006  1.3292938437E+004
  3.4459000303E+006  1.3289768074E+004
  3.4476000363E+006  1.3285362113E+004
  3.4493000277E+006  1.3286280595E+004
  3.4510000441E+006  1.3285919767E+004
  3.4527000265E+006  1.3281276169E+004
  3.4544000367E+006  1.3279446666E+004
  3.4561000357E+006  1.3281313037E+004
  3.4578000400E+006  1.3277963232E+004
  3.4595000327E+006  1.3273431902E+004
  3.4612000426E+006  1.3274871465E+004
  3.4629000363E+006  1.3273952713E+004
  3.4646000189E+006  1.3268600073E+004
  3.4663000383E+006  1.3267662244E+004
  3.4680000414E+006  1.3269920479E+004
  3.4697000262E+006  1.3266386050E+004
  3.4714000475E+006  1.3263452800E+004
  3.4731000272E+006  1.3266737471E+004
  3.4748000255E+006  1.3264914183E+004
  3.4765000265E+006  1.3259741328E+004
  3.4782000379E+006  1.3261176954E+004
  3.4799000363E+006  1.3261840725E+004
  3.4816000193E+006  1.3256315347E+004
  3.4833000299E+006  1.3254387693E+004
  3.4850000328E+006  1.3256662142E+004
  3.4867000218E+006  1.3251814092E+004
  3.4884000442E+006  1.3247055031E+004
  3.4901000372E+006  1.3249545487E+004
  3.4918000393E+006  1.3246055216E+004
  3.4935000260E+006  1.3239305902E+004
  3.4952000262E+006  1.3240521859E+004
  3.4969000397E+006  1.3239277668E+004
  3.4986000308E+006  1.3232164559E+004
  3.5003000448E+006  1.3231833537E+004
  3.5020000399E+006  1.3233509906E+004
  3.5037000214E+006  1.3227360007E+004
  3.5054000252E+006  1.3225214781E+004
  3.5071000329E+006  1.3228571371E+004
  3.5088000297E+006  1.3222943566E+004
  3.5105000288E+006  1.3218513027E+004
  3.5122000287E+006  1.3222324512E+004
  3.5139000225E+006  1.3217454526E+004
  3.5156000363E+006  1.3211316492E+004
  3.5173000432E+006  1.3215171656E+004
  3.5190000238E+006  1.3212059331E+004
  3.5207000380E+006  1.3205498007E+004
  3.5224000265E+006  1.3209415641E+004
  3.5241000243E+006  1.3208455533E+004
  3.5258000159E+006  1.3201813262E+004
  3.5275000301E+006  1.3205232108E+004
  3.5292000363E+006  1.3205523833E+004
  3.5309000182E+006  1.3198269025E+004
  3.5326000403E+006  1.3200284979E+004
