  0.0000000000E+000  0.0000000000E+000
  1.7022903710E+003  1.1942140804E+008
  3.4042480008E+003  5.4950107983E+007
  5.1053681142E+003  3.7052319039E+007
  6.8065868297E+003  1.2919272363E+007
  8.5078937876E+003  1.1320997640E+006
  1.0216292220E+004  1.1776339909E+006
  1.1917914388E+004  9.2939106599E+005
  1.3633288307E+004  4.8749846797E+005
  1.5339280223E+004  1.0387973173E+005
  1.7044359634E+004  1.0558432783E+005
  1.8747144616E+004  1.0590235783E+005
  2.0440007546E+004  1.0669026686E+005
  2.2165935009E+004  1.0676306715E+005
  2.3888562425E+004  1.0551311969E+005
  2.5588118977E+004  1.0697110722E+005
  2.7272762668E+004  1.0702003287E+005
  2.9031875365E+004  1.0449009053E+005
  3.0758881251E+004  1.0168574462E+005
  3.2407095267E+004  1.0015798167E+005
  3.4117095267E+004  1.0027628241E+005
  3.5827095267E+004  9.7744649411E+004
  3.7537095267E+004  9.4997029493E+004
  3.9247095267E+004  9.2932608809E+004
  4.0957095267E+004  9.3359440302E+004
  4.2667095267E+004  9.2680796256E+004
  4.4377095267E+004  9.1659765338E+004
  4.6087095267E+004  9.1107257966E+004
  4.7702095267E+004  9.1873833540E+004
  4.9412095267E+004  9.2388782218E+004
  5.1122095267E+004  9.2359624193E+004
  5.2832095267E+004  9.1857720507E+004
  5.4542095267E+004  9.1720930777E+004
  5.6252095267E+004  9.2103592993E+004
  5.7962095267E+004  9.1952281982E+004
  5.9672095267E+004  9.1224800321E+004
  6.1310059917E+004  9.0497642939E+004
  6.3085269316E+004  9.0255989935E+004
  6.4700269316E+004  8.9879383143E+004
  6.6410269316E+004  8.8983474542E+004
  6.8120269316E+004  8.7942787292E+004
  6.9830269316E+004  8.7736585194E+004
  7.1540269316E+004  8.7405550894E+004
  7.3250269316E+004  8.6798487996E+004
  7.4960269316E+004  8.6315899173E+004
  7.6670269316E+004  8.6220459426E+004
  7.8380269316E+004  8.6060916644E+004
  7.9995269316E+004  8.5654281500E+004
  8.1705269316E+004  8.5359530522E+004
  8.3415269316E+004  8.5232852923E+004
  8.5125269316E+004  8.4995389739E+004
  8.6835269316E+004  8.4599041435E+004
  8.8545269316E+004  8.4385727009E+004
  9.0255269316E+004  8.4208259153E+004
  9.1965269316E+004  8.3918874468E+004
  9.3649537811E+004  8.3692434548E+004
  9.5295159747E+004  8.3561197073E+004
  9.6971021164E+004  8.3422345529E+004
  9.8680491880E+004  8.3216985803E+004
  1.0034966678E+005  8.3141120801E+004
  1.0202795370E+005  8.3061168464E+004
  1.0373318072E+005  8.2965404707E+004
  1.0542104686E+005  8.2931938070E+004
  1.0711365644E+005  8.2915243617E+004
  1.0880794608E+005  8.2902697167E+004
  1.1050316525E+005  8.2915289960E+004
  1.1220175102E+005  8.3020137226E+004
  1.1390231605E+005  8.3082995486E+004
  1.1560195742E+005  8.3151063476E+004
  1.1730173326E+005  8.3340293228E+004
  1.1900286812E+005  8.3525826553E+004
  1.2070218408E+005  8.3688491037E+004
  1.2240202780E+005  8.3876869842E+004
  1.2410181377E+005  8.4226188513E+004
  1.2580230214E+005  8.4530905833E+004
  1.2750240922E+005  8.4814359387E+004
  1.2920223943E+005  8.5174835026E+004
  1.3090194306E+005  8.5645104526E+004
  1.3260251840E+005  8.6087459353E+004
  1.3430162948E+005  8.6513824933E+004
  1.3600199424E+005  8.6998362943E+004
  1.3770176087E+005  8.7607300482E+004
  1.3940250097E+005  8.8191272049E+004
  1.4110149811E+005  8.8763515804E+004
  1.4280194734E+005  8.9328206561E+004
  1.4450233577E+005  9.0034648997E+004
  1.4620171155E+005  9.0736990103E+004
  1.4790256929E+005  9.1417360378E+004
  1.4960181909E+005  9.2085651766E+004
  1.5130152938E+005  9.2765725124E+004
  1.5300166218E+005  9.3555600516E+004
  1.5470184716E+005  9.4322161284E+004
  1.5640141301E+005  9.5070146933E+004
  1.5810142545E+005  9.5796859379E+004
  1.5980208085E+005  9.6512637349E+004
  1.6150172668E+005  9.7333525272E+004
  1.6320166664E+005  9.8147561325E+004
  1.6490191095E+005  9.8940660793E+004
  1.6660184183E+005  9.9718970403E+004
  1.6830211475E+005  1.0047925147E+005
  1.7000176572E+005  1.0123655012E+005
  1.7170169501E+005  1.0209575638E+005
  1.7340130673E+005  1.0293682976E+005
  1.7510190707E+005  1.0375806494E+005
  1.7680176438E+005  1.0456504620E+005
  1.7850168015E+005  1.0536255042E+005
  1.8020162032E+005  1.0614813025E+005
  1.8190120041E+005  1.0701374459E+005
  1.8360197825E+005  1.0788800459E+005
  1.8530162024E+005  1.0875167679E+005
  1.8700116270E+005  1.0960228701E+005
  1.8870108958E+005  1.1044252319E+005
  1.9040166973E+005  1.1127764313E+005
  1.9210176236E+005  1.1211002383E+005
  1.9380135410E+005  1.1303778858E+005
  1.9550129471E+005  1.1395322785E+005
  1.9720170747E+005  1.1486098009E+005
  1.9890104364E+005  1.1576336028E+005
  2.0060173005E+005  1.1666231054E+005
  2.0230189613E+005  1.1755423980E+005
  2.0400107752E+005  1.1844341208E+005
  2.0570131562E+005  1.1939086727E+005
  2.0740106828E+005  1.2037176413E+005
  2.0910144649E+005  1.2134695988E+005
  2.1080173522E+005  1.2231516353E+005
  2.1250119255E+005  1.2327956519E+005
  2.1420191546E+005  1.2424372880E+005
  2.1590126531E+005  1.2520792979E+005
  2.1760127986E+005  1.2617156330E+005
  2.1930126704E+005  1.2718153796E+005
  2.2100133197E+005  1.2822227996E+005
  2.2270169419E+005  1.2926152940E+005
  2.2440154914E+005  1.3029952635E+005
  2.2610105646E+005  1.3133564342E+005
  2.2780139543E+005  1.3236742244E+005
  2.2950173960E+005  1.3339687954E+005
  2.3120136116E+005  1.3442549155E+005
  2.3290136658E+005  1.3545516436E+005
  2.3460101961E+005  1.3655124847E+005
  2.3630145001E+005  1.3764794556E+005
  2.3800190644E+005  1.3873827113E+005
  2.3970163895E+005  1.3982381081E+005
  2.4140180341E+005  1.4090599779E+005
  2.4310169831E+005  1.4198481085E+005
  2.4480159169E+005  1.4306073269E+005
  2.4650177137E+005  1.4413176283E+005
  2.4820156870E+005  1.4519554576E+005
  2.4990129301E+005  1.4629826831E+005
  2.5160125223E+005  1.4741258619E+005
  2.5330177715E+005  1.4851964028E+005
  2.5500129883E+005  1.4961856547E+005
  2.5670112642E+005  1.5070888801E+005
  2.5840163540E+005  1.5178702372E+005
  2.6010130806E+005  1.5285334740E+005
  2.6180152477E+005  1.5390968095E+005
  2.6350180476E+005  1.5495597572E+005
  2.6520178474E+005  1.5600021445E+005
  2.6690124336E+005  1.5708270776E+005
  2.6860116523E+005  1.5814842123E+005
  2.7030194053E+005  1.5919754799E+005
  2.7200160236E+005  1.6023026892E+005
  2.7370161265E+005  1.6124789551E+005
  2.7540198911E+005  1.6225013490E+005
  2.7710114316E+005  1.6323577501E+005
  2.7880161007E+005  1.6420392687E+005
  2.8050168015E+005  1.6515096087E+005
  2.8220207272E+005  1.6611100302E+005
  2.8390161177E+005  1.6707384233E+005
  2.8560199040E+005  1.6801622698E+005
  2.8730174334E+005  1.6893784964E+005
  2.8900164927E+005  1.6983803026E+005
  2.9070122316E+005  1.7071229474E+005
  2.9240134887E+005  1.7156177068E+005
  2.9410234303E+005  1.7238738387E+005
  2.9580171730E+005  1.7318818523E+005
  2.9750221683E+005  1.7398336322E+005
  2.9920207953E+005  1.7478968135E+005
  3.0090127061E+005  1.7556484080E+005
  3.0260116364E+005  1.7631115362E+005
  3.0430219063E+005  1.7703009625E+005
  3.0600176709E+005  1.7772142106E+005
  3.0770134380E+005  1.7838573201E+005
  3.0940117108E+005  1.7902099780E+005
  3.1110219169E+005  1.7962447276E+005
  3.1280143308E+005  1.8023255979E+005
  3.1450150181E+005  1.8083529263E+005
  3.1620170019E+005  1.8140877450E+005
  3.1790198473E+005  1.8195340250E+005
  3.1960175172E+005  1.8246556829E+005
  3.2130151265E+005  1.8294662308E+005
  3.2300161902E+005  1.8339858601E+005
  3.2470224421E+005  1.8382211068E+005
  3.2640182262E+005  1.8424638077E+005
  3.2810130320E+005  1.8467340551E+005
  3.2980177517E+005  1.8506832898E+005
  3.3150192673E+005  1.8543370094E+005
  3.3320236316E+005  1.8577131417E+005
  3.3490224717E+005  1.8608269784E+005
  3.3660216277E+005  1.8636577404E+005
  3.3830125834E+005  1.8662092828E+005
  3.4000165057E+005  1.8691090070E+005
  3.4170183941E+005  1.8718618725E+005
  3.4340170147E+005  1.8744105005E+005
  3.4510127549E+005  1.8767352536E+005
  3.4680137656E+005  1.8788743076E+005
  3.4850213836E+005  1.8808756631E+005
  3.5020188097E+005  1.8827699478E+005
  3.5190237163E+005  1.8850908761E+005
  3.5360126762E+005  1.8874695801E+005
  3.5530124290E+005  1.8897738287E+005
  3.5700225946E+005  1.8920377218E+005
  3.5870198272E+005  1.8942879675E+005
  3.6040168840E+005  1.8965146791E+005
  3.6210156362E+005  1.8987376697E+005
  3.6380142637E+005  1.9015528674E+005
  3.6550224787E+005  1.9045275754E+005
  3.6720153424E+005  1.9075355076E+005
  3.6890222355E+005  1.9105626255E+005
  3.7060226486E+005  1.9136386675E+005
  3.7230204787E+005  1.9167890161E+005
  3.7400183054E+005  1.9200298375E+005
  3.7570234566E+005  1.9239064891E+005
  3.7740181559E+005  1.9278728815E+005
  3.7910120265E+005  1.9319010010E+005
  3.8080142852E+005  1.9360070325E+005
  3.8250191880E+005  1.9401895448E+005
  3.8420182353E+005  1.9444157148E+005
  3.8590160254E+005  1.9487055667E+005
  3.8760136477E+005  1.9536075700E+005
  3.8930201226E+005  1.9586033377E+005
  3.9100136883E+005  1.9636235187E+005
  3.9270157768E+005  1.9686574690E+005
  3.9440226889E+005  1.9737239252E+005
  3.9610121719E+005  1.9788261280E+005
  3.9780152194E+005  1.9839741404E+005
  3.9950144848E+005  1.9895904564E+005
  4.0120219608E+005  1.9952719486E+005
  4.0290115382E+005  2.0009396847E+005
  4.0460192250E+005  2.0066115306E+005
  4.0630216923E+005  2.0122749074E+005
  4.0800115163E+005  2.0178980081E+005
  4.0970184324E+005  2.0235047415E+005
  4.1140183327E+005  2.0294613852E+005
  4.1310200039E+005  2.0355286777E+005
  4.1480196615E+005  2.0415514055E+005
  4.1650183776E+005  2.0475155289E+005
  4.1820118367E+005  2.0534420825E+005
  4.1990209491E+005  2.0593504881E+005
  4.2160139855E+005  2.0652361714E+005
  4.2330153906E+005  2.0713684567E+005
  4.2500162349E+005  2.0776392513E+005
  4.2670198028E+005  2.0838778648E+005
  4.2840131769E+005  2.0900906257E+005
  4.3010200428E+005  2.0962837024E+005
  4.3180107375E+005  2.1024219817E+005
  4.3350177122E+005  2.1085413550E+005
  4.3520205262E+005  2.1148670139E+005
  4.3690171534E+005  2.1214259217E+005
  4.3860129599E+005  2.1279518308E+005
  4.4030110617E+005  2.1344465367E+005
  4.4200143368E+005  2.1409306940E+005
  4.4370193996E+005  2.1474143296E+005
  4.4540136281E+005  2.1538966291E+005
  4.4710131141E+005  2.1604755231E+005
  4.4880118526E+005  2.1673579608E+005
  4.5050132272E+005  2.1742479408E+005
  4.5220194976E+005  2.1811565045E+005
  4.5390120360E+005  2.1880569768E+005
  4.5560151961E+005  2.1949555281E+005
  4.5730113264E+005  2.2018693692E+005
  4.5900122504E+005  2.2088194965E+005
  4.6070147639E+005  2.2161860503E+005
  4.6240139243E+005  2.2235783533E+005
  4.6410143772E+005  2.2309920688E+005
  4.6580171634E+005  2.2384410912E+005
  4.6750114318E+005  2.2459308513E+005
  4.6920117823E+005  2.2534651479E+005
  4.7090182055E+005  2.2610300264E+005
  4.7260160320E+005  2.2688134224E+005
  4.7430115623E+005  2.2768777542E+005
  4.7600130735E+005  2.2850041557E+005
  4.7770150655E+005  2.2931748917E+005
  4.7940131466E+005  2.3013802350E+005
  4.8110194183E+005  2.3096424677E+005
  4.8280116446E+005  2.3179606807E+005
  4.8450134576E+005  2.3263528614E+005
  4.8620173464E+005  2.3350483554E+005
  4.8790138741E+005  2.3438989550E+005
  4.8960175460E+005  2.3527958314E+005
  4.9130109009E+005  2.3617381178E+005
  4.9300196825E+005  2.3707444166E+005
  4.9470135909E+005  2.3797816583E+005
  4.9640178795E+005  2.3888559628E+005
  4.9810161322E+005  2.3979763899E+005
  4.9980157305E+005  2.4073756750E+005
  5.0150161196E+005  2.4169505043E+005
  5.0320195859E+005  2.4265759923E+005
  5.0490194405E+005  2.4362334648E+005
  5.0660147197E+005  2.4459441070E+005
  5.0830236363E+005  2.4557324171E+005
  5.1000190487E+005  2.4655869367E+005
  5.1170226753E+005  2.4755234899E+005
  5.1340170609E+005  2.4856188411E+005
  5.1510239956E+005  2.4959801358E+005
  5.1680230649E+005  2.5063950912E+005
  5.1850183142E+005  2.5168737629E+005
  5.2020228744E+005  2.5274274164E+005
  5.2190235948E+005  2.5380385582E+005
  5.2360247554E+005  2.5486907902E+005
  5.2530240336E+005  2.5593938957E+005
  5.2700233075E+005  2.5701515613E+005
  5.2870163159E+005  2.5811564019E+005
  5.3040125140E+005  2.5922814492E+005
  5.3210234087E+005  2.6034311916E+005
  5.3380194163E+005  2.6145811377E+005
  5.3550180896E+005  2.6257521591E+005
  5.3720175218E+005  2.6369445440E+005
  5.3890148284E+005  2.6481528465E+005
  5.4060155192E+005  2.6593729604E+005
  5.4230235990E+005  2.6705813351E+005
  5.4400197353E+005  2.6819469295E+005
  5.4570160242E+005  2.6933482465E+005
  5.4740134597E+005  2.7047210343E+005
  5.4910246548E+005  2.7160710841E+005
  5.5080157647E+005  2.7273667473E+005
  5.5250188437E+005  2.7386020687E+005
  5.5420227159E+005  2.7497679425E+005
  5.5590194976E+005  2.7608553465E+005
  5.5760139642E+005  2.7718615578E+005
  5.5930194115E+005  2.7829260935E+005
  5.6100205986E+005  2.7939656323E+005
  5.6270143868E+005  2.8048543910E+005
  5.6440210493E+005  2.8156103563E+005
  5.6610174486E+005  2.8262226788E+005
  5.6780129411E+005  2.8366998501E+005
  5.6950204117E+005  2.8470537326E+005
  5.7120137106E+005  2.8572550202E+005
  5.7290132034E+005  2.8673209849E+005
  5.7460170440E+005  2.8773947603E+005
  5.7630153158E+005  2.8874640028E+005
  5.7800171331E+005  2.8974447988E+005
  5.7970168717E+005  2.9073365312E+005
  5.8140199047E+005  2.9171070843E+005
  5.8310161650E+005  2.9267236637E+005
  5.8480140031E+005  2.9361391151E+005
  5.8650138360E+005  2.9452649045E+005
  5.8820212516E+005  2.9539827757E+005
  5.8990170200E+005  2.9622852159E+005
  5.9160216383E+005  2.9698892592E+005
  5.9330176819E+005  2.9765708617E+005
  5.9500155823E+005  2.9821629087E+005
  5.9670203845E+005  2.9864981009E+005
  5.9840185864E+005  2.9894078250E+005
  6.0010168535E+005  2.9907243626E+005
  6.0180158093E+005  2.9904743776E+005
  6.0350170487E+005  2.9886330425E+005
  6.0520120547E+005  2.9849535072E+005
  6.0690141526E+005  2.9793722207E+005
  6.0860219759E+005  2.9718694079E+005
  6.1030117699E+005  2.9625290209E+005
  6.1200164006E+005  2.9517733097E+005
  6.1370174720E+005  2.9392333646E+005
  6.1540190612E+005  2.9249931893E+005
  6.1710221902E+005  2.9091434433E+005
  6.1880128078E+005  2.8923334169E+005
  6.2050195453E+005  2.8742074591E+005
  6.2220183862E+005  2.8548413114E+005
  6.2390156079E+005  2.8345418277E+005
  6.2560164775E+005  2.8137330362E+005
  6.2730162289E+005  2.7920358202E+005
  6.2900211323E+005  2.7696771318E+005
  6.3070204428E+005  2.7473797602E+005
  6.3240126203E+005  2.7245620223E+005
  6.3410203355E+005  2.7015096025E+005
  6.3580106065E+005  2.6788670079E+005
  6.3750126457E+005  2.6559535382E+005
  6.3920166314E+005  2.6333568756E+005
  6.4090124574E+005  2.6111060009E+005
  6.4260111675E+005  2.5888215370E+005
  6.4430199069E+005  2.5674690904E+005
  6.4600105275E+005  2.5462781687E+005
  6.4770137959E+005  2.5256898907E+005
  6.4940183223E+005  2.5057609550E+005
  6.5110124764E+005  2.4861876024E+005
  6.5280175165E+005  2.4676471646E+005
  6.5450134578E+005  2.4493787362E+005
  6.5620119383E+005  2.4322144486E+005
  6.5790177067E+005  2.4154934482E+005
  6.5960098704E+005  2.3996598909E+005
  6.6130155092E+005  2.3844893829E+005
  6.6300140625E+005  2.3700624882E+005
  6.6470146107E+005  2.3564573963E+005
  6.6640157179E+005  2.3434630865E+005
  6.6810138764E+005  2.3313722785E+005
  6.6980131654E+005  2.3198033829E+005
  6.7150113835E+005  2.3091449604E+005
  6.7320086273E+005  2.2989773731E+005
  6.7490087572E+005  2.2897738226E+005
  6.7660115638E+005  2.2810169573E+005
  6.7830151881E+005  2.2731864790E+005
  6.8000142776E+005  2.2657840696E+005
  6.8170096234E+005  2.2593059711E+005
  6.8340110560E+005  2.2532409959E+005
  6.8510124984E+005  2.2480243655E+005
  6.8680135613E+005  2.2432373516E+005
  6.8850112090E+005  2.2392711958E+005
  6.9020113129E+005  2.2357498643E+005
  6.9190104739E+005  2.2329970401E+005
  6.9360093401E+005  2.2306890767E+005
  6.9530088971E+005  2.2290670595E+005
  6.9700091071E+005  2.2279135933E+005
  6.9870122112E+005  2.2274147693E+005
  7.0040068275E+005  2.2273875044E+005
  7.0210076189E+005  2.2279229042E+005
  7.0380092063E+005  2.2289705357E+005
  7.0550105615E+005  2.2305244237E+005
  7.0720066845E+005  2.2325926687E+005
  7.0890095091E+005  2.2350748744E+005
  7.1060080507E+005  2.2380964407E+005
  7.1230086292E+005  2.2414593384E+005
  7.1400124307E+005  2.2453534051E+005
  7.1570086461E+005  2.2495016361E+005
  7.1740080198E+005  2.2542189704E+005
  7.1910082551E+005  2.2591214031E+005
  7.2080121434E+005  2.2645873720E+005
  7.2250078006E+005  2.2701896997E+005
  7.2420107736E+005  2.2763288056E+005
  7.2590121084E+005  2.2826164374E+005
  7.2760099654E+005  2.2893250770E+005
  7.2930117371E+005  2.2962213962E+005
  7.3100083924E+005  2.3034742760E+005
  7.3270105011E+005  2.3109309197E+005
  7.3440089638E+005  2.3186491544E+005
  7.3610086175E+005  2.3266007756E+005
  7.3780110612E+005  2.3347607179E+005
  7.3950082884E+005  2.3431513769E+005
  7.4120113849E+005  2.3516871874E+005
  7.4290110103E+005  2.3604833989E+005
  7.4460068966E+005  2.3693842843E+005
  7.4630062066E+005  2.3785355005E+005
  7.4800090789E+005  2.3877776486E+005
  7.4970093686E+005  2.3972775381E+005
  7.5140073687E+005  2.4068799761E+005
  7.5310081918E+005  2.4167018652E+005
  7.5480072117E+005  2.4266584239E+005
  7.5650126860E+005  2.4368121395E+005
  7.5820109382E+005  2.4471311462E+005
  7.5990111400E+005  2.4576315008E+005
  7.6160126925E+005  2.4683068160E+005
  7.6330117779E+005  2.4791320056E+005
  7.6500119007E+005  2.4901576257E+005
  7.6670117339E+005  2.5013224908E+005
  7.6840094502E+005  2.5126846101E+005
  7.7010097277E+005  2.5241707845E+005
  7.7180067416E+005  2.5358650386E+005
  7.7350082320E+005  2.5476909400E+005
  7.7520076732E+005  2.5597366485E+005
  7.7690065630E+005  2.5719240982E+005
  7.7860083469E+005  2.5843059109E+005
  7.8030108598E+005  2.5968464164E+005
  7.8200121711E+005  2.6095812890E+005
  7.8370068357E+005  2.6224646222E+005
  7.8540081412E+005  2.6355075984E+005
  7.8710092824E+005  2.6487030067E+005
  7.8880066411E+005  2.6620439562E+005
  7.9050111170E+005  2.6755479398E+005
  7.9220097278E+005  2.6891922403E+005
  7.9390078636E+005  2.7029695749E+005
  7.9560101128E+005  2.7168719533E+005
  7.9730080262E+005  2.7309003125E+005
  7.9900055293E+005  2.7450445190E+005
  8.0070082499E+005  2.7593316814E+005
  8.0240093477E+005  2.7737355271E+005
  8.0410084793E+005  2.7882627367E+005
  8.0580062587E+005  2.8029049336E+005
  8.0750058284E+005  2.8176743069E+005
  8.0920069852E+005  2.8325654130E+005
  8.1090061740E+005  2.8475968402E+005
  8.1260080076E+005  2.8627601380E+005
  8.1430085912E+005  2.8780560502E+005
  8.1600098364E+005  2.8934969334E+005
  8.1770086285E+005  2.9090880159E+005
  8.1940104474E+005  2.9248467013E+005
  8.2110111782E+005  2.9407679965E+005
  8.2280095276E+005  2.9568739196E+005
  8.2450079300E+005  2.9731700980E+005
  8.2620060720E+005  2.9896695085E+005
  8.2790078794E+005  3.0063559856E+005
  8.2960105165E+005  3.0232554401E+005
  8.3130082277E+005  3.0403345113E+005
  8.3300072008E+005  3.0576249988E+005
  8.3470066419E+005  3.0750865550E+005
  8.3640088402E+005  3.0927502631E+005
  8.3810089487E+005  3.1105782994E+005
  8.3980085796E+005  3.1285895171E+005
  8.4150075477E+005  3.1467374380E+005
  8.4320089676E+005  3.1650528759E+005
  8.4490085043E+005  3.1834923241E+005
  8.4660098266E+005  3.2020842585E+005
  8.4830098307E+005  3.2207935749E+005
  8.5000106603E+005  3.2396410123E+005
  8.5170079384E+005  3.2585999279E+005
  8.5340062834E+005  3.2776809761E+005
  8.5510063850E+005  3.2968711990E+005
  8.5680092651E+005  3.3161595579E+005
  8.5850062070E+005  3.3355401623E+005
  8.6020101574E+005  3.3549968943E+005
  8.6190057205E+005  3.3745234212E+005
  8.6360085305E+005  3.3940801771E+005
  8.6530075699E+005  3.4137000117E+005
  8.6700070957E+005  3.4333088481E+005
  8.6870052336E+005  3.4529810974E+005
  8.7040075202E+005  3.4726224670E+005
  8.7210049375E+005  3.4923218282E+005
  8.7380050387E+005  3.5120050420E+005
  8.7550065135E+005  3.5317514646E+005
  8.7720059784E+005  3.5515074469E+005
  8.7890072745E+005  3.5713355408E+005
  8.8060087378E+005  3.5912178000E+005
  8.8230072707E+005  3.6111761617E+005
  8.8400096058E+005  3.6312481264E+005
  8.8570077697E+005  3.6514206587E+005
  8.8740089426E+005  3.6717640142E+005
  8.8910093814E+005  3.6922151158E+005
  8.9080051741E+005  3.7128751331E+005
  8.9250083324E+005  3.7336709458E+005
  8.9420097093E+005  3.7547290748E+005
  8.9590065163E+005  3.7759097523E+005
  8.9760060792E+005  3.7973709871E+005
  8.9930083174E+005  3.8189979627E+005
  9.0100100223E+005  3.8408714334E+005
  9.0270059794E+005  3.8629197896E+005
  9.0440081105E+005  3.8851731728E+005
  9.0610083448E+005  3.9076145973E+005
  9.0780099564E+005  3.9301846710E+005
  9.0950067320E+005  3.9529405259E+005
  9.1120083593E+005  3.9757485985E+005
  9.1290096423E+005  3.9987255268E+005
  9.1460085034E+005  4.0217066805E+005
  9.1630078601E+005  4.0447927519E+005
  9.1800099581E+005  4.0678989224E+005
  9.1970095511E+005  4.0910226925E+005
  9.2140086561E+005  4.1141736365E+005
  9.2310057438E+005  4.1372605126E+005
  9.2480085350E+005  4.1603968377E+005
  9.2650056062E+005  4.1833836308E+005
  9.2820077951E+005  4.2064087871E+005
  9.2990073522E+005  4.2292696585E+005
  9.3160049392E+005  4.2521081185E+005
  9.3330058596E+005  4.2748248186E+005
  9.3500076418E+005  4.2974677742E+005
  9.3670075713E+005  4.3200276128E+005
  9.3840064082E+005  4.3424740131E+005
  9.4010073583E+005  4.3649128524E+005
  9.4180064885E+005  4.3872316070E+005
  9.4350066426E+005  4.4096252105E+005
  9.4520068887E+005  4.4319067722E+005
  9.4690047282E+005  4.4543190680E+005
  9.4860071488E+005  4.4767190248E+005
  9.5030053234E+005  4.4992623840E+005
  9.5200057104E+005  4.5219043738E+005
  9.5370077074E+005  4.5447219807E+005
  9.5540071488E+005  4.5677297877E+005
  9.5710088368E+005  4.5909175659E+005
  9.5880062300E+005  4.6143775958E+005
  9.6050061601E+005  4.6379973435E+005
  9.6220055219E+005  4.6619526336E+005
  9.6390088460E+005  4.6860067827E+005
  9.6560059903E+005  4.7103700023E+005
  9.6730056918E+005  4.7348616361E+005
  9.6900089670E+005  4.7595800957E+005
  9.7070078164E+005  4.7844301973E+005
  9.7240084275E+005  4.8093926519E+005
  9.7410061579E+005  4.8344907249E+005
  9.7580061333E+005  4.8595755098E+005
  9.7750075284E+005  4.8847893561E+005
  9.7920065275E+005  4.9098739169E+005
  9.8090057600E+005  4.9350069308E+005
  9.8260060718E+005  4.9599940969E+005
  9.8430065168E+005  4.9849015057E+005
  9.8600052058E+005  5.0096540066E+005
  9.8770052682E+005  5.0342224689E+005
  9.8940051862E+005  5.0586388007E+005
  9.9110083417E+005  5.0827876667E+005
  9.9280052883E+005  5.1067965656E+005
  9.9450043559E+005  5.1304920987E+005
  9.9620059206E+005  5.1540931277E+005
  9.9790046522E+005  5.1773549152E+005
  9.9960074532E+005  5.2005512834E+005
  1.0013007350E+006  5.2234901350E+005
  1.0030004899E+006  5.2463881811E+005
  1.0047007233E+006  5.2691310155E+005
  1.0064004068E+006  5.2918929487E+005
  1.0081004444E+006  5.3146114080E+005
  1.0098006665E+006  5.3374390334E+005
  1.0115004113E+006  5.3603265015E+005
  1.0132005469E+006  5.3834036291E+005
  1.0149007743E+006  5.4066366906E+005
  1.0166005877E+006  5.4301093082E+005
  1.0183003936E+006  5.4538186767E+005
  1.0200007632E+006  5.4777993592E+005
  1.0217005706E+006  5.5020534338E+005
  1.0234005499E+006  5.5265617327E+005
  1.0251006401E+006  5.5513626004E+005
  1.0268005242E+006  5.5763589587E+005
  1.0285006164E+006  5.6016287328E+005
  1.0302006002E+006  5.6270163599E+005
  1.0319003985E+006  5.6526306186E+005
  1.0336005058E+006  5.6782812155E+005
  1.0353006940E+006  5.7041020119E+005
  1.0370006174E+006  5.7298476494E+005
  1.0387006119E+006  5.7556876765E+005
  1.0404006414E+006  5.7813998180E+005
  1.0421005857E+006  5.8070707912E+005
  1.0438005787E+006  5.8325049137E+005
  1.0455005263E+006  5.8578618289E+005
  1.0472006648E+006  5.8829287341E+005
  1.0489004771E+006  5.9078642605E+005
  1.0506004536E+006  5.9324795210E+005
  1.0523006098E+006  5.9569520501E+005
  1.0540004759E+006  5.9810929377E+005
  1.0557003678E+006  6.0051110947E+005
  1.0574005573E+006  6.0288252844E+005
  1.0591004531E+006  6.0524708031E+005
  1.0608002897E+006  6.0758989869E+005
  1.0625005564E+006  6.0993465151E+005
  1.0642003878E+006  6.1227075037E+005
  1.0659004214E+006  6.1461697793E+005
  1.0676004569E+006  6.1696986990E+005
  1.0693003695E+006  6.1934104780E+005
  1.0710003999E+006  6.2173313814E+005
  1.0727003777E+006  6.2415082045E+005
  1.0744005971E+006  6.2660090187E+005
  1.0761004179E+006  6.2907981235E+005
  1.0778003052E+006  6.3159846741E+005
  1.0795005463E+006  6.3414666873E+005
  1.0812004437E+006  6.3673658859E+005
  1.0829004497E+006  6.3935253513E+005
  1.0846003270E+006  6.4200849926E+005
  1.0863004387E+006  6.4468584311E+005
  1.0880004704E+006  6.4739672841E+005
  1.0897003557E+006  6.5012358249E+005
  1.0914003373E+006  6.5287390292E+005
  1.0931003050E+006  6.5563437631E+005
  1.0948001450E+006  6.5840635862E+005
  1.0965002237E+006  6.6118181691E+005
  1.0982004094E+006  6.6395830696E+005
  1.0999004738E+006  6.6673322424E+005
  1.1016002299E+006  6.6949889316E+005
  1.1033003440E+006  6.7226087760E+005
  1.1050003039E+006  6.7500663488E+005
  1.1067003054E+006  6.7774813798E+005
  1.1084001764E+006  6.8047060797E+005
  1.1101004531E+006  6.8318864443E+005
  1.1118002595E+006  6.8589467255E+005
  1.1135003470E+006  6.8859730928E+005
  1.1152003475E+006  6.9130058701E+005
  1.1169003138E+006  6.9400381889E+005
  1.1186002364E+006  6.9672192976E+005
  1.1203004589E+006  6.9944747254E+005
  1.1220004150E+006  7.0219802712E+005
  1.1237004191E+006  7.0497288828E+005
  1.1254005312E+006  7.0777895393E+005
  1.1271003622E+006  7.1062394913E+005
  1.1288003777E+006  7.1350361996E+005
  1.1305004860E+006  7.1643201939E+005
  1.1322003816E+006  7.1939962502E+005
  1.1339004635E+006  7.2241599927E+005
  1.1356003732E+006  7.2547740211E+005
  1.1373005229E+006  7.2858253074E+005
  1.1390003959E+006  7.3173476075E+005
  1.1407002994E+006  7.3492182457E+005
  1.1424002807E+006  7.3815249559E+005
  1.1441004783E+006  7.4141310378E+005
  1.1458003673E+006  7.4470602593E+005
  1.1475004640E+006  7.4802490465E+005
  1.1492003010E+006  7.5136396360E+005
  1.1509003154E+006  7.5472605845E+005
  1.1526002611E+006  7.5809767731E+005
  1.1543003498E+006  7.6148779943E+005
  1.1560002839E+006  7.6488364067E+005
  1.1577004152E+006  7.6829096221E+005
  1.1594002848E+006  7.7170603292E+005
  1.1611002578E+006  7.7512615952E+005
  1.1628002658E+006  7.7855957877E+005
  1.1645003796E+006  7.8199580720E+005
  1.1662004018E+006  7.8544796730E+005
  1.1679004121E+006  7.8891338741E+005
  1.1696003419E+006  7.9239562917E+005
  1.1713004986E+006  7.9590571596E+005
  1.1730003110E+006  7.9943534055E+005
  1.1747004846E+006  8.0300322190E+005
  1.1764004788E+006  8.0660682766E+005
  1.1781003026E+006  8.1025123212E+005
  1.1798003441E+006  8.1394657503E+005
  1.1815003863E+006  8.1768389476E+005
  1.1832003892E+006  8.2147725295E+005
  1.1849003693E+006  8.2532098514E+005
  1.1866004123E+006  8.2921798571E+005
  1.1883005369E+006  8.3317165694E+005
  1.1900004149E+006  8.3717152537E+005
  1.1917004305E+006  8.4122764368E+005
  1.1934004709E+006  8.4532791339E+005
  1.1951002753E+006  8.4947508334E+005
  1.1968004218E+006  8.5368362253E+005
  1.1985003235E+006  8.5791512263E+005
  1.2002004522E+006  8.6218525542E+005
  1.2019003049E+006  8.6647985002E+005
  1.2036003887E+006  8.7081012350E+005
  1.2053003628E+006  8.7516442046E+005
  1.2070002994E+006  8.7954515997E+005
  1.2087003979E+006  8.8395158272E+005
  1.2104002152E+006  8.8837693967E+005
  1.2121003600E+006  8.9283159445E+005
  1.2138003262E+006  8.9730388949E+005
  1.2155003745E+006  9.0180693993E+005
  1.2172004901E+006  9.0633775558E+005
  1.2189003831E+006  9.1089924927E+005
  1.2206005399E+006  9.1550052939E+005
  1.2223003011E+006  9.2013481966E+005
  1.2240003336E+006  9.2481909945E+005
  1.2257003511E+006  9.2954782982E+005
  1.2274005079E+006  9.3433098302E+005
  1.2291004728E+006  9.3916977832E+005
  1.2308004827E+006  9.4406360446E+005
  1.2325004219E+006  9.4902122885E+005
  1.2342004145E+006  9.5403162664E+005
  1.2359004515E+006  9.5910724576E+005
  1.2376004446E+006  9.6423747529E+005
  1.2393005030E+006  9.6942851918E+005
  1.2410002931E+006  9.7467457880E+005
  1.2427003901E+006  9.7997564172E+005
  1.2444003688E+006  9.8533081249E+005
  1.2461003705E+006  9.9073159353E+005
  1.2478003553E+006  9.9618328078E+005
  1.2495004245E+006  1.0016715908E+006
  1.2512002187E+006  1.0072052079E+006
  1.2529003226E+006  1.0127704490E+006
  1.2546002074E+006  1.0183753730E+006
  1.2563002771E+006  1.0240101602E+006
  1.2580002802E+006  1.0296803266E+006
  1.2597004781E+006  1.0353818739E+006
  1.2614002954E+006  1.0411158084E+006
  1.2631002932E+006  1.0468860121E+006
  1.2648003848E+006  1.0526917068E+006
  1.2665002847E+006  1.0585398369E+006
  1.2682002921E+006  1.0644270596E+006
  1.2699003092E+006  1.0703652633E+006
  1.2716004696E+006  1.0763476292E+006
  1.2733003362E+006  1.0823886164E+006
  1.2750002928E+006  1.0884774349E+006
  1.2767003815E+006  1.0946305686E+006
  1.2784003923E+006  1.1008354528E+006
  1.2801004060E+006  1.1071052093E+006
  1.2818004530E+006  1.1134290227E+006
  1.2835002797E+006  1.1198156682E+006
  1.2852003997E+006  1.1262557748E+006
  1.2869004197E+006  1.1327553551E+006
  1.2886002500E+006  1.1393020028E+006
  1.2903002185E+006  1.1459040673E+006
  1.2920002639E+006  1.1525488102E+006
  1.2937002794E+006  1.1592436741E+006
  1.2954002908E+006  1.1659753412E+006
  1.2971003046E+006  1.1727531595E+006
  1.2988004303E+006  1.1795636892E+006
  1.3005003948E+006  1.1864179571E+006
  1.3022004956E+006  1.1933026162E+006
  1.3039004284E+006  1.2002310378E+006
  1.3056005054E+006  1.2071921160E+006
  1.3073003082E+006  1.2141973882E+006
  1.3090003307E+006  1.2212390760E+006
  1.3107003757E+006  1.2283269707E+006
  1.3124004655E+006  1.2354537286E+006
  1.3141004022E+006  1.2426261289E+006
  1.3158003713E+006  1.2498404479E+006
  1.3175004936E+006  1.2571018751E+006
  1.3192004679E+006  1.2644082225E+006
  1.3209003116E+006  1.2717599413E+006
  1.3226002854E+006  1.2791602954E+006
  1.3243003021E+006  1.2866038599E+006
  1.3260004169E+006  1.2940959372E+006
  1.3277003241E+006  1.3016245090E+006
  1.3294002343E+006  1.3091990157E+006
  1.3311003470E+006  1.3168067010E+006
  1.3328003368E+006  1.3244550638E+006
  1.3345003543E+006  1.3321347311E+006
  1.3362003389E+006  1.3398489951E+006
  1.3379004376E+006  1.3475943848E+006
  1.3396004194E+006  1.3553685332E+006
  1.3413004746E+006  1.3631742598E+006
  1.3430003700E+006  1.3710052523E+006
  1.3447003301E+006  1.3788706288E+006
  1.3464003161E+006  1.3867602696E+006
  1.3481004516E+006  1.3946861224E+006
  1.3498005142E+006  1.4026381288E+006
  1.3515004290E+006  1.4106227577E+006
  1.3532004884E+006  1.4186368133E+006
  1.3549004771E+006  1.4266805635E+006
  1.3566004171E+006  1.4347555971E+006
  1.3583003783E+006  1.4428587011E+006
  1.3600004300E+006  1.4509978758E+006
  1.3617003706E+006  1.4591630676E+006
  1.3634002379E+006  1.4673648390E+006
  1.3651004127E+006  1.4755955653E+006
  1.3668002695E+006  1.4838957939E+006
  1.3685002178E+006  1.4921976962E+006
  1.3702002793E+006  1.5005263009E+006
  1.3719002795E+006  1.5088849977E+006
  1.3736003451E+006  1.5172695518E+006
  1.3753002508E+006  1.5256882525E+006
  1.3770003817E+006  1.5341321603E+006
  1.3787004071E+006  1.5426108699E+006
  1.3804003158E+006  1.5511171358E+006
  1.3821002610E+006  1.5596571201E+006
  1.3838003746E+006  1.5682314157E+006
  1.3855003296E+006  1.5768375900E+006
  1.3872004019E+006  1.5854842244E+006
  1.3889003116E+006  1.5941611868E+006
  1.3906002660E+006  1.6028805616E+006
  1.3923003372E+006  1.6116340025E+006
  1.3940003233E+006  1.6204263519E+006
  1.3957003978E+006  1.6292562548E+006
  1.3974004213E+006  1.6381210560E+006
  1.3991002299E+006  1.6470264148E+006
  1.4008003847E+006  1.6559651400E+006
  1.4025002305E+006  1.6649449905E+006
  1.4042002727E+006  1.6739609564E+006
  1.4059002091E+006  1.6830147947E+006
  1.4076003171E+006  1.6921089123E+006
  1.4093003148E+006  1.7012362451E+006
  1.4110003837E+006  1.7104070173E+006
  1.4127004577E+006  1.7196132091E+006
  1.4144002440E+006  1.7288611674E+006
  1.4161003616E+006  1.7381536886E+006
  1.4178003555E+006  1.7475277471E+006
  1.4195004191E+006  1.7569207066E+006
  1.4212002808E+006  1.7663458890E+006
  1.4229004893E+006  1.7758173404E+006
  1.4246004002E+006  1.7853327318E+006
  1.4263004418E+006  1.7948903632E+006
  1.4280003688E+006  1.8044984868E+006
  1.4297002845E+006  1.8141514753E+006
  1.4314004226E+006  1.8238542171E+006
  1.4331002326E+006  1.8336073783E+006
  1.4348002568E+006  1.8434031372E+006
  1.4365003111E+006  1.8532500490E+006
  1.4382002888E+006  1.8631444037E+006
  1.4399002996E+006  1.8730812099E+006
  1.4416002643E+006  1.8830672464E+006
  1.4433003110E+006  1.8930980333E+006
  1.4450003447E+006  1.9031716654E+006
  1.4467002953E+006  1.9132924941E+006
  1.4484003838E+006  1.9234558437E+006
  1.4501003276E+006  1.9336623431E+006
  1.4518002433E+006  1.9439176182E+006
  1.4535002782E+006  1.9542170864E+006
  1.4552004388E+006  1.9645656715E+006
  1.4569004198E+006  1.9749652344E+006
  1.4586003729E+006  1.9854109155E+006
  1.4603002790E+006  1.9959059204E+006
  1.4620002833E+006  2.0064539318E+006
  1.4637004012E+006  2.0170495174E+006
  1.4654002542E+006  2.0276918902E+006
  1.4671003188E+006  2.0383883039E+006
  1.4688002544E+006  2.0491342754E+006
  1.4705003853E+006  2.0599865327E+006
  1.4722002321E+006  2.0708418522E+006
  1.4739003906E+006  2.0817486956E+006
  1.4756003465E+006  2.0926955869E+006
  1.4773001994E+006  2.1036905007E+006
  1.4790002422E+006  2.1147352836E+006
  1.4807003274E+006  2.1258250181E+006
  1.4824004200E+006  2.1369595805E+006
  1.4841004318E+006  2.1481429943E+006
  1.4858002878E+006  2.1593746596E+006
  1.4875002532E+006  2.1706494809E+006
  1.4892004634E+006  2.1819738991E+006
  1.4909004178E+006  2.1933456405E+006
  1.4926003810E+006  2.2047662782E+006
  1.4943002593E+006  2.2162301665E+006
  1.4960002987E+006  2.2277466646E+006
  1.4977002537E+006  2.2393148123E+006
  1.4994003050E+006  2.2509355272E+006
  1.5011003411E+006  2.2626025297E+006
  1.5028002251E+006  2.2743204469E+006
  1.5045004004E+006  2.2860912408E+006
  1.5062002936E+006  2.2979098704E+006
  1.5079002197E+006  2.3097720393E+006
  1.5096002141E+006  2.3216819158E+006
  1.5113002581E+006  2.3336394304E+006
  1.5130002800E+006  2.3456431179E+006
  1.5147002177E+006  2.3576895014E+006
  1.5164003655E+006  2.3697780833E+006
  1.5181004209E+006  2.3819103274E+006
  1.5198003712E+006  2.3940861437E+006
  1.5215002898E+006  2.4063067066E+006
  1.5232004745E+006  2.4185717475E+006
  1.5249004290E+006  2.4309379456E+006
  1.5266003011E+006  2.4432995982E+006
  1.5283002884E+006  2.4557067114E+006
  1.5300004407E+006  2.4681613492E+006
  1.5317004220E+006  2.4806587621E+006
  1.5334003255E+006  2.4931985841E+006
  1.5351003101E+006  2.5057846587E+006
  1.5368002945E+006  2.5184163318E+006
  1.5385003405E+006  2.5310939212E+006
  1.5402003809E+006  2.5438164264E+006
  1.5419002923E+006  2.5565783075E+006
  1.5436002432E+006  2.5693830967E+006
  1.5453002499E+006  2.5822304625E+006
  1.5470002090E+006  2.5951189115E+006
  1.5487003366E+006  2.6080497684E+006
  1.5504004049E+006  2.6210218986E+006
  1.5521004001E+006  2.6340324657E+006
  1.5538003680E+006  2.6470845771E+006
  1.5555003109E+006  2.6601792495E+006
  1.5572003826E+006  2.6733175685E+006
  1.5589003390E+006  2.6864975208E+006
  1.5606002870E+006  2.6997189400E+006
  1.5623002617E+006  2.7129819388E+006
  1.5640004469E+006  2.7262852184E+006
  1.5657003471E+006  2.7396288114E+006
  1.5674002773E+006  2.7530157854E+006
  1.5691002141E+006  2.7664462031E+006
  1.5708002577E+006  2.7799199168E+006
  1.5725003872E+006  2.7934358684E+006
  1.5742002562E+006  2.8069898154E+006
  1.5759002397E+006  2.8205816443E+006
  1.5776002974E+006  2.8342111590E+006
  1.5793002482E+006  2.8478780557E+006
  1.5810002322E+006  2.8615832799E+006
  1.5827002322E+006  2.8753270010E+006
  1.5844003438E+006  2.8891098963E+006
  1.5861003204E+006  2.9029296362E+006
  1.5878004173E+006  2.9167879231E+006
  1.5895002501E+006  2.9307322647E+006
  1.5912002517E+006  2.9446766399E+006
  1.5929003082E+006  2.9586468971E+006
  1.5946003592E+006  2.9726544500E+006
  1.5963002990E+006  2.9867002613E+006
  1.5980003793E+006  3.0007868878E+006
  1.5997004103E+006  3.0149126668E+006
  1.6014003637E+006  3.0290765484E+006
  1.6031002268E+006  3.0432770906E+006
  1.6048002862E+006  3.0575154245E+006
  1.6065002823E+006  3.0717883113E+006
  1.6082001836E+006  3.0860933019E+006
  1.6099002616E+006  3.1004343444E+006
  1.6116003034E+006  3.1148096009E+006
  1.6133004192E+006  3.1292200612E+006
  1.6150002470E+006  3.1436623556E+006
  1.6167004381E+006  3.1581414470E+006
  1.6184002310E+006  3.1726505695E+006
  1.6201002708E+006  3.1871949785E+006
  1.6218002762E+006  3.2017725864E+006
  1.6235002971E+006  3.2163842353E+006
  1.6252002296E+006  3.2310302768E+006
  1.6269003444E+006  3.2457135862E+006
  1.6286002801E+006  3.2604299691E+006
  1.6303002562E+006  3.2751822421E+006
  1.6320004117E+006  3.2899708852E+006
  1.6337002115E+006  3.3047899589E+006
  1.6354002710E+006  3.3196435607E+006
  1.6371003222E+006  3.3345288045E+006
  1.6388001994E+006  3.3494440428E+006
  1.6405001957E+006  3.3643918411E+006
  1.6422003494E+006  3.3793722843E+006
  1.6439003339E+006  3.3943826456E+006
  1.6456003295E+006  3.4094240711E+006
  1.6473002339E+006  3.4244951668E+006
  1.6490002546E+006  3.4395974606E+006
  1.6507004052E+006  3.4547307572E+006
  1.6524003853E+006  3.4698925174E+006
  1.6541003643E+006  3.4850840517E+006
  1.6558002965E+006  3.5003063432E+006
  1.6575002532E+006  3.5155613258E+006
  1.6592003379E+006  3.5308499176E+006
  1.6609002013E+006  3.5461684257E+006
  1.6626003370E+006  3.5615201638E+006
  1.6643002305E+006  3.5768991140E+006
  1.6660003009E+006  3.5923079926E+006
  1.6677001844E+006  3.6077428304E+006
  1.6694001949E+006  3.6232066456E+006
  1.6711001674E+006  3.6386981093E+006
  1.6728003441E+006  3.6542192993E+006
  1.6745002957E+006  3.6697666458E+006
  1.6762003942E+006  3.6853431282E+006
  1.6779002839E+006  3.7009450045E+006
  1.6796004122E+006  3.7165760248E+006
  1.6813002994E+006  3.7322313292E+006
  1.6830002674E+006  3.7479136309E+006
  1.6847002953E+006  3.7636227266E+006
  1.6864003114E+006  3.7794206029E+006
  1.6881002926E+006  3.7951868985E+006
  1.6898003899E+006  3.8109797243E+006
  1.6915003447E+006  3.8267977822E+006
  1.6932003438E+006  3.8426422282E+006
  1.6949002256E+006  3.8585105149E+006
  1.6966002240E+006  3.8744215982E+006
  1.6983003103E+006  3.8903392089E+006
  1.7000002644E+006  3.9062782651E+006
  1.7017003496E+006  3.9222412922E+006
  1.7034003757E+006  3.9382274262E+006
  1.7051002477E+006  3.9542358869E+006
  1.7068002968E+006  3.9702697206E+006
  1.7085003738E+006  3.9863271549E+006
  1.7102004068E+006  4.0024070106E+006
  1.7119003670E+006  4.0185084741E+006
  1.7136002232E+006  4.0346308721E+006
  1.7153003051E+006  4.0507764263E+006
  1.7170002891E+006  4.0669420598E+006
  1.7187002285E+006  4.0831279558E+006
  1.7204001989E+006  4.0993347051E+006
  1.7221002652E+006  4.1155624747E+006
  1.7238002234E+006  4.1318083428E+006
  1.7255002137E+006  4.1480727269E+006
  1.7272002138E+006  4.1643546921E+006
  1.7289002718E+006  4.1806539672E+006
  1.7306003665E+006  4.1969692494E+006
  1.7323002070E+006  4.2132977250E+006
  1.7340003440E+006  4.2296447445E+006
  1.7357002544E+006  4.2460060598E+006
  1.7374002918E+006  4.2623858672E+006
  1.7391002326E+006  4.2787825742E+006
  1.7408002525E+006  4.2951978231E+006
  1.7425002874E+006  4.3116307481E+006
  1.7442002165E+006  4.3280793469E+006
  1.7459002143E+006  4.3445441825E+006
  1.7476003605E+006  4.3610245829E+006
  1.7493002424E+006  4.3775152842E+006
  1.7510001839E+006  4.3940189425E+006
  1.7527002722E+006  4.4105689577E+006
  1.7544002612E+006  4.4271955294E+006
  1.7561002573E+006  4.4437328155E+006
  1.7578002179E+006  4.4602834173E+006
  1.7595003753E+006  4.4769003550E+006
  1.7612002563E+006  4.4934869517E+006
  1.7629004073E+006  4.5100860519E+006
  1.7646003343E+006  4.5266964239E+006
  1.7663002991E+006  4.5433215141E+006
  1.7680002196E+006  4.5599610783E+006
  1.7697003928E+006  4.5766187196E+006
  1.7714003286E+006  4.5932906157E+006
  1.7731002768E+006  4.6099799884E+006
  1.7748001940E+006  4.6266876779E+006
  1.7765002761E+006  4.6434157960E+006
  1.7782002635E+006  4.6601616381E+006
  1.7799002948E+006  4.6769259215E+006
  1.7816003018E+006  4.6937230123E+006
  1.7833002159E+006  4.7105364404E+006
  1.7850002744E+006  4.7273510007E+006
  1.7867002813E+006  4.7441823962E+006
  1.7884002716E+006  4.7610323519E+006
  1.7901003722E+006  4.7779527568E+006
  1.7918002393E+006  4.7948508086E+006
  1.7935002653E+006  4.8117684837E+006
  1.7952004118E+006  4.8287088837E+006
  1.7969003699E+006  4.8456695181E+006
  1.7986003033E+006  4.8626518013E+006
  1.8003002921E+006  4.8796556564E+006
  1.8020002086E+006  4.8966787815E+006
  1.8037002199E+006  4.9137218949E+006
  1.8054002310E+006  4.9307828549E+006
  1.8071002656E+006  4.9478629578E+006
  1.8088002572E+006  4.9649803157E+006
  1.8105002320E+006  4.9821665421E+006
  1.8122002974E+006  4.9993051184E+006
  1.8139003004E+006  5.0164630946E+006
  1.8156003455E+006  5.0336430835E+006
  1.8173002846E+006  5.0508436486E+006
  1.8190004058E+006  5.0681099111E+006
  1.8207002300E+006  5.0853600148E+006
  1.8224002861E+006  5.1026295736E+006
  1.8241002572E+006  5.1199188488E+006
  1.8258003272E+006  5.1372304952E+006
  1.8275001628E+006  5.1545612869E+006
  1.8292002428E+006  5.1719165014E+006
  1.8309002313E+006  5.1892933338E+006
  1.8326001845E+006  5.2066920521E+006
  1.8343002105E+006  5.2241139701E+006
  1.8360002329E+006  5.2415579696E+006
  1.8377002408E+006  5.2590483970E+006
  1.8394002265E+006  5.2765359463E+006
  1.8411003211E+006  5.2940438135E+006
  1.8428002537E+006  5.3115713416E+006
  1.8445002218E+006  5.3291207012E+006
  1.8462002666E+006  5.3466926077E+006
  1.8479002667E+006  5.3642862961E+006
  1.8496003132E+006  5.3819453343E+006
  1.8513003707E+006  5.3995891001E+006
  1.8530002928E+006  5.4172546890E+006
  1.8547002438E+006  5.4349442853E+006
  1.8564001956E+006  5.4526564236E+006
  1.8581002117E+006  5.4703917121E+006
  1.8598002109E+006  5.4881486144E+006
  1.8615001615E+006  5.5059263803E+006
  1.8632001830E+006  5.5237260488E+006
  1.8649002460E+006  5.5415468640E+006
  1.8666003211E+006  5.5593891430E+006
  1.8683001909E+006  5.5772513105E+006
  1.8700002494E+006  5.5951379277E+006
  1.8717002075E+006  5.6130468648E+006
  1.8734002684E+006  5.6309806141E+006
  1.8751002488E+006  5.6489370881E+006
  1.8768003942E+006  5.6669183422E+006
  1.8785003651E+006  5.6849199699E+006
  1.8802001955E+006  5.7029747380E+006
  1.8819002229E+006  5.7210227668E+006
  1.8836002885E+006  5.7390887155E+006
  1.8853001766E+006  5.7571720717E+006
  1.8870001565E+006  5.7752760968E+006
  1.8887002067E+006  5.7934009402E+006
  1.8904002278E+006  5.8115460524E+006
  1.8921003178E+006  5.8297133681E+006
  1.8938002473E+006  5.8479010857E+006
  1.8955002608E+006  5.8661120477E+006
  1.8972002355E+006  5.8843443898E+006
  1.8989003414E+006  5.9026000798E+006
  1.9006003168E+006  5.9208757223E+006
  1.9023002627E+006  5.9391719695E+006
  1.9040002161E+006  5.9574886567E+006
  1.9057002770E+006  5.9758264422E+006
  1.9074002244E+006  5.9941823860E+006
  1.9091002820E+006  6.0125589108E+006
  1.9108002713E+006  6.0309541531E+006
  1.9125002644E+006  6.0493752821E+006
  1.9142002242E+006  6.0678168954E+006
  1.9159002045E+006  6.0863035784E+006
  1.9176003370E+006  6.1047861571E+006
  1.9193002889E+006  6.1232839194E+006
  1.9210003082E+006  6.1418027998E+006
  1.9227002320E+006  6.1603408940E+006
  1.9244003353E+006  6.1789009993E+006
  1.9261003026E+006  6.1974794499E+006
  1.9278003752E+006  6.2160784863E+006
  1.9295003388E+006  6.2346955194E+006
  1.9312001870E+006  6.2533301934E+006
  1.9329002442E+006  6.2719859642E+006
  1.9346002073E+006  6.2906595990E+006
  1.9363002380E+006  6.3093530060E+006
  1.9380001865E+006  6.3280649543E+006
  1.9397001903E+006  6.3468010530E+006
  1.9414002184E+006  6.3655539487E+006
  1.9431002156E+006  6.3843265606E+006
  1.9448002340E+006  6.4031189034E+006
  1.9465003088E+006  6.4219313805E+006
  1.9482003028E+006  6.4407621593E+006
  1.9499003180E+006  6.4596120650E+006
  1.9516003320E+006  6.4784805596E+006
  1.9533003546E+006  6.4973674744E+006
  1.9550002596E+006  6.5162711587E+006
  1.9567003061E+006  6.5351944293E+006
  1.9584002114E+006  6.5541341447E+006
  1.9601001676E+006  6.5731224579E+006
  1.9618001561E+006  6.5921006156E+006
  1.9635002046E+006  6.6110991119E+006
  1.9652001868E+006  6.6301148346E+006
  1.9669002057E+006  6.6491494969E+006
  1.9686003486E+006  6.6682043769E+006
  1.9703002053E+006  6.6872746889E+006
  1.9720003558E+006  6.7063666219E+006
  1.9737002815E+006  6.7254740158E+006
  1.9754002645E+006  6.7445996473E+006
  1.9771002396E+006  6.7637423921E+006
  1.9788003142E+006  6.7829032356E+006
  1.9805001686E+006  6.8020784330E+006
  1.9822003078E+006  6.8212736038E+006
  1.9839001941E+006  6.8404828182E+006
  1.9856001784E+006  6.8597101648E+006
  1.9873002477E+006  6.8789555538E+006
  1.9890001999E+006  6.8982166151E+006
  1.9907002339E+006  6.9174961903E+006
  1.9924002960E+006  6.9367936193E+006
  1.9941001900E+006  6.9561066797E+006
  1.9958002946E+006  6.9754396156E+006
  1.9975002440E+006  6.9947882934E+006
  1.9992003512E+006  7.0141561322E+006
  2.0009001969E+006  7.0335379895E+006
  2.0026001946E+006  7.0529382096E+006
  2.0043002760E+006  7.0723556807E+006
  2.0060001995E+006  7.0917872364E+006
  2.0077002895E+006  7.1112363773E+006
  2.0094001366E+006  7.1306982860E+006
  2.0111001937E+006  7.1501778672E+006
  2.0128002726E+006  7.1696727658E+006
  2.0145002530E+006  7.1891819292E+006
  2.0162002229E+006  7.2087060906E+006
  2.0179003651E+006  7.2282472709E+006
  2.0196003216E+006  7.2478013253E+006
  2.0213002486E+006  7.2674001415E+006
  2.0230002790E+006  7.2869856596E+006
  2.0247002897E+006  7.3065849085E+006
  2.0264003105E+006  7.3261985898E+006
  2.0281001640E+006  7.3458246219E+006
  2.0298002344E+006  7.3654670904E+006
  2.0315001498E+006  7.3851215069E+006
  2.0332002463E+006  7.4047913111E+006
  2.0349002813E+006  7.4244732339E+006
  2.0366002453E+006  7.4441669105E+006
  2.0383003430E+006  7.4638746251E+006
  2.0400002858E+006  7.4835926845E+006
  2.0417002572E+006  7.5033229643E+006
  2.0434001937E+006  7.5230645011E+006
  2.0451002820E+006  7.5428192091E+006
  2.0468002672E+006  7.5625839335E+006
  2.0485002656E+006  7.5823600113E+006
  2.0502001687E+006  7.6021460011E+006
  2.0519002597E+006  7.6219453781E+006
  2.0536002784E+006  7.6417551860E+006
  2.0553002192E+006  7.6615753696E+006
  2.0570001310E+006  7.6814064817E+006
  2.0587001780E+006  7.7012502381E+006
  2.0604002780E+006  7.7211059580E+006
  2.0621003464E+006  7.7409724319E+006
  2.0638002204E+006  7.7608474742E+006
  2.0655002526E+006  7.7807350725E+006
  2.0672002411E+006  7.8006322970E+006
  2.0689003346E+006  7.8205407826E+006
  2.0706002689E+006  7.8404568319E+006
  2.0723002547E+006  7.8603823059E+006
  2.0740001497E+006  7.8803150593E+006
  2.0757001768E+006  7.9002570110E+006
  2.0774001444E+006  7.9202056480E+006
  2.0791002459E+006  7.9401628224E+006
  2.0808001979E+006  7.9601246931E+006
  2.0825002212E+006  7.9800940625E+006
  2.0842002259E+006  8.0000966779E+006
  2.0859002560E+006  8.0200816784E+006
  2.0876002175E+006  8.0400694062E+006
  2.0893001991E+006  8.0600625971E+006
  2.0910001807E+006  8.0800610572E+006
  2.0927002822E+006  8.1000661957E+006
  2.0944002101E+006  8.1200746741E+006
  2.0961002224E+006  8.1400897780E+006
  2.0978002282E+006  8.1601105713E+006
  2.0995002339E+006  8.1801373406E+006
  2.1012001837E+006  8.2001695338E+006
  2.1029002806E+006  8.2202098369E+006
  2.1046002337E+006  8.2402550208E+006
  2.1063002654E+006  8.2603077508E+006
  2.1080002021E+006  8.2803659841E+006
  2.1097002127E+006  8.3004315908E+006
  2.1114002963E+006  8.3205044434E+006
  2.1131002282E+006  8.3406083550E+006
  2.1148001813E+006  8.3606942604E+006
  2.1165002030E+006  8.3807862239E+006
  2.1182001934E+006  8.4008834245E+006
  2.1199002479E+006  8.4209868118E+006
  2.1216001320E+006  8.4410933209E+006
  2.1233002428E+006  8.4612072672E+006
  2.1250002203E+006  8.4813244629E+006
  2.1267003021E+006  8.5014476718E+006
  2.1284002348E+006  8.5215737884E+006
  2.1301001771E+006  8.5417047121E+006
  2.1318003312E+006  8.5618428362E+006
  2.1335002652E+006  8.5819829909E+006
  2.1352002828E+006  8.6021509300E+006
  2.1369002296E+006  8.6223031548E+006
  2.1386002489E+006  8.6424602683E+006
  2.1403002326E+006  8.6626222342E+006
  2.1420001861E+006  8.6827894435E+006
  2.1437002291E+006  8.7029636153E+006
  2.1454003020E+006  8.7231439060E+006
  2.1471003273E+006  8.7433300073E+006
  2.1488001905E+006  8.7635204818E+006
  2.1505003129E+006  8.7837204141E+006
  2.1522002908E+006  8.8039249784E+006
  2.1539001789E+006  8.8241348879E+006
  2.1556002477E+006  8.8443534305E+006
  2.1573002921E+006  8.8645981630E+006
  2.1590001767E+006  8.8848287778E+006
  2.1607001451E+006  8.9050668585E+006
  2.1624001917E+006  8.9253127355E+006
  2.1641002025E+006  8.9455651252E+006
  2.1658002789E+006  8.9658249828E+006
  2.1675001807E+006  8.9860899624E+006
  2.1692001743E+006  9.0063630741E+006
  2.1709003039E+006  9.0266447989E+006
  2.1726002537E+006  9.0469313725E+006
  2.1743002848E+006  9.0672258249E+006
  2.1760003148E+006  9.0875272376E+006
  2.1777001596E+006  9.1078334551E+006
  2.1794002349E+006  9.1281667339E+006
  2.1811002429E+006  9.1484896558E+006
  2.1828001964E+006  9.1688189983E+006
  2.1845001264E+006  9.1891549877E+006
  2.1862001591E+006  9.2094990269E+006
  2.1879002988E+006  9.2298515678E+006
  2.1896002258E+006  9.2502086079E+006
  2.1913001906E+006  9.2705730681E+006
  2.1930001793E+006  9.2909447996E+006
  2.1947002348E+006  9.3113243618E+006
  2.1964001685E+006  9.3317095585E+006
  2.1981001727E+006  9.3521029053E+006
  2.1998002685E+006  9.3725049845E+006
  2.2015001371E+006  9.3929269983E+006
  2.2032002336E+006  9.4133456405E+006
  2.2049001780E+006  9.4337709734E+006
  2.2066002204E+006  9.4542058712E+006
  2.2083002447E+006  9.4746496558E+006
  2.2100002798E+006  9.4951026594E+006
  2.2117002434E+006  9.5155640018E+006
  2.2134002863E+006  9.5360355334E+006
  2.2151002184E+006  9.5565149521E+006
  2.2168002457E+006  9.5770046830E+006
  2.2185002756E+006  9.5975035160E+006
  2.2202002623E+006  9.6180107880E+006
  2.2219002048E+006  9.6385263187E+006
  2.2236001808E+006  9.6590508198E+006
  2.2253001439E+006  9.6795960976E+006
  2.2270002940E+006  9.7001393265E+006
  2.2287001849E+006  9.7206875056E+006
  2.2304003174E+006  9.7412463981E+006
  2.2321003170E+006  9.7618113292E+006
  2.2338003067E+006  9.7823836493E+006
  2.2355002609E+006  9.8029629251E+006
  2.2372002217E+006  9.8235495740E+006
  2.2389002528E+006  9.8441442607E+006
  2.2406002239E+006  9.8647455024E+006
  2.2423002436E+006  9.8853548781E+006
  2.2440001660E+006  9.9059709456E+006
  2.2457002291E+006  9.9265963707E+006
  2.2474002418E+006  9.9472295209E+006
  2.2491001922E+006  9.9678702345E+006
  2.2508002166E+006  9.9885202173E+006
  2.2525002331E+006  1.0009178501E+007
  2.2542002233E+006  1.0029856319E+007
  2.2559002222E+006  1.0050531348E+007
  2.2576002551E+006  1.0071214897E+007
  2.2593002555E+006  1.0091906089E+007
  2.2610001518E+006  1.0112603794E+007
  2.2627001773E+006  1.0133310711E+007
  2.2644001860E+006  1.0154024770E+007
  2.2661001898E+006  1.0174745616E+007
  2.2678002575E+006  1.0195474364E+007
  2.2695003041E+006  1.0216209553E+007
  2.2712003047E+006  1.0236950636E+007
  2.2729001796E+006  1.0257696413E+007
  2.2746001959E+006  1.0278449896E+007
  2.2763002045E+006  1.0299209022E+007
  2.2780001438E+006  1.0319972846E+007
  2.2797001390E+006  1.0340742671E+007
  2.2814001223E+006  1.0361517455E+007
  2.2831001549E+006  1.0382297809E+007
  2.2848001247E+006  1.0403081855E+007
  2.2865002385E+006  1.0423872105E+007
  2.2882001934E+006  1.0444664848E+007
  2.2899001592E+006  1.0465472994E+007
  2.2916001708E+006  1.0486274697E+007
  2.2933002591E+006  1.0507080965E+007
  2.2950002234E+006  1.0527889209E+007
  2.2967001656E+006  1.0548700778E+007
  2.2984001957E+006  1.0569517267E+007
  2.3001001906E+006  1.0590337494E+007
  2.3018000720E+006  1.0611160965E+007
  2.3035001433E+006  1.0631990774E+007
  2.3052001950E+006  1.0652824861E+007
  2.3069002197E+006  1.0673663289E+007
  2.3086002125E+006  1.0694505630E+007
  2.3103002377E+006  1.0715352467E+007
  2.3120002346E+006  1.0736202833E+007
  2.3137001758E+006  1.0757056133E+007
  2.3154001490E+006  1.0777913228E+007
  2.3171001751E+006  1.0798774156E+007
  2.3188001470E+006  1.0819637400E+007
  2.3205001419E+006  1.0840503701E+007
  2.3222001094E+006  1.0861372136E+007
  2.3239001116E+006  1.0882243146E+007
  2.3256001834E+006  1.0903116412E+007
  2.3273002383E+006  1.0923991271E+007
  2.3290002480E+006  1.0944866691E+007
  2.3307002139E+006  1.0965742416E+007
  2.3324001729E+006  1.0986618641E+007
  2.3341002022E+006  1.1007496116E+007
  2.3358002021E+006  1.1028373463E+007
  2.3375001499E+006  1.1049250280E+007
  2.3392001574E+006  1.1070127614E+007
  2.3409001920E+006  1.1091004835E+007
  2.3426001234E+006  1.1111880390E+007
  2.3443000978E+006  1.1132755450E+007
  2.3460002265E+006  1.1153642938E+007
  2.3477002221E+006  1.1174515979E+007
  2.3494001509E+006  1.1195386648E+007
  2.3511002388E+006  1.1216258148E+007
  2.3528001844E+006  1.1237127002E+007
  2.3545001234E+006  1.1257995080E+007
  2.3562001734E+006  1.1278863927E+007
  2.3579001902E+006  1.1299731389E+007
  2.3596001685E+006  1.1320597614E+007
  2.3613001623E+006  1.1341462969E+007
  2.3630002711E+006  1.1362327776E+007
  2.3647002304E+006  1.1383188924E+007
  2.3664001517E+006  1.1404047207E+007
  2.3681001353E+006  1.1424903535E+007
  2.3698001722E+006  1.1445757557E+007
  2.3715002196E+006  1.1466608560E+007
  2.3732001994E+006  1.1487455361E+007
  2.3749001230E+006  1.1508297622E+007
  2.3766001906E+006  1.1529137648E+007
  2.3783002710E+006  1.1549973840E+007
  2.3800001608E+006  1.1570803488E+007
  2.3817001946E+006  1.1591630590E+007
  2.3834001589E+006  1.1612452309E+007
  2.3851001880E+006  1.1633270199E+007
  2.3868002124E+006  1.1654083320E+007
  2.3885001331E+006  1.1674890314E+007
  2.3902001576E+006  1.1695693606E+007
  2.3919001154E+006  1.1716490786E+007
  2.3936001749E+006  1.1737283185E+007
  2.3953001864E+006  1.1758068993E+007
  2.3970002199E+006  1.1778848366E+007
  2.3987002313E+006  1.1799620270E+007
  2.4004002168E+006  1.1820384178E+007
  2.4021001875E+006  1.1841139853E+007
  2.4038001715E+006  1.1861887197E+007
  2.4055001532E+006  1.1882625923E+007
  2.4072001435E+006  1.1903368459E+007
  2.4089001787E+006  1.1924090785E+007
  2.4106001516E+006  1.1944801901E+007
  2.4123001532E+006  1.1965503598E+007
  2.4140001454E+006  1.1986195235E+007
  2.4157001668E+006  1.2006877126E+007
  2.4174001600E+006  1.2027548463E+007
  2.4191001329E+006  1.2048209220E+007
  2.4208001843E+006  1.2068860598E+007
  2.4225001209E+006  1.2089500209E+007
  2.4242001902E+006  1.2110130881E+007
  2.4259001660E+006  1.2130749741E+007
  2.4276002303E+006  1.2151358268E+007
  2.4293002239E+006  1.2171954586E+007
  2.4310002590E+006  1.2192539578E+007
  2.4327002200E+006  1.2213111481E+007
  2.4344001871E+006  1.2233682971E+007
  2.4361001719E+006  1.2254231130E+007
  2.4378002140E+006  1.2274766808E+007
  2.4395001204E+006  1.2295288035E+007
  2.4412001383E+006  1.2315797881E+007
  2.4429001338E+006  1.2336294762E+007
  2.4446001716E+006  1.2356779197E+007
  2.4463001525E+006  1.2377250201E+007
  2.4480001884E+006  1.2397708821E+007
  2.4497002568E+006  1.2418154719E+007
  2.4514001567E+006  1.2438585416E+007
  2.4531001466E+006  1.2459003988E+007
  2.4548001974E+006  1.2479410055E+007
  2.4565001848E+006  1.2499813353E+007
  2.4582001353E+006  1.2520191960E+007
  2.4599001927E+006  1.2540557708E+007
  2.4616001799E+006  1.2560908473E+007
  2.4633001495E+006  1.2581244804E+007
  2.4650001948E+006  1.2601568067E+007
  2.4667001580E+006  1.2621876272E+007
  2.4684001307E+006  1.2642170582E+007
  2.4701001319E+006  1.2662451276E+007
  2.4718001598E+006  1.2682718302E+007
  2.4735001081E+006  1.2702970183E+007
  2.4752001639E+006  1.2723208905E+007
  2.4769002031E+006  1.2743442647E+007
  2.4786001339E+006  1.2763650727E+007
  2.4803001530E+006  1.2783844506E+007
  2.4820001352E+006  1.2804022469E+007
  2.4837001883E+006  1.2824185843E+007
  2.4854001311E+006  1.2844332351E+007
  2.4871001983E+006  1.2864465024E+007
  2.4888001384E+006  1.2884580866E+007
  2.4905001172E+006  1.2904681778E+007
  2.4922001403E+006  1.2924767764E+007
  2.4939001916E+006  1.2944838225E+007
  2.4956002433E+006  1.2964893231E+007
  2.4973001934E+006  1.2984931390E+007
  2.4990001466E+006  1.3004963240E+007
  2.5007001582E+006  1.3024971198E+007
  2.5024001835E+006  1.3044963647E+007
  2.5041002023E+006  1.3064940375E+007
  2.5058001111E+006  1.3084900098E+007
  2.5075001426E+006  1.3104845540E+007
  2.5092001411E+006  1.3124774545E+007
  2.5109001735E+006  1.3144688265E+007
  2.5126002376E+006  1.3164586470E+007
  2.5143001486E+006  1.3184467271E+007
  2.5160002042E+006  1.3204334247E+007
  2.5177002112E+006  1.3224185155E+007
  2.5194001663E+006  1.3244019843E+007
  2.5211001158E+006  1.3263838658E+007
  2.5228001800E+006  1.3283651427E+007
  2.5245001841E+006  1.3303438983E+007
  2.5262001670E+006  1.3323209775E+007
  2.5279001666E+006  1.3342964332E+007
  2.5296001874E+006  1.3362702573E+007
  2.5313002115E+006  1.3382424270E+007
  2.5330001656E+006  1.3402128474E+007
  2.5347001561E+006  1.3421816300E+007
  2.5364001235E+006  1.3441486855E+007
  2.5381001361E+006  1.3461140805E+007
  2.5398001489E+006  1.3480777370E+007
  2.5415001707E+006  1.3500396593E+007
  2.5432001412E+006  1.3519997793E+007
  2.5449001518E+006  1.3539581824E+007
  2.5466002052E+006  1.3559148596E+007
  2.5483001958E+006  1.3578696497E+007
  2.5500002092E+006  1.3598226502E+007
  2.5517001844E+006  1.3617745621E+007
  2.5534001692E+006  1.3637239217E+007
  2.5551001209E+006  1.3656713446E+007
  2.5568002247E+006  1.3676170689E+007
  2.5585001399E+006  1.3695607176E+007
  2.5602001491E+006  1.3715025956E+007
  2.5619001193E+006  1.3734425300E+007
  2.5636001536E+006  1.3753806194E+007
  2.5653001551E+006  1.3773167406E+007
  2.5670000978E+006  1.3792508289E+007
  2.5687000987E+006  1.3811830326E+007
  2.5704001201E+006  1.3831132796E+007
  2.5721002047E+006  1.3850416356E+007
  2.5738002055E+006  1.3869679170E+007
  2.5755002280E+006  1.3888922186E+007
  2.5772001112E+006  1.3908143362E+007
  2.5789001839E+006  1.3927345983E+007
  2.5806001771E+006  1.3946526911E+007
  2.5823001405E+006  1.3965686538E+007
  2.5840001253E+006  1.3984825302E+007
  2.5857001819E+006  1.4003943542E+007
  2.5874001495E+006  1.4023039673E+007
  2.5891001921E+006  1.4042115166E+007
  2.5908002166E+006  1.4061168838E+007
  2.5925001093E+006  1.4080199196E+007
  2.5942001936E+006  1.4099209501E+007
  2.5959001345E+006  1.4118196061E+007
  2.5976001148E+006  1.4137168685E+007
  2.5993001229E+006  1.4156114011E+007
  2.6010001496E+006  1.4175036083E+007
  2.6027001343E+006  1.4193935283E+007
  2.6044001804E+006  1.4212812441E+007
  2.6061001028E+006  1.4231665335E+007
  2.6078001570E+006  1.4250496546E+007
  2.6095001356E+006  1.4269303750E+007
  2.6112001038E+006  1.4288087564E+007
  2.6129001251E+006  1.4306848633E+007
  2.6146001634E+006  1.4325586253E+007
  2.6163002023E+006  1.4344300299E+007
  2.6180002024E+006  1.4362990126E+007
  2.6197002035E+006  1.4381655947E+007
  2.6214001686E+006  1.4400297187E+007
  2.6231001387E+006  1.4418914222E+007
  2.6248000997E+006  1.4437506877E+007
  2.6265000864E+006  1.4456075569E+007
  2.6282001401E+006  1.4474620748E+007
  2.6299001281E+006  1.4493140704E+007
  2.6316001184E+006  1.4511636441E+007
  2.6333001438E+006  1.4530108075E+007
  2.6350001930E+006  1.4548555406E+007
  2.6367001516E+006  1.4566977156E+007
  2.6384001681E+006  1.4585374966E+007
  2.6401001634E+006  1.4603748036E+007
  2.6418000884E+006  1.4622096818E+007
  2.6435001387E+006  1.4640423561E+007
  2.6452001548E+006  1.4658725583E+007
  2.6469001168E+006  1.4677002515E+007
  2.6486001326E+006  1.4695255440E+007
  2.6503001189E+006  1.4713483419E+007
  2.6520001183E+006  1.4731686946E+007
  2.6537001050E+006  1.4749865779E+007
  2.6554000836E+006  1.4768020049E+007
  2.6571001231E+006  1.4786150391E+007
  2.6588001683E+006  1.4804256406E+007
  2.6605001559E+006  1.4822337296E+007
  2.6622001211E+006  1.4840393378E+007
  2.6639001447E+006  1.4858425530E+007
  2.6656001149E+006  1.4876432391E+007
  2.6673001329E+006  1.4894415299E+007
  2.6690000980E+006  1.4912373215E+007
  2.6707001633E+006  1.4930307688E+007
  2.6724001867E+006  1.4948217187E+007
  2.6741001330E+006  1.4966103772E+007
  2.6758001646E+006  1.4983967101E+007
  2.6775001367E+006  1.5001805249E+007
  2.6792001339E+006  1.5019619198E+007
  2.6809000881E+006  1.5037408400E+007
  2.6826001347E+006  1.5055174428E+007
  2.6843001287E+006  1.5072915785E+007
  2.6860001665E+006  1.5090633681E+007
  2.6877001600E+006  1.5108327320E+007
  2.6894001762E+006  1.5125997313E+007
  2.6911001149E+006  1.5143642743E+007
  2.6928001334E+006  1.5161265317E+007
  2.6945000995E+006  1.5178863803E+007
  2.6962000809E+006  1.5196438953E+007
  2.6979000935E+006  1.5213990885E+007
  2.6996001073E+006  1.5231519534E+007
  2.7013001140E+006  1.5249027702E+007
  2.7030001145E+006  1.5266512335E+007
  2.7047001221E+006  1.5283973569E+007
  2.7064001341E+006  1.5301411478E+007
  2.7081001052E+006  1.5318825732E+007
  2.7098000964E+006  1.5336217061E+007
  2.7115001232E+006  1.5353585499E+007
  2.7132001241E+006  1.5370930659E+007
  2.7149001407E+006  1.5388252868E+007
  2.7166001578E+006  1.5405551875E+007
  2.7183001060E+006  1.5422827041E+007
  2.7200000981E+006  1.5440079377E+007
  2.7217001288E+006  1.5457309004E+007
  2.7234001122E+006  1.5474515017E+007
  2.7251001646E+006  1.5491698369E+007
  2.7268001690E+006  1.5508861062E+007
  2.7285001616E+006  1.5526000667E+007
  2.7302001814E+006  1.5543117289E+007
  2.7319001247E+006  1.5560209977E+007
  2.7336001254E+006  1.5577280230E+007
  2.7353001365E+006  1.5594327721E+007
  2.7370001200E+006  1.5611352074E+007
  2.7387001259E+006  1.5628353894E+007
  2.7404000957E+006  1.5645332722E+007
  2.7421001263E+006  1.5662289491E+007
  2.7438000992E+006  1.5679223063E+007
  2.7455001147E+006  1.5696134493E+007
  2.7472000806E+006  1.5713022925E+007
  2.7489001014E+006  1.5729889410E+007
  2.7506001226E+006  1.5746733204E+007
  2.7523001323E+006  1.5763554392E+007
  2.7540001784E+006  1.5780353368E+007
  2.7557001036E+006  1.5797131100E+007
  2.7574001452E+006  1.5813887711E+007
  2.7591000797E+006  1.5830620924E+007
  2.7608001309E+006  1.5847333032E+007
  2.7625001182E+006  1.5864022226E+007
  2.7642001678E+006  1.5880689890E+007
  2.7659001533E+006  1.5897334850E+007
  2.7676001186E+006  1.5913957562E+007
  2.7693001686E+006  1.5930559142E+007
  2.7710001043E+006  1.5947149571E+007
  2.7727000921E+006  1.5963708197E+007
  2.7744000763E+006  1.5980244727E+007
  2.7761001457E+006  1.5996760038E+007
  2.7778001263E+006  1.6013252831E+007
  2.7795001399E+006  1.6029724310E+007
  2.7812001200E+006  1.6046174044E+007
  2.7829001346E+006  1.6062602957E+007
  2.7846000758E+006  1.6079010275E+007
  2.7863000691E+006  1.6095397414E+007
  2.7880001352E+006  1.6111764627E+007
  2.7897001249E+006  1.6128110897E+007
  2.7914001234E+006  1.6144437170E+007
  2.7931001626E+006  1.6160744002E+007
  2.7948000832E+006  1.6177030120E+007
  2.7965001104E+006  1.6193310563E+007
  2.7982000932E+006  1.6209560234E+007
  2.7999001268E+006  1.6225790673E+007
  2.8016000927E+006  1.6242001920E+007
  2.8033001407E+006  1.6258195340E+007
  2.8050001294E+006  1.6274369281E+007
  2.8067000908E+006  1.6290524317E+007
  2.8084001217E+006  1.6306661615E+007
  2.8101001176E+006  1.6322780379E+007
  2.8118000727E+006  1.6338880663E+007
  2.8135001155E+006  1.6354963816E+007
  2.8152000997E+006  1.6371028810E+007
  2.8169001173E+006  1.6387076694E+007
  2.8186000959E+006  1.6403107050E+007
  2.8203001067E+006  1.6419133508E+007
  2.8220000897E+006  1.6435131788E+007
  2.8237001368E+006  1.6451113318E+007
  2.8254001521E+006  1.6467077748E+007
  2.8271001635E+006  1.6483025492E+007
  2.8288001234E+006  1.6498956392E+007
  2.8305001049E+006  1.6514871497E+007
  2.8322000921E+006  1.6530771012E+007
  2.8339000944E+006  1.6546655334E+007
  2.8356001236E+006  1.6562524708E+007
  2.8373001122E+006  1.6578379032E+007
  2.8390001147E+006  1.6594219126E+007
  2.8407000844E+006  1.6610045000E+007
  2.8424000730E+006  1.6625857578E+007
  2.8441000879E+006  1.6641669942E+007
  2.8458000719E+006  1.6657457591E+007
  2.8475001313E+006  1.6673232601E+007
  2.8492001411E+006  1.6688994232E+007
  2.8509001004E+006  1.6704742670E+007
  2.8526001100E+006  1.6720479186E+007
  2.8543001221E+006  1.6736203628E+007
  2.8560000685E+006  1.6751915554E+007
  2.8577001367E+006  1.6767616711E+007
  2.8594001367E+006  1.6783305693E+007
  2.8611000777E+006  1.6798982848E+007
  2.8628001251E+006  1.6814649874E+007
  2.8645001016E+006  1.6830305751E+007
  2.8662000781E+006  1.6845951399E+007
  2.8679000794E+006  1.6861599516E+007
  2.8696000820E+006  1.6877226429E+007
  2.8713001227E+006  1.6892843413E+007
  2.8730000976E+006  1.6908449863E+007
  2.8747000782E+006  1.6924046801E+007
  2.8764000894E+006  1.6939634805E+007
  2.8781000963E+006  1.6955213796E+007
  2.8798001308E+006  1.6970784106E+007
  2.8815000877E+006  1.6986345206E+007
  2.8832001200E+006  1.7001898806E+007
  2.8849000840E+006  1.7017444134E+007
  2.8866000630E+006  1.7032982572E+007
  2.8883000788E+006  1.7048514773E+007
  2.8900000797E+006  1.7064040451E+007
  2.8917001318E+006  1.7079560519E+007
  2.8934001002E+006  1.7095086244E+007
  2.8951000783E+006  1.7110595435E+007
  2.8968000726E+006  1.7126099434E+007
  2.8985000691E+006  1.7141598690E+007
  2.9002000915E+006  1.7157093467E+007
  2.9019001140E+006  1.7172583627E+007
  2.9036000950E+006  1.7188068926E+007
  2.9053001037E+006  1.7203550363E+007
  2.9070001254E+006  1.7219028454E+007
  2.9087001057E+006  1.7234503392E+007
  2.9104000750E+006  1.7249975694E+007
  2.9121001214E+006  1.7265446522E+007
  2.9138001044E+006  1.7280915074E+007
  2.9155000733E+006  1.7296382396E+007
  2.9172001143E+006  1.7311850103E+007
  2.9189000752E+006  1.7327317499E+007
  2.9206000870E+006  1.7342798751E+007
  2.9223000779E+006  1.7358269310E+007
  2.9240000985E+006  1.7373741618E+007
  2.9257000711E+006  1.7389215838E+007
  2.9274000923E+006  1.7404693864E+007
  2.9291000823E+006  1.7420175873E+007
  2.9308001002E+006  1.7435663015E+007
  2.9325000676E+006  1.7451155557E+007
  2.9342001127E+006  1.7466655711E+007
  2.9359000653E+006  1.7482163364E+007
  2.9376000532E+006  1.7497681152E+007
  2.9393001063E+006  1.7513210432E+007
  2.9410000680E+006  1.7528750994E+007
  2.9427000764E+006  1.7544305294E+007
  2.9444000820E+006  1.7559874499E+007
  2.9461000840E+006  1.7575472727E+007
  2.9478000633E+006  1.7591077352E+007
  2.9495000970E+006  1.7606701843E+007
  2.9512000673E+006  1.7622346638E+007
  2.9529000762E+006  1.7638014629E+007
  2.9546000656E+006  1.7653707462E+007
  2.9563000585E+006  1.7669428304E+007
  2.9580000748E+006  1.7685180868E+007
  2.9597000982E+006  1.7700964177E+007
  2.9614000718E+006  1.7716779820E+007
  2.9631000990E+006  1.7732630547E+007
  2.9648001092E+006  1.7748517002E+007
  2.9665001014E+006  1.7764451170E+007
  2.9682000680E+006  1.7780411710E+007
  2.9699000581E+006  1.7796409813E+007
  2.9716000755E+006  1.7812444822E+007
  2.9733000767E+006  1.7828514898E+007
  2.9750001171E+006  1.7844618462E+007
  2.9767000954E+006  1.7860752418E+007
  2.9784000801E+006  1.7876914812E+007
  2.9801000814E+006  1.7893102820E+007
  2.9818001221E+006  1.7909314411E+007
  2.9835001219E+006  1.7925550591E+007
  2.9852001059E+006  1.7941790034E+007
  2.9869000693E+006  1.7958036517E+007
  2.9886000734E+006  1.7974286772E+007
  2.9903000838E+006  1.7990535850E+007
  2.9920000730E+006  1.8006778666E+007
  2.9937001241E+006  1.8023011966E+007
  2.9954001202E+006  1.8039231204E+007
  2.9971000859E+006  1.8055434119E+007
  2.9988000913E+006  1.8071619834E+007
  3.0005000912E+006  1.8087788034E+007
  3.0022000997E+006  1.8103933514E+007
  3.0039000934E+006  1.8120053823E+007
  3.0056000862E+006  1.8136147588E+007
  3.0073001110E+006  1.8152214604E+007
  3.0090000715E+006  1.8168254056E+007
  3.0107000862E+006  1.8184266958E+007
  3.0124001045E+006  1.8200252295E+007
  3.0141000953E+006  1.8216209449E+007
  3.0158001028E+006  1.8232138896E+007
  3.0175000918E+006  1.8248042006E+007
  3.0192000808E+006  1.8263925731E+007
  3.0209000483E+006  1.8279783616E+007
  3.0226000689E+006  1.8295616071E+007
  3.0243001314E+006  1.8311423031E+007
  3.0260001283E+006  1.8327203826E+007
  3.0277000679E+006  1.8342959388E+007
  3.0294001051E+006  1.8358691691E+007
  3.0311000667E+006  1.8374399053E+007
  3.0328001062E+006  1.8390086320E+007
  3.0345000908E+006  1.8405752491E+007
  3.0362001174E+006  1.8421384866E+007
  3.0379000642E+006  1.8437000075E+007
  3.0396000866E+006  1.8452594689E+007
  3.0413001078E+006  1.8468166216E+007
  3.0430000982E+006  1.8483714218E+007
  3.0447000828E+006  1.8499239257E+007
  3.0464001209E+006  1.8514743248E+007
  3.0481001063E+006  1.8530233071E+007
  3.0498000693E+006  1.8545701272E+007
  3.0515000921E+006  1.8561148263E+007
  3.0532000839E+006  1.8576573228E+007
  3.0549000932E+006  1.8591976849E+007
  3.0566000865E+006  1.8607359358E+007
  3.0583000755E+006  1.8622720980E+007
  3.0600000633E+006  1.8638061380E+007
  3.0617000878E+006  1.8653386472E+007
  3.0634001221E+006  1.8668692597E+007
  3.0651000749E+006  1.8683976847E+007
  3.0668000932E+006  1.8699240931E+007
  3.0685000757E+006  1.8714483827E+007
  3.0702001081E+006  1.8729706000E+007
  3.0719000795E+006  1.8744906581E+007
  3.0736001149E+006  1.8760087126E+007
  3.0753001125E+006  1.8775252151E+007
  3.0770000751E+006  1.8790400973E+007
  3.0787000754E+006  1.8805529864E+007
  3.0804000865E+006  1.8820638314E+007
  3.0821000728E+006  1.8835726389E+007
  3.0838000960E+006  1.8850795103E+007
  3.0855000699E+006  1.8865843811E+007
  3.0872000667E+006  1.8880872575E+007
  3.0889000716E+006  1.8895882280E+007
  3.0906001009E+006  1.8910879021E+007
  3.0923000775E+006  1.8925855561E+007
  3.0940001030E+006  1.8940813129E+007
  3.0957000585E+006  1.8955750234E+007
  3.0974000572E+006  1.8970667483E+007
  3.0991001150E+006  1.8985565209E+007
  3.1008000599E+006  1.9000442894E+007
  3.1025000642E+006  1.9015302770E+007
  3.1042000751E+006  1.9030146590E+007
  3.1059000519E+006  1.9044976380E+007
  3.1076000890E+006  1.9059787621E+007
  3.1093000901E+006  1.9074580302E+007
  3.1110000788E+006  1.9089355278E+007
  3.1127000911E+006  1.9104112611E+007
  3.1144000752E+006  1.9118850782E+007
  3.1161001032E+006  1.9133569907E+007
  3.1178000695E+006  1.9148269579E+007
  3.1195000900E+006  1.9162951490E+007
  3.1212000594E+006  1.9177615534E+007
  3.1229000673E+006  1.9192266661E+007
  3.1246000419E+006  1.9206896905E+007
  3.1263001054E+006  1.9221507710E+007
  3.1280000791E+006  1.9236098759E+007
  3.1297000972E+006  1.9250671555E+007
  3.1314000554E+006  1.9265224283E+007
  3.1331000761E+006  1.9279757371E+007
  3.1348000809E+006  1.9294270703E+007
  3.1365000957E+006  1.9308765898E+007
  3.1382000672E+006  1.9323243146E+007
  3.1399000588E+006  1.9337701990E+007
  3.1416000508E+006  1.9352142494E+007
  3.1433001043E+006  1.9366568187E+007
  3.1450000935E+006  1.9380974752E+007
  3.1467000944E+006  1.9395375926E+007
  3.1484000956E+006  1.9409747368E+007
  3.1501000515E+006  1.9424096584E+007
  3.1518000743E+006  1.9438425514E+007
  3.1535000619E+006  1.9452735248E+007
  3.1552000870E+006  1.9467027602E+007
  3.1569000799E+006  1.9481301257E+007
  3.1586000648E+006  1.9495555321E+007
  3.1603000871E+006  1.9509791074E+007
  3.1620000948E+006  1.9524010389E+007
  3.1637000777E+006  1.9538214579E+007
  3.1654000673E+006  1.9552402801E+007
  3.1671000779E+006  1.9566573605E+007
  3.1688000718E+006  1.9580727049E+007
  3.1705000903E+006  1.9594865450E+007
  3.1722000858E+006  1.9608990646E+007
  3.1739000593E+006  1.9623114463E+007
  3.1756000742E+006  1.9637211897E+007
  3.1773000565E+006  1.9651288162E+007
  3.1790000682E+006  1.9665347422E+007
  3.1807000808E+006  1.9679390404E+007
  3.1824000787E+006  1.9693415242E+007
  3.1841000567E+006  1.9707420267E+007
  3.1858000520E+006  1.9721407028E+007
  3.1875000929E+006  1.9735378583E+007
  3.1892000510E+006  1.9749335134E+007
  3.1909000435E+006  1.9763275946E+007
  3.1926000389E+006  1.9777199456E+007
  3.1943000754E+006  1.9791107471E+007
  3.1960000761E+006  1.9805001880E+007
  3.1977000773E+006  1.9818883005E+007
  3.1994000425E+006  1.9832762185E+007
  3.2011000519E+006  1.9846613480E+007
  3.2028000523E+006  1.9860446100E+007
  3.2045000547E+006  1.9874264155E+007
  3.2062000869E+006  1.9888067836E+007
  3.2079000678E+006  1.9901854105E+007
  3.2096000380E+006  1.9915623299E+007
  3.2113000614E+006  1.9929378537E+007
  3.2130000591E+006  1.9943121857E+007
  3.2147000574E+006  1.9956852772E+007
  3.2164000400E+006  1.9970568991E+007
  3.2181000681E+006  1.9984271798E+007
  3.2198000502E+006  1.9997963455E+007
  3.2215000554E+006  2.0011646191E+007
  3.2232000713E+006  2.0025317769E+007
  3.2249000525E+006  2.0038993099E+007
  3.2266000580E+006  2.0052642203E+007
  3.2283000547E+006  2.0066281170E+007
  3.2300000534E+006  2.0079910721E+007
  3.2317000393E+006  2.0093525353E+007
  3.2334000402E+006  2.0107124188E+007
  3.2351000506E+006  2.0120709788E+007
  3.2368000507E+006  2.0134284409E+007
  3.2385000500E+006  2.0147846340E+007
  3.2402000506E+006  2.0161392727E+007
  3.2419000566E+006  2.0174925292E+007
  3.2436000874E+006  2.0188448188E+007
  3.2453000542E+006  2.0201961951E+007
  3.2470000482E+006  2.0215464110E+007
  3.2487000479E+006  2.0228953197E+007
  3.2504000522E+006  2.0242432104E+007
  3.2521000791E+006  2.0255919377E+007
  3.2538000631E+006  2.0269386998E+007
  3.2555000448E+006  2.0282836558E+007
  3.2572000607E+006  2.0296272593E+007
  3.2589000866E+006  2.0309698576E+007
  3.2606000452E+006  2.0323115292E+007
  3.2623000632E+006  2.0336520457E+007
  3.2640000373E+006  2.0349911881E+007
  3.2657000796E+006  2.0363293800E+007
  3.2674000714E+006  2.0376668688E+007
  3.2691000442E+006  2.0390035438E+007
  3.2708000680E+006  2.0403391358E+007
  3.2725000546E+006  2.0416737643E+007
  3.2742000800E+006  2.0430079067E+007
  3.2759000531E+006  2.0443415575E+007
  3.2776000619E+006  2.0456743615E+007
  3.2793000530E+006  2.0470061912E+007
  3.2810000652E+006  2.0483374365E+007
  3.2827000784E+006  2.0496701852E+007
  3.2844000448E+006  2.0510006251E+007
  3.2861000628E+006  2.0523296127E+007
  3.2878000596E+006  2.0536575695E+007
  3.2895000773E+006  2.0549849061E+007
  3.2912000694E+006  2.0563117808E+007
  3.2929000512E+006  2.0576373461E+007
  3.2946000698E+006  2.0589618196E+007
  3.2963000616E+006  2.0602856985E+007
  3.2980000687E+006  2.0616090986E+007
  3.2997000598E+006  2.0629314376E+007
  3.3014000515E+006  2.0642526730E+007
  3.3031000597E+006  2.0655733682E+007
  3.3048000586E+006  2.0668937543E+007
  3.3065000544E+006  2.0682129284E+007
  3.3082000387E+006  2.0695313364E+007
  3.3099000593E+006  2.0708490144E+007
  3.3116000706E+006  2.0721663206E+007
  3.3133000667E+006  2.0734828641E+007
  3.3150000374E+006  2.0747982246E+007
  3.3167000634E+006  2.0761129336E+007
  3.3184000722E+006  2.0774274293E+007
  3.3201000460E+006  2.0787414120E+007
  3.3218000344E+006  2.0800563597E+007
  3.3235000656E+006  2.0813693153E+007
  3.3252000526E+006  2.0826817112E+007
  3.3269000522E+006  2.0839938381E+007
  3.3286000575E+006  2.0853052864E+007
  3.3303000492E+006  2.0866161889E+007
  3.3320000705E+006  2.0879271439E+007
  3.3337000374E+006  2.0892379714E+007
  3.3354000558E+006  2.0905478730E+007
  3.3371000371E+006  2.0918569168E+007
  3.3388000556E+006  2.0931658849E+007
  3.3405000688E+006  2.0944746789E+007
  3.3422000439E+006  2.0957823285E+007
  3.3439000375E+006  2.0970889965E+007
  3.3456000621E+006  2.0983955678E+007
  3.3473000398E+006  2.0997020107E+007
  3.3490000607E+006  2.1010073932E+007
  3.3507000274E+006  2.1023117106E+007
  3.3524000486E+006  2.1036159978E+007
  3.3541000681E+006  2.1049209031E+007
  3.3558000354E+006  2.1062246033E+007
  3.3575000372E+006  2.1075272448E+007
  3.3592000358E+006  2.1088297847E+007
  3.3609000506E+006  2.1101321495E+007
  3.3626000540E+006  2.1114330955E+007
  3.3643000264E+006  2.1127327232E+007
  3.3660000688E+006  2.1140327233E+007
  3.3677000349E+006  2.1153327435E+007
  3.3694000334E+006  2.1166315721E+007
  3.3711000284E+006  2.1179295722E+007
  3.3728000472E+006  2.1192280026E+007
  3.3745000507E+006  2.1205267379E+007
  3.3762000496E+006  2.1218248613E+007
  3.3779000329E+006  2.1231225505E+007
  3.3796000606E+006  2.1244211419E+007
  3.3813000368E+006  2.1257199009E+007
  3.3830000498E+006  2.1270174736E+007
  3.3847000492E+006  2.1283148156E+007
  3.3864000591E+006  2.1296130695E+007
  3.3881000560E+006  2.1309110453E+007
  3.3898000291E+006  2.1322074402E+007
  3.3915000351E+006  2.1335064326E+007
  3.3932000365E+006  2.1348048732E+007
  3.3949000597E+006  2.1361017347E+007
  3.3966000337E+006  2.1373967362E+007
  3.3983000578E+006  2.1386920309E+007
  3.4000000530E+006  2.1399879851E+007
  3.4017000462E+006  2.1412824925E+007
  3.4034000282E+006  2.1425758489E+007
  3.4051000486E+006  2.1438702250E+007
  3.4068000504E+006  2.1451651590E+007
  3.4085000343E+006  2.1464590960E+007
  3.4102000346E+006  2.1477526030E+007
  3.4119000344E+006  2.1490472933E+007
  3.4136000567E+006  2.1503411611E+007
  3.4153000493E+006  2.1516323404E+007
  3.4170000483E+006  2.1529235583E+007
  3.4187000381E+006  2.1542156430E+007
  3.4204000498E+006  2.1555060632E+007
  3.4221000291E+006  2.1567955467E+007
  3.4238000450E+006  2.1580862993E+007
  3.4255000441E+006  2.1593773963E+007
  3.4272000330E+006  2.1606660766E+007
  3.4289000334E+006  2.1619544902E+007
  3.4306000366E+006  2.1632448547E+007
  3.4323000528E+006  2.1645347141E+007
  3.4340000450E+006  2.1658227828E+007
  3.4357000443E+006  2.1671128505E+007
  3.4374000552E+006  2.1684055290E+007
  3.4391000425E+006  2.1696962450E+007
  3.4408000317E+006  2.1709862833E+007
  3.4425000294E+006  2.1722791611E+007
  3.4442000462E+006  2.1735718660E+007
  3.4459000303E+006  2.1748615970E+007
  3.4476000363E+006  2.1761525575E+007
  3.4493000277E+006  2.1774456872E+007
  3.4510000441E+006  2.1787357476E+007
  3.4527000265E+006  2.1800241654E+007
  3.4544000367E+006  2.1813147313E+007
  3.4561000357E+006  2.1826043932E+007
  3.4578000400E+006  2.1838905556E+007
  3.4595000327E+006  2.1851789343E+007
  3.4612000426E+006  2.1864694628E+007
  3.4629000363E+006  2.1877564511E+007
  3.4646000189E+006  2.1890423864E+007
  3.4663000383E+006  2.1903313210E+007
  3.4680000414E+006  2.1916183749E+007
  3.4697000262E+006  2.1929014508E+007
  3.4714000475E+006  2.1941869736E+007
  3.4731000272E+006  2.1954726669E+007
  3.4748000255E+006  2.1967528606E+007
  3.4765000265E+006  2.1980306484E+007
  3.4782000379E+006  2.1993132753E+007
  3.4799000363E+006  2.2005928500E+007
  3.4816000193E+006  2.2018702203E+007
  3.4833000299E+006  2.2031527350E+007
  3.4850000328E+006  2.2044347448E+007
  3.4867000218E+006  2.2057125876E+007
  3.4884000442E+006  2.2069936888E+007
  3.4901000372E+006  2.2082769137E+007
  3.4918000393E+006  2.2095552814E+007
  3.4935000260E+006  2.2108350805E+007
  3.4952000262E+006  2.2121206344E+007
  3.4969000397E+006  2.2134016571E+007
  3.4986000308E+006  2.2146811422E+007
  3.5003000448E+006  2.2159653175E+007
  3.5020000399E+006  2.2172456499E+007
  3.5037000214E+006  2.2185208070E+007
  3.5054000252E+006  2.2198005537E+007
  3.5071000329E+006  2.2210784845E+007
  3.5088000297E+006  2.2223494064E+007
  3.5105000288E+006  2.2236232572E+007
  3.5122000287E+006  2.2248982713E+007
  3.5139000225E+006  2.2261658020E+007
  3.5156000363E+006  2.2274357914E+007
  3.5173000432E+006  2.2287099379E+007
  3.5190000238E+006  2.2299758221E+007
  3.5207000380E+006  2.2312417977E+007
  3.5224000265E+006  2.2325112104E+007
  3.5241000243E+006  2.2337748952E+007
  3.5258000159E+006  2.2350335361E+007
  3.5275000301E+006  2.2362957137E+007
  3.5292000363E+006  2.2375495951E+007
  3.5309000182E+006  2.2388001051E+007
  3.5326000403E+006  2.2400561971E+007
